Wave-Number (cm-1)	u(Wave-Number) (cm-1)	Absorbance	u(Absorbance)
0.041249609	6.44522E-05	0.001138826	0.000855735
0.041315399	6.4547E-05	0.002373424	0.000855782
0.041381186	6.46418E-05	0.001436731	0.000855865
0.041446977	6.47367E-05	-0.000986918	0.000856019
0.041512764	6.48315E-05	0.000832115	0.000856109
0.041578554	6.49264E-05	0.001407818	0.000855939
0.041644341	6.50213E-05	-0.000339089	0.000855304
0.041710132	6.51162E-05	-0.000716031	0.00085556
0.041775919	6.52111E-05	0.000284557	0.000855487
0.041841709	6.5306E-05	0.001688682	0.000855032
0.041907496	6.54009E-05	0.00181173	0.000854893
0.041973287	6.54958E-05	6.71868E-05	0.00085569
0.042039074	6.55908E-05	-0.000111929	0.000855315
0.042104864	6.56857E-05	4.55292E-05	0.000855925
0.042170652	6.57807E-05	-0.001317226	0.000855142
0.042236442	6.58757E-05	-0.001650072	0.000854928
0.042302229	6.59707E-05	0.000342506	0.000855338
0.04236802	6.60657E-05	0.000765654	0.000855382
0.042433807	6.61607E-05	0.000532496	0.000854548
0.042499597	6.62557E-05	0.000242726	0.00085458
0.042565384	6.63507E-05	-0.001145975	0.000855356
0.042631175	6.64458E-05	0.001341862	0.00085455
0.042696962	6.65408E-05	-0.001584966	0.000854939
0.042762752	6.66359E-05	-0.002680882	0.000854254
0.042828543	6.6731E-05	0.000409432	0.000854687
0.04289433	6.68261E-05	-0.00039472	0.000854792
0.04296012	6.69212E-05	-0.003550722	0.000854296
0.043025907	6.70163E-05	-0.00231052	0.000854607
0.043091698	6.71114E-05	-0.001154871	0.000854427
0.043157485	6.72065E-05	-0.000824436	0.000854588
0.043223275	6.73016E-05	-0.000278944	0.000854493
0.043289063	6.73968E-05	0.000762027	0.000854613
0.043354853	6.7492E-05	-0.000182293	0.000854483
0.04342064	6.75871E-05	-5.18927E-05	0.000854504
0.04348643	6.76823E-05	-0.001012748	0.000854716
0.043552218	6.77775E-05	-0.000684443	0.000854823
0.043618008	6.78727E-05	0.000652993	0.000854357
0.043683795	6.79679E-05	0.002156844	0.00085466
0.043749586	6.80631E-05	0.000235302	0.00085442
0.043815373	6.81583E-05	-0.000542035	0.000854397
0.043881163	6.82536E-05	0.003505492	0.000854408
0.04394695	6.83488E-05	0.003941563	0.000854058
0.044012741	6.84441E-05	0.00161066	0.000854754
0.044078528	6.85394E-05	0.00261935	0.000854842
0.044144318	6.86346E-05	0.002789151	0.000854342
0.044210106	6.87299E-05	0.002695191	0.000855067
0.044275896	6.88252E-05	0.002721294	0.000854278
0.044341683	6.89205E-05	0.000617592	0.000854986
0.044407474	6.90159E-05	0.004385608	0.000853868
0.044473264	6.91112E-05	0.004723631	0.000854136
0.044539051	6.92065E-05	0.004286196	0.000853825
0.044604841	6.93019E-05	0.002436561	0.000853755
0.044670629	6.93972E-05	0.004201842	0.000853442
0.044736419	6.94926E-05	0.003964792	0.000853877
0.044802206	6.9588E-05	0.001681766	0.00085421
0.044867997	6.96833E-05	0.005455149	0.000853862
0.044933784	6.97787E-05	0.004726328	0.000854189
0.044999574	6.98741E-05	0.004530104	0.000854156
0.045065361	6.99696E-05	0.00253576	0.000853798
0.045131152	7.0065E-05	0.002909108	0.00085349
0.045196939	7.01604E-05	0.004132308	0.000853984
0.045262729	7.02558E-05	0.004698836	0.000853657
0.045328517	7.03513E-05	0.001797578	0.000853253
0.045394307	7.04467E-05	0.002123607	0.000853307
0.045460094	7.05422E-05	0.002050622	0.000853136
0.045525884	7.06377E-05	0.002371489	0.000853084
0.045591672	7.07332E-05	0.000366705	0.000853068
0.045657462	7.08287E-05	0.00150549	0.00085323
0.045723249	7.09242E-05	0.003657816	0.000852929
0.04578904	7.10197E-05	0.002347917	0.000853265
0.045854827	7.11152E-05	0.000364293	0.000853015
0.045920617	7.12107E-05	0.001159501	0.000852751
0.045986404	7.13063E-05	0.002687161	0.000852926
0.046052195	7.14018E-05	-0.000433561	0.000852514
0.046117985	7.14974E-05	-0.000382932	0.000852917
0.046183772	7.15929E-05	0.001059403	0.000853367
0.046249563	7.16885E-05	0.004053801	0.000852442
0.04631535	7.17841E-05	0.000445094	0.000851975
0.04638114	7.18797E-05	9.56064E-05	0.000851391
0.046446927	7.19753E-05	0.000211916	0.000852515
0.046512718	7.20709E-05	0.000358629	0.000852197
0.046578505	7.21665E-05	0.001197996	0.000851521
0.046644295	7.22621E-05	-0.000339656	0.00085245
0.046710083	7.23577E-05	0.000960423	0.000851955
0.046775873	7.24534E-05	0.002416085	0.000852012
0.04684166	7.2549E-05	0.000534824	0.000852516
0.046907451	7.26447E-05	-0.000135384	0.000851274
0.046973238	7.27403E-05	0.001669277	0.000851258
0.047039028	7.2836E-05	0.003059622	0.000851961
0.047104815	7.29317E-05	0.001039233	0.000851574
0.047170606	7.30274E-05	0.000677908	0.000851435
0.047236393	7.31231E-05	0.002788563	0.000851706
0.047302183	7.32188E-05	0.002895214	0.000851251
0.04736797	7.33145E-05	0.002876941	0.000850881
0.047433761	7.34102E-05	0.000787958	0.000851033
0.047499548	7.35059E-05	0.004356981	0.000851415
0.047565338	7.36017E-05	0.005809336	0.000851369
0.047631126	7.36974E-05	0.002629662	0.000851102
0.047696916	7.37932E-05	0.001237809	0.000851003
0.047762706	7.38889E-05	0.003491273	0.000850904
0.047828494	7.39847E-05	0.002897627	0.000850648
0.047894284	7.40805E-05	0.000739424	0.000850684
0.047960071	7.41762E-05	0.00394063	0.000850219
0.048025861	7.4272E-05	0.004150608	0.000851171
0.048091649	7.43678E-05	0.003256777	0.000850734
0.048157439	7.44636E-05	0.003368999	0.000851041
0.048223226	7.45594E-05	0.002941682	0.000850237
0.048289017	7.46553E-05	0.004083492	0.000849523
0.048354804	7.47511E-05	0.004043769	0.000849986
0.048420594	7.48469E-05	0.002387882	0.000849519
0.048486381	7.49428E-05	0.002007314	0.000849286
0.048552172	7.50386E-05	0.002093846	0.000849663
0.048617959	7.51345E-05	0.003419299	0.00084937
0.048683749	7.52303E-05	0.001829349	0.000848318
0.048749537	7.53262E-05	0.001691772	0.000849063
0.048815327	7.54221E-05	0.002041592	0.000849099
0.048881114	7.5518E-05	0.001811501	0.000848656
0.048946905	7.56139E-05	0.000564188	0.000848898
0.049012692	7.57098E-05	-6.01275E-05	0.000848071
0.049078482	7.58057E-05	0.000596284	0.000848009
0.049144269	7.59016E-05	2.31736E-05	0.000847744
0.04921006	7.59975E-05	-0.000411258	0.000847928
0.049275847	7.60935E-05	-0.002885345	0.000847862
0.049341637	7.61894E-05	0.001227419	0.000847964
0.049407428	7.62853E-05	0.000219523	0.000847883
0.049473215	7.63813E-05	-0.002167738	0.000847002
0.049539005	7.64773E-05	-0.000995219	0.000847726
0.049604792	7.65732E-05	0.000268011	0.000847742
0.049670583	7.66692E-05	-0.00271694	0.000847209
0.04973637	7.67652E-05	-0.001886288	0.000846921
0.04980216	7.68612E-05	-0.003013964	0.000847139
0.049867948	7.69572E-05	-0.001158377	0.000847295
0.049933738	7.70532E-05	-0.002376937	0.000846819
0.049999525	7.71492E-05	-0.000456605	0.000846985
0.050065315	7.72452E-05	-0.000901371	0.000846636
0.050131103	7.73412E-05	-0.000553747	0.000847267
0.050196893	7.74372E-05	0.000919046	0.000846872
0.05026268	7.75333E-05	-0.002138652	0.000846497
0.050328471	7.76293E-05	-0.001509553	0.000846452
0.050394258	7.77254E-05	-0.000398688	0.000846677
0.050460048	7.78214E-05	-6.64413E-05	0.000846561
0.050525835	7.79175E-05	-0.000675023	0.000846377
0.050591626	7.80135E-05	-1.80994E-05	0.000847015
0.050657413	7.81096E-05	-0.000114691	0.000846108
0.050723203	7.82057E-05	0.001126307	0.000846355
0.050788991	7.83018E-05	-0.000997656	0.000846324
0.050854781	7.83979E-05	0.001197633	0.000846091
0.050920568	7.8494E-05	-0.000227688	0.000846238
0.050986358	7.85901E-05	-0.000377248	0.000845853
0.051052149	7.86862E-05	-0.001289502	0.000845873
0.051117936	7.87823E-05	0.001342376	0.00084567
0.051183726	7.88785E-05	0.002164728	0.000846144
0.051249514	7.89746E-05	0.001097986	0.000845672
0.051315304	7.90707E-05	0.000641597	0.000845978
0.051381091	7.91669E-05	0.001095564	0.000845566
0.051446882	7.9263E-05	0.001944145	0.000845537
0.051512669	7.93592E-05	-0.000429671	0.000845189
0.051578459	7.94553E-05	-0.000305597	0.00084559
0.051644246	7.95515E-05	0.001874536	0.000845314
0.051710037	7.96477E-05	0.002380033	0.00084546
0.051775824	7.97439E-05	0.000505372	0.000845047
0.051841614	7.98401E-05	-0.000846017	0.000844931
0.051907401	7.99363E-05	0.000187451	0.000845206
0.051973192	8.00325E-05	0.001019043	0.000845025
0.052038979	8.01287E-05	-0.001222977	0.0008447
0.052104769	8.02249E-05	-0.00220385	0.000844392
0.052170557	8.03211E-05	-0.000780853	0.00084435
0.052236347	8.04173E-05	-2.43287E-05	0.000844917
0.052302134	8.05136E-05	-0.002729654	0.000843673
0.052367925	8.06098E-05	-0.004311914	0.000843985
0.052433712	8.07061E-05	-0.00035502	0.00084385
0.052499502	8.08023E-05	-0.001001434	0.00084423
0.052565289	8.08986E-05	-0.003582263	0.000843977
0.05263108	8.09948E-05	-0.004585317	0.000843687
0.05269687	8.10911E-05	-0.00095295	0.00084409
0.05276266	8.11874E-05	-0.001441128	0.000843399
0.052828445	8.12837E-05	-0.003834359	0.000843451
0.052894235	8.13799E-05	-0.002326807	0.000843297
0.052960025	8.14762E-05	-0.000324863	0.000843455
0.053025816	8.15725E-05	-0.001505355	0.000843389
0.0530916	8.16688E-05	-0.003417884	0.000843119
0.053157393	8.35437E-05	-0.002577735	0.000842877
0.053223193	8.35502E-05	-0.002562191	0.000843027
0.053288999	8.3563E-05	-0.002505845	0.000843309
0.053354805	8.35823E-05	-0.001499959	0.000843011
0.053420624	8.36081E-05	-0.002215958	0.000843062
0.053486448	8.36404E-05	-0.002812884	0.000842607
0.053552279	8.36791E-05	-0.002093585	0.000842767
0.05361811	8.37244E-05	-0.005205296	0.00084245
0.053683954	8.37761E-05	-0.002968325	0.000842498
0.053749803	8.38345E-05	0.000263491	0.000842794
0.053815659	8.38993E-05	-0.001953517	0.000842726
0.053881514	8.39707E-05	-0.000962748	0.000842972
0.053947382	8.40487E-05	-0.002396975	0.000842276
0.054013256	8.41332E-05	-0.00157864	0.000842262
0.054079136	8.42243E-05	-0.000938845	0.000842262
0.054145016	8.43219E-05	-0.001663957	0.000842479
0.054210909	8.44261E-05	-0.000640809	0.000842436
0.054276808	8.45369E-05	0.0008172	0.000842906
0.054342713	8.46543E-05	-0.001065134	0.000842346
0.054408624	8.47782E-05	-0.001145062	0.000842186
0.054474535	8.49087E-05	-4.1507E-05	0.000841716
0.054540458	8.50457E-05	0.000626242	0.000842391
0.054606388	8.51892E-05	-0.000431628	0.00084203
0.054672323	8.53393E-05	-0.002750463	0.000841819
0.054738259	8.54959E-05	-0.001294482	0.000842393
0.054804207	8.5659E-05	-0.000645091	0.000842226
0.054870161	8.58286E-05	0.000288771	0.000842189
0.054936122	8.60047E-05	-0.001260821	0.000841517
0.055002082	8.61872E-05	-0.0006012	0.000841876
0.055068055	8.63762E-05	-0.001229223	0.000841815
0.055134034	8.65716E-05	3.4189E-05	0.000841665
0.055200019	8.67734E-05	-0.001500357	0.000841038
0.055266004	8.69816E-05	-0.002074568	0.000841741
0.055332001	8.71961E-05	0.000311692	0.000842067
0.055398005	8.7417E-05	-0.002926858	0.000841246
0.055464014	8.76442E-05	-0.001255547	0.000841141
0.055530024	8.78777E-05	-0.001063136	0.000841172
0.055596046	8.81174E-05	-0.000943508	0.000840773
0.055662074	8.83633E-05	5.0399E-05	0.000841228
0.055728109	8.86155E-05	-0.002121722	0.000840602
0.055794143	8.88738E-05	-0.001723866	0.000840708
0.05586019	8.91383E-05	-0.000856318	0.000840661
0.055926243	8.94089E-05	-0.001117846	0.000840995
0.055992302	8.96855E-05	-0.003306601	0.000840702
0.056058367	8.99682E-05	-0.002052116	0.000840237
0.056124432	9.02569E-05	0.000263534	0.000841032
0.05619051	9.05515E-05	-0.0010392	0.000840464
0.056256593	9.08521E-05	-0.004137882	0.000840567
0.056322683	9.11586E-05	-0.001446575	0.000840523
0.056388773	9.1471E-05	-0.002000407	0.00084068
0.056454875	9.17892E-05	-0.001897751	0.000840878
0.056520983	9.21131E-05	-0.00335523	0.000840257
0.056587098	9.24429E-05	-0.002386226	0.00084046
0.056653212	9.27783E-05	0.000742989	0.000840181
0.056719339	9.31194E-05	-0.00082786	0.000840217
0.056785472	9.34661E-05	-0.003721107	0.00084013
0.056851612	9.38184E-05	-0.001641474	0.000840919
0.056917751	9.41763E-05	-0.001703138	0.000840323
0.056983902	9.45396E-05	-0.002461521	0.000840245
0.05705006	9.49085E-05	-0.001297716	0.000840637
0.057116224	9.52827E-05	0.001354985	0.000840145
0.057182387	9.56623E-05	0.002140311	0.000840634
0.057248564	9.60473E-05	-0.001384874	0.000840217
0.057314746	9.64376E-05	-0.001493549	0.000840289
0.057380935	9.68331E-05	-0.000536825	0.00084013
0.057447123	9.72339E-05	0.001213739	0.000841092
0.057513324	9.76398E-05	0.000480344	0.000840994
0.057579531	9.80508E-05	0.000140994	0.000840263
0.057645744	9.84669E-05	0.001660993	0.000841007
0.057711963	9.88881E-05	0.001584567	0.000840205
0.057778183	9.93142E-05	0.000437584	0.000839906
0.057844414	9.97453E-05	-0.000379448	0.00084029
0.057910652	0.000100181	0.001426418	0.00084063
0.057976896	0.000100622	0.003163194	0.000840486
0.05804314	0.000101068	0.001806734	0.000840377
0.058109396	0.000101518	0.002898816	0.000840556
0.058175659	0.000101974	0.002476125	0.000840464
0.058241928	0.000102434	0.001772201	0.000840506
0.058308196	0.000102898	-0.000767895	0.000839912
0.058374477	0.000103367	0.000190916	0.00083991
0.058440764	0.000103841	0.002041294	0.000840168
0.058507058	0.000104319	0.001619113	0.000840076
0.058573351	0.000104802	0.000175737	0.000840133
0.058639657	0.000105289	0.001860981	0.000839755
0.058705968	0.000105781	0.003049024	0.000840243
0.058772286	0.000106277	0.002041294	0.000840168
0.058838604	0.000106777	0.002041294	0.000840168
0.058904935	0.000107282	0.000553709	0.000839722
0.058971271	0.000107791	0.001525313	0.000839926
0.059037614	0.000108304	0.001291122	0.00083955
0.059103956	0.000108821	0.001155424	0.00083964
0.059170311	0.000109342	-0.001312809	0.000839373
0.059236673	0.000109868	0.002157215	0.000839984
0.05930304	0.000110397	3.89422E-05	0.000839481
0.059369413	0.000110931	0.000603437	0.00083937
0.059435787	0.000111468	0.000913422	0.000839961
0.059502173	0.000112009	0.000270216	0.000839698
0.059568565	0.000112555	0.000186598	0.000839595
0.059634963	0.000113104	0.000593691	0.000839324
0.059701361	0.000113656	0.001444121	0.000839395
0.059767771	0.000114213	0.001786942	0.000839698
0.059834188	0.000114774	0.001101621	0.000839092
0.059900611	0.000115338	-0.001679065	0.000839246
0.059967033	0.000115905	0.000543865	0.000839675
0.060033468	0.000116477	0.0035021	0.000839462
0.06009991	0.000117052	0.001806585	0.000839207
0.060166357	0.000117631	0.000534868	0.000839044
0.060232805	0.000118213	0.001214791	0.000839335
0.060299264	0.000118798	0.003444677	0.000840352
0.06036573	0.000119388	0.00230753	0.000839671
0.060432203	0.00011998	0.002038494	0.000839425
0.060498675	0.000120576	0.002075444	0.000839453
0.060565159	0.000121175	0.003883237	0.000839794
0.06063165	0.000121778	0.002129712	0.000839417
0.060698146	0.000122384	0.001976871	0.000839572
0.060764643	0.000122993	0.00331939	0.000839477
0.060831152	0.000123606	0.00287722	0.000839292
0.060897668	0.000124222	0.002408789	0.00083971
0.060964189	0.00012484	0.00317004	0.000838779
0.061030717	0.000125463	0.003407921	0.000839312
0.061097244	0.000126088	0.005192697	0.000840257
0.061163784	0.000126716	0.005392681	0.000840177
0.06123033	0.000127347	0.002366519	0.000839366
0.061296883	0.000127982	0.004472909	0.000839509
0.061363435	0.000128619	0.003840316	0.00083945
0.061429999	0.00012926	0.004260037	0.000839384
0.06149657	0.000129903	0.002827569	0.000839059
0.061563147	0.000130549	0.004997238	0.00083964
0.061629724	0.000131198	0.005769297	0.000839767
0.061696313	0.00013185	0.005878111	0.000839268
0.061762909	0.000132505	0.003089683	0.000839417
0.06182951	0.000133163	0.004251158	0.000838911
0.061896112	0.000133824	0.004083077	0.000839715
0.061962726	0.000134487	0.002802361	0.000838651
0.062029346	0.000135153	0.002674859	0.000839214
0.062095972	0.000135822	0.0039643	0.000838729
0.062162598	0.000136494	0.004010104	0.000839231
0.062229237	0.000137168	0.002060254	0.000838508
0.062295881	0.000137845	0.000878275	0.00083818
0.062362532	0.000138524	0.003927234	0.000838701
0.062429183	0.000139206	0.002131713	0.000838407
0.062495846	0.000139891	0.002133886	0.000837982
0.062562516	0.000140578	0.000190855	0.000838584
0.062629192	0.000141268	0.005033675	0.000838232
0.062695873	0.000141961	0.00221299	0.000838353
0.062762555	0.000142656	0.000779615	0.000838299
0.062829249	0.000143353	0.0020059	0.000837961
0.062895949	0.000144053	0.003254638	0.000837874
0.062962656	0.000144755	0.00111222	0.000837972
0.063029362	0.00014546	0.001149508	0.000837418
0.063096081	0.000146167	-0.000484071	0.000837869
0.063162806	0.000146877	0.001538114	0.000837795
0.063229537	0.000147589	0.00303713	0.000837435
0.063296268	0.000148303	0.001255038	0.000837771
0.063363011	0.000149019	0.000527626	0.00083725
0.063429761	0.000149738	0.001530767	0.000837324
0.063496516	0.00015046	0.001149151	0.000838
0.063563297	0.000152622	0.001009535	0.000837194
0.063630066	0.00015263	0.003448493	0.00083748
0.063696816	0.000152642	0.003971157	0.00083761
0.063763547	0.000152659	0.004058109	0.000837871
0.063830252	0.000152681	0.000704321	0.000837502
0.063896945	0.000152709	0.003701983	0.000837365
0.063963619	0.000152741	0.004758592	0.000837247
0.064030274	0.000152778	0.002918945	0.000837461
0.064096904	0.000152821	0.002490021	0.000836899
0.064163521	0.000152868	0.002968626	0.000837693
0.064230119	0.000152921	0.004977963	0.000837261
0.064296698	0.000152978	0.004863718	0.000837019
0.064363257	0.000153041	0.002997409	0.00083725
0.064429792	0.000153109	0.004435088	0.000837038
0.064496314	0.000153182	0.00440402	0.000837323
0.064562817	0.00015326	0.00369451	0.000836154
0.0646293	0.000153344	0.004302294	0.000836755
0.064695759	0.000153432	0.005100849	0.000836756
0.064762204	0.000153526	0.00539037	0.000836617
0.064828631	0.000153624	0.004762473	0.000835975
0.064895039	0.000153728	0.003087892	0.000835553
0.064961421	0.000153837	0.004239702	0.000836057
0.065027791	0.000153951	0.003765746	0.000836054
0.065094142	0.000154071	0.00381081	0.000836024
0.065160473	0.000154195	0.003355175	0.000835745
0.065226779	0.000154325	0.004552636	0.000836219
0.065293073	0.00015446	0.00486675	0.000835695
0.065359348	0.0001546	0.001724507	0.000835665
0.065425603	0.000154745	0.001994531	0.000835171
0.065491833	0.000154896	0.002148669	0.000835437
0.065558051	0.000155052	0.001484228	0.000835403
0.065624249	0.000155212	0.003001432	0.000835557
0.065690429	0.000155378	0.001161445	0.000835407
0.065756583	0.00015555	0.002291145	0.000835238
0.065822725	0.000155726	0.002613699	0.000834919
0.065888847	0.000155908	0.001233039	0.000834676
0.06595495	0.000156094	-0.00137393	0.000834513
0.066021035	0.000156286	0.002339914	0.000835153
0.066087094	0.000156483	2.3872E-05	0.00083385
0.06615314	0.000156686	0.000812986	0.000834849
0.066219167	0.000156893	-0.000919934	0.000834161
0.066285176	0.000157106	0.001071686	0.000834835
0.066351159	0.000157323	-0.000740868	0.000834356
0.066417129	0.000157546	0.000809766	0.000834274
0.06648308	0.000157774	-0.000668674	0.000833942
0.066549013	0.000158007	-0.000283252	0.000833949
0.06661492	0.000158246	0.001858832	0.000833685
0.066680814	0.000158489	-0.001251382	0.0008337
0.066746689	0.000158738	-0.002165579	0.000833312
0.066812545	0.000158991	-0.001030517	0.000833606
0.066878376	0.00015925	-0.000600369	0.000833583
0.066944194	0.000159514	-0.000338364	0.000833514
0.067009993	0.000159782	-0.001362788	0.00083346
0.067075773	0.000160056	0.001267074	0.000833552
0.067141528	0.000160335	0.00060108	0.000833259
0.06720727	0.000160619	-0.002642589	0.000833105
0.067272993	0.000160908	0.000780792	0.000833141
0.067338697	0.000161202	-0.000460908	0.000833125
0.067404376	0.000161501	0.002446636	0.000833245
0.067470042	0.000161805	0.000874658	0.000832713
0.067535689	0.000162114	0.001357035	0.000833179
0.067601317	0.000162428	0.001581613	0.000833344
0.067666926	0.000162747	0.002521779	0.000833405
0.067732509	0.000163071	-0.000813811	0.000832366
0.06779808	0.0001634	-0.001109624	0.000832614
0.067863632	0.000163733	0.004226853	0.000833275
0.067929165	0.000164072	0.002509946	0.000832941
0.067994673	0.000164415	0.000964437	0.000832654
0.068060167	0.000164764	0.000392931	0.000832248
0.068125643	0.000165117	0.001850763	0.000832225
0.0681911	0.000165475	0.000878658	0.000832345
0.068256531	0.000165837	0.002913466	0.000832361
0.06832195	0.000166205	9.07588E-05	0.000831978
0.06838735	0.000166577	0.001170138	0.000832466
0.068452731	0.000166954	0.001970319	0.000832042
0.068518086	0.000167336	-0.000532931	0.000832024
0.068583429	0.000167723	-0.000406021	0.000832045
0.068648752	0.000168114	0.001510541	0.000831876
0.068714057	0.00016851	0.001080893	0.000831585
0.068779336	0.000168911	0.000443278	0.000830912
0.068844603	0.000169316	0.00080132	0.000830988
0.068909851	0.000169726	9.13362E-05	0.000831665
0.068975079	0.000170141	-0.00162809	0.000831498
0.069040282	0.00017056	-0.001079311	0.000831292
0.069105473	0.000170983	-0.000790899	0.000830842
0.069170644	0.000171412	0.000592119	0.00083123
0.069235797	0.000171845	-0.000997385	0.000831342
0.06930093	0.000172282	-0.003392476	0.000830534
0.069366039	0.000172724	-0.00231379	0.000830652
0.069431134	0.00017317	-0.001073402	0.000830613
0.06949621	0.000173621	-0.002862073	0.000830858
0.069561268	0.000174076	-0.003094856	0.000830545
0.0696263	0.000174536	-0.002378087	0.000830073
0.069691319	0.000175	-0.001197146	0.00083085
0.06975632	0.000175468	-0.004017935	0.000830067
0.069821301	0.000175941	-0.003217704	0.000829901
0.069886257	0.000176418	-0.002373075	0.000830587
0.0699512	0.0001769	-0.00164576	0.000830264
0.070016125	0.000177386	-0.002318839	0.000830137
0.07008103	0.000177876	-0.004664726	0.000829615
0.07014591	0.00017837	-0.001440291	0.000830076
0.070210777	0.000178869	-0.001375952	0.000829775
0.070275625	0.000179371	-0.003061	0.000829798
0.070340454	0.000179878	-0.003543576	0.000829702
0.070405258	0.000180389	-0.0001772	0.000829711
0.070470049	0.000180905	-0.001888138	0.000830371
0.070534822	0.000181424	-0.000851588	0.000829896
0.070599575	0.000181947	-0.002139706	0.000830019
0.070664303	0.000182475	-0.00122323	0.000829726
0.070729018	0.000183007	0.000351617	0.000829778
0.070793714	0.000183542	-0.001750143	0.000829348
0.070858391	0.000184082	-0.00221454	0.000829292
0.070923049	0.000184626	-0.001067536	0.000829935
0.070987681	0.000185173	0.000295869	0.000829659
0.071052301	0.000185725	0.001592578	0.00082974
0.071116902	0.000186281	-0.000964563	0.00082909
0.071181484	0.00018684	-0.001482831	0.000829483
0.071246041	0.000187404	-0.000407175	0.000829344
0.071310585	0.000187971	-0.000273625	0.000829567
0.07137511	0.000188542	-0.000801177	0.00082919
0.071439616	0.000189117	0.001782538	0.000829459
0.071504096	0.000189696	0.002382694	0.000829428
0.071568564	0.000190278	-0.001431889	0.000828777
0.071633013	0.000190865	0.000706042	0.000829286
0.071697443	0.000191455	0.000341578	0.000829007
0.071761847	0.000192048	0.001544064	0.000829201
0.071826239	0.000192646	-0.000984947	0.000828483
0.071890612	0.000193247	-0.000955852	0.000828671
0.071954965	0.000193852	0.000538481	0.00082924
0.072019294	0.00019446	0.00129086	0.000828849
0.07208361	0.000195073	-0.000911149	0.000828641
0.072147906	0.000195688	-0.001685951	0.00082817
0.072212184	0.000196308	0.00113083	0.000828696
0.072276436	0.00019693	-0.000122278	0.00082833
0.072340676	0.000197557	-0.00264782	0.000828235
0.072404897	0.000198187	-0.001445405	0.000828373
0.072469098	0.00019882	-0.001507267	0.000828053
0.072533281	0.000199457	-0.000761567	0.000828337
0.072597438	0.000200097	-0.003284598	0.000828448
0.072661583	0.000200741	-0.001687595	0.000828171
0.072725708	0.000201388	-0.000674436	0.000828641
0.072789814	0.000202039	-0.001774764	0.00082828
0.072853896	0.000202693	-0.003432873	0.000827156
0.072917964	0.00020335	-0.002459141	0.000827802
0.072982014	0.000204011	-0.001572422	0.000828353
0.073046044	0.000204675	0.000870613	0.000828091
0.073110049	0.000205342	-0.002115229	0.000828246
0.073174042	0.000206013	-0.002948528	0.000827969
0.073238015	0.000206687	0.000237463	0.000827887
0.073301969	0.000207364	-0.002017892	0.000827873
0.073365898	0.000208044	-0.000884641	0.00082785
0.073429815	0.000208727	-5.08337E-05	0.000828025
0.073493712	0.000209414	0.002760119	0.000828662
0.07355759	0.000210104	-0.000438212	0.000828331
0.073621443	0.000210797	-0.000447398	0.000827511
0.073685283	0.000211493	-0.000898794	0.000827704
0.073749105	0.000212193	0.000745532	0.000828173
0.073812907	0.000212895	0.000799546	0.000828448
0.073876684	0.0002136	0.001122165	0.000828029
0.073940596	0.000215113	0.002327035	0.000828428
0.074004543	0.00021512	0.004169425	0.000828255
0.074068522	0.000215131	0.002251963	0.000828477
0.074132533	0.000215147	0.000944333	0.000827939
0.074196568	0.000215168	0.002672706	0.000827891
0.074260642	0.000215193	0.002479825	0.000827655
0.074324746	0.000215223	0.002184175	0.000828159
0.074388882	0.000215258	0.00170597	0.000828266
0.074453043	0.000215297	0.002069409	0.000828079
0.074517242	0.000215341	0.004740951	0.000827673
0.074581472	0.000215389	0.003310614	0.0008283
0.074645734	0.000215443	0.002195977	0.0008281
0.074710021	0.000215501	0.002792992	0.000827501
0.074774345	0.000215564	0.00310248	0.000827919
0.0748387	0.000215631	0.001647418	0.000827684
0.074903088	0.000215703	0.000921998	0.000828161
0.0749675	0.00021578	0.003179106	0.000827972
0.07503195	0.000215862	0.004577536	0.000827729
0.075096431	0.000215948	0.002986001	0.000827737
0.075160943	0.000216039	0.001154947	0.000827646
0.075225481	0.000216135	0.003787356	0.000827315
0.075290057	0.000216236	0.003447593	0.000827383
0.075354663	0.000216342	0.000745639	0.000827192
0.075419301	0.000216452	0.002897727	0.000827743
0.075483965	0.000216567	0.002131191	0.000827109
0.075548666	0.000216687	0.004940853	0.000827542
0.075613398	0.000216812	0.001256362	0.000827683
0.075678162	0.000216941	-0.000613942	0.00082726
0.075742957	0.000217075	0.002701677	0.000827303
0.075807777	0.000217214	0.002316582	0.000827711
0.075872635	0.000217358	0.002365081	0.000827575
0.075937524	0.000217507	0.000273138	0.000827709
0.076002445	0.000217661	0.001577123	0.000827163
0.07606739	0.000217819	0.002016581	0.000827029
0.076132374	0.000217982	-0.000581561	0.000826775
0.076197388	0.00021815	0.000430015	0.000827141
0.076262435	0.000218323	0.002312057	0.000827403
0.076327506	0.000218501	0.002176773	0.000827647
0.076392615	0.000218683	0.002159079	0.000827297
0.076457755	0.00021887	0.002586945	0.000827223
0.076522927	0.000219063	0.003585798	0.000827344
0.076588124	0.00021926	0.004388558	0.000827025
0.076653358	0.000219461	0.004345593	0.000827466
0.076718624	0.000219668	0.005063884	0.000827358
0.076783921	0.000219879	0.007860316	0.000828016
0.076849244	0.000220096	0.005935978	0.000827357
0.076914604	0.000220317	0.005905345	0.000827739
0.076979995	0.000220543	0.005732381	0.000827283
0.077045418	0.000220773	0.007245629	0.000827692
0.077110866	0.000221009	0.007100959	0.000827423
0.077176351	0.000221249	0.007783634	0.000827391
0.077241868	0.000221494	0.006291576	0.000827435
0.077307416	0.000221744	0.007860316	0.000828016
0.077372996	0.000221999	0.006666925	0.000827863
0.077438601	0.000222258	0.004984654	0.000827876
0.077504243	0.000222523	0.005926392	0.000827518
0.077569917	0.000222792	0.008532479	0.000828044
0.077635622	0.000223066	0.007960235	0.000827951
0.077701353	0.000223344	0.008437076	0.000827743
0.077767121	0.000223628	0.007815649	0.000827111
0.07783292	0.000223916	0.008468857	0.000827462
0.077898751	0.000224209	0.008534644	0.000827004
0.077964607	0.000224506	0.007099735	0.000826751
0.0780305	0.000224809	0.007082227	0.000827747
0.078096425	0.000225116	0.008648129	0.000827552
0.078162382	0.000225428	0.007550312	0.000827129
0.078228363	0.000225744	0.007232984	0.000827078
0.078294382	0.000226066	0.007652248	0.000827166
0.078360432	0.000226392	0.009292379	0.000826924
0.078426514	0.000226722	0.007155989	0.000827024
0.078492621	0.000227058	0.006411843	0.000826476
0.078558766	0.000227398	0.007468967	0.000826872
0.078624942	0.000227742	0.007405556	0.000826861
0.078691149	0.000228092	0.005931846	0.00082648
0.078757382	0.000228446	0.006139394	0.000826758
0.078823652	0.000228804	0.005275558	0.000826496
0.078889953	0.000229168	0.006682841	0.000826764
0.078956286	0.000229536	0.006041464	0.000826925
0.079022651	0.000229908	0.004845888	0.000826467
0.07908904	0.000230285	0.005486518	0.000826978
0.079155467	0.000230667	0.008128624	0.000826958
0.079221926	0.000231053	0.007265126	0.000826798
0.079288416	0.000231444	0.004684551	0.000826624
0.07935493	0.00023184	0.008221757	0.000826587
0.079421483	0.00023224	0.006751597	0.000826409
0.079488067	0.000232644	0.007125635	0.000826165
0.079554682	0.000233053	0.005935634	0.000826012
0.079621323	0.000233467	0.006540545	0.000826599
0.079688001	0.000233885	0.008067616	0.00082648
0.079754711	0.000234308	0.007299321	0.00082662
0.079821452	0.000234735	0.006643702	0.000826066
0.079888218	0.000235166	0.008713493	0.000825955
0.079955021	0.000235602	0.00938195	0.000825881
0.080021856	0.000236043	0.007827925	0.000825913
0.080088723	0.000236487	0.008817788	0.000826094
0.080155614	0.000236937	0.011071524	0.000826644
0.080222544	0.00023739	0.012297651	0.000826519
0.080289504	0.000237848	0.011190917	0.000826358
0.080356496	0.000238311	0.011154782	0.000826434
0.080423513	0.000238777	0.012441593	0.000826685
0.080490568	0.000239248	0.013261336	0.000826514
0.080557654	0.000239724	0.014368917	0.000826208
0.080624772	0.000240204	0.012209661	0.000826109
0.080691921	0.000240688	0.014135261	0.000826464
0.080759095	0.000241176	0.016638768	0.000826395
0.080826306	0.000241669	0.014243223	0.000826342
0.08089355	0.000242165	0.016560063	0.000826342
0.080960824	0.000242667	0.017626448	0.000826378
0.081028124	0.000243172	0.017532675	0.000826283
0.081095461	0.000243681	0.01612314	0.000826471
0.081162829	0.000244195	0.016742042	0.000826432
0.08123023	0.000244713	0.017714012	0.000826112
0.081297654	0.000245235	0.018077341	0.000826032
0.081365117	0.000245762	0.018481305	0.000826239
0.081432611	0.000246292	0.018487749	0.0008266
0.081500137	0.000246827	0.019175599	0.000826414
0.081567688	0.000247365	0.021709137	0.000826754
0.081635276	0.000247908	0.019751825	0.000826509
0.081702896	0.000248455	0.021260033	0.000826679
0.081770547	0.000249006	0.022318341	0.000826515
0.081838223	0.000249561	0.023382866	0.000826452
0.081905937	0.00025012	0.021486388	0.000826637
0.081973682	0.000250683	0.021388342	0.0008267
0.082041459	0.00025125	0.026047126	0.000826716
0.08210926	0.000251821	0.025844854	0.000826743
0.0821771	0.000252396	0.024386501	0.000827059
0.082244971	0.000252975	0.027104929	0.000826714
0.082312873	0.000253558	0.02899563	0.000827331
0.082380806	0.000254144	0.029743842	0.000827057
0.082448765	0.000254735	0.029458471	0.000826609
0.082516761	0.00025533	0.031083878	0.000827402
0.082584789	0.000255928	0.033457617	0.000827663
0.082652848	0.000256531	0.032578825	0.000827915
0.082720932	0.000257137	0.033806361	0.000827703
0.082789054	0.000257747	0.037282371	0.000828373
0.082857207	0.000258361	0.038226544	0.000828615
0.082925392	0.000258978	0.039751186	0.000828535
0.082993601	0.0002596	0.041473665	0.000829131
0.083061849	0.000260225	0.04285546	0.000829308
0.083130128	0.000260854	0.047491732	0.000829428
0.083198438	0.000261487	0.050537849	0.000830159
0.083266773	0.000262123	0.049575673	0.000830131
0.083335146	0.000262763	0.055857499	0.000831011
0.08340355	0.000263407	0.057809017	0.000831496
0.083471986	0.000264054	0.059809548	0.000831408
0.083540447	0.000264705	0.060025057	0.000830724
0.083608945	0.00026536	0.06450049	0.000832223
0.083677475	0.000266018	0.065248868	0.000832236
0.083746036	0.00026668	0.070178549	0.000832981
0.083814623	0.000267346	0.072183363	0.000833022
0.083883247	0.000268015	0.075830539	0.000833845
0.083951902	0.000268688	0.08021654	0.000835051
0.084020589	0.000269364	0.083815747	0.000834989
0.084089307	0.000270044	0.084987591	0.000835306
0.08415805	0.000270727	0.090258625	0.000836166
0.084226831	0.000271414	0.094840523	0.000837268
0.084295679	0.000273067	0.095660398	0.0008372
0.084364588	0.000273072	0.10008218	0.000837977
0.084433482	0.000273083	0.106539787	0.000839151
0.084502375	0.0002731	0.108777594	0.000839055
0.08457126	0.000273122	0.113890346	0.000839864
0.084640137	0.000273151	0.116181041	0.000840797
0.084709	0.000273185	0.120324976	0.000841326
0.084777862	0.000273225	0.126882388	0.000842644
0.084846716	0.000273271	0.130697596	0.000843488
0.084915563	0.000273323	0.136033748	0.000844583
0.084984395	0.000273381	0.142979327	0.000845059
0.085053226	0.000273444	0.149893903	0.000846992
0.085122049	0.000273514	0.150041821	0.000846778
0.085190864	0.000273589	0.155015491	0.000848037
0.085259665	0.000273671	0.164331893	0.000850308
0.085328465	0.000273758	0.169747792	0.000851136
0.085397257	0.000273851	0.174969102	0.000852117
0.085466041	0.000273951	0.184214808	0.000853968
0.085534811	0.000274056	0.188741976	0.000855214
0.08560358	0.000274167	0.198968634	0.000857128
0.085672341	0.000274284	0.202154663	0.000857931
0.085741094	0.000274407	0.212030719	0.00085996
0.085809839	0.000274536	0.219370152	0.000861683
0.08587857	0.000274671	0.231062727	0.00086421
0.0859473	0.000274812	0.236300432	0.000865504
0.086016023	0.000274959	0.24824899	0.000868257
0.086084737	0.000275112	0.257786792	0.000870782
0.086153437	0.000275272	0.266384044	0.000873086
0.086222136	0.000275437	0.272968962	0.000874655
0.086290827	0.000275608	0.283359427	0.000877124
0.08635951	0.000275785	0.295499903	0.00088042
0.08642818	0.000275968	0.304211958	0.000882283
0.086496847	0.000276157	0.314662473	0.000884611
0.086565507	0.000276352	0.32666114	0.000888721
0.08663416	0.000276553	0.339727307	0.000892266
0.086702798	0.00027676	0.35075498	0.000894972
0.086771435	0.000276973	0.360721856	0.000897508
0.086840064	0.000277193	0.372695585	0.000901321
0.086908685	0.000277418	0.389733884	0.00090649
0.086977292	0.000277649	0.40088536	0.000910201
0.087045898	0.000277886	0.414473456	0.000914301
0.087114496	0.00027813	0.431609867	0.00092027
0.087183086	0.000278379	0.445350989	0.000924442
0.087251662	0.000278634	0.459764695	0.000929038
0.087320237	0.000278895	0.472968721	0.000933968
0.087388804	0.000279163	0.491411913	0.000940751
0.087457363	0.000279436	0.50521598	0.000945333
0.087525914	0.000279715	0.52419305	0.00095274
0.087594451	0.00028	0.537176528	0.000957748
0.087662987	0.000280292	0.556595571	0.000965479
0.087731515	0.000280589	0.576456436	0.000973259
0.087800036	0.000280892	0.587957819	0.000978534
0.087868542	0.000281201	0.606989264	0.000986212
0.087937047	0.000281516	0.628878976	0.00099616
0.088005544	0.000281837	0.648440966	0.001004728
0.088074033	0.000282164	0.665609117	0.001012387
0.088142508	0.000282497	0.684230099	0.001021901
0.088210982	0.000282836	0.7034665	0.001031746
0.088279448	0.000283181	0.72672162	0.001043555
0.088347907	0.000283532	0.741301867	0.001051121
0.088416351	0.000283888	0.75737873	0.001060134
0.088484793	0.000284251	0.782413307	0.001074437
0.088553228	0.000284619	0.806372895	0.001087796
0.088621656	0.000284994	0.830308169	0.001102254
0.088690069	0.000285374	0.855395345	0.001118134
0.08875848	0.00028576	0.881375324	0.001134412
0.088826884	0.000286152	0.902637747	0.00114879
0.088895281	0.00028655	0.925624964	0.00116391
0.088963663	0.000286953	0.947142097	0.001179458
0.089032043	0.000287363	0.974552343	0.001198535
0.089100416	0.000287778	1.005071664	0.001222785
0.089168781	0.000288199	1.029845603	0.001242678
0.089237139	0.000288626	1.059003528	0.00126649
0.089305482	0.000289058	1.089029365	0.001292
0.089373824	0.000289497	1.107277806	0.001307209
0.089442158	0.000289941	1.133024109	0.001331597
0.089510485	0.00029039	1.160790565	0.001357819
0.089578797	0.000290846	1.195518838	0.001391087
0.089647107	0.000291307	1.22263514	0.001418985
0.089715411	0.000291774	1.252293119	0.001449922
0.089783706	0.000292247	1.280667428	0.001480823
0.089851987	0.000292725	1.312173301	0.00151645
0.089920267	0.000293209	1.339594355	0.001549094
0.089988539	0.000293698	1.370974812	0.001587406
0.090056803	0.000294194	1.395517737	0.00161766
0.090125053	0.000294694	1.443736732	0.001681509
0.090193302	0.000295201	1.482610773	0.001734756
0.090261543	0.000295713	1.50115541	0.001761836
0.090329776	0.00029623	1.540785735	0.001820645
0.090397995	0.000296753	1.583404817	0.001887273
0.090466213	0.000297282	1.619461941	0.00194559
0.090534423	0.000297816	1.639884671	0.001980385
0.090602625	0.000298356	1.680833465	0.002051073
0.090670813	0.000298901	1.72045353	0.00212314
0.090739	0.000299451	1.766474591	0.002210086
0.090807179	0.000300007	1.78581205	0.002251126
0.09087535	0.000300569	1.82650689	0.002333409
0.090943513	0.000301135	1.851495393	0.002387586
0.091011663	0.000301708	1.896274238	0.002484103
0.091079811	0.000302285	1.924919063	0.002550773
0.091147951	0.000302868	1.970758637	0.002661499
0.091216083	0.000303456	2.022351156	0.002789611
0.091284201	0.00030405	2.058764955	0.002887007
0.091352318	0.000304649	2.10291651	0.003007917
0.091420427	0.000305253	2.13336538	0.003095448
0.091488528	0.000305863	2.166426958	0.003193639
0.091556616	0.000306477	2.206331821	0.003316526
0.091624701	0.000307097	2.251484661	0.003463693
0.091692779	0.000307722	2.278610627	0.003551934
0.09176085	0.000308353	2.332979585	0.003743631
0.091828906	0.000308988	2.375271053	0.003899997
0.09189696	0.000309629	2.401179841	0.003998014
0.091965007	0.000310275	2.451516845	0.004195818
0.092033047	0.000310926	2.498768006	0.004392584
0.092101072	0.000311582	2.513416153	0.00445801
0.092169095	0.000312243	2.558412848	0.004652959
0.092237111	0.000312909	2.61158461	0.004902438
0.09230512	0.00031358	2.650954222	0.005092256
0.092373114	0.000314256	2.71023663	0.005394827
0.092441106	0.000314938	2.731858607	0.005515777
0.092509091	0.000315624	2.772055414	0.005736508
0.092577068	0.000316315	2.77853442	0.005770503
0.092645038	0.000317011	2.823265283	0.006025727
0.092712993	0.000317712	2.861310062	0.006257496
0.092780947	0.000318418	2.897386384	0.006486499
0.092848893	0.000319129	2.96960428	0.006966845
0.092916831	0.000319844	3.009710353	0.007244699
0.092984755	0.000320565	3.035226303	0.007429868
0.093052678	0.00032129	3.073109922	0.007715896
0.093120593	0.00032202	3.083117592	0.007788777
0.093188501	0.000322755	3.089860504	0.007841362
0.093256394	0.000323495	3.162162989	0.008422564
0.093324286	0.000324239	3.195933659	0.008713676
0.09339217	0.000324988	3.253497841	0.009227909
0.093460046	0.000325742	3.286677867	0.009532944
0.093527908	0.000326501	3.336643174	0.010013103
0.093595769	0.000327264	3.354254894	0.010189947
0.093663622	0.000328031	3.408679311	0.010759923
0.093731467	0.000328804	3.405167559	0.010720224
0.093799298	0.000329581	3.45876413	0.011309124
0.093867128	0.000330362	3.505027096	0.011843888
0.09393495	0.000331149	3.585421351	0.012822033
0.094002764	0.000331939	3.636127027	0.013484065
0.094070564	0.000332734	3.607574517	0.013113495
0.094138363	0.000333534	3.621647187	0.013295964
0.094206153	0.000334338	3.607876371	0.013114108
0.094273937	0.000335147	3.628574713	0.013388743
0.094341712	0.00033596	3.656203687	0.013771958
0.094409473	0.000336778	3.755697542	0.015195294
0.094477233	0.000337599	3.847886308	0.0166516
0.094544985	0.000338426	3.804397252	0.015954784
0.09461273	0.000339256	3.865399534	0.016946392
0.094680468	0.000340588	3.802081859	0.015911918
0.094748211	0.000340594	3.804896398	0.015956245
0.094815941	0.000340605	3.79152329	0.015738831
0.094883659	0.000340621	3.865273337	0.01694598
0.094951359	0.000340642	3.850013052	0.016697563
0.095019054	0.000340669	3.929844082	0.01806827
0.095086737	0.000340702	3.972652882	0.018843574
0.095154408	0.000340739	3.962244586	0.018657348
0.095222061	0.000340782	3.914405033	0.017788863
0.095289708	0.000340831	3.89554765	0.017462572
0.095357343	0.000340885	3.926308942	0.018010125
0.095424967	0.000340944	3.868774757	0.016997947
0.095492572	0.000341009	3.880629444	0.017201503
0.095560172	0.000341079	3.991539792	0.019218264
0.09562776	0.000341155	3.904901646	0.017624093
0.095695336	0.000341236	4.016109198	0.01968344
0.095762894	0.000341322	3.95645152	0.018539436
0.095830447	0.000341414	3.999768761	0.019354178
0.095897987	0.000341512	3.937009225	0.018185934
0.095965516	0.000341615	3.819899579	0.016184096
0.096033033	0.000341723	3.978937654	0.018966961
0.096100532	0.000341837	3.959439417	0.018598579
0.096168025	0.000341957	3.947260247	0.018363161
0.096235506	0.000342082	3.915168864	0.017791593
0.096302976	0.000342212	3.8287925	0.016323336
0.096370427	0.000342348	3.801050385	0.015872988
0.096437873	0.00034249	3.807327414	0.015963372
0.096505307	0.000342637	3.792549373	0.015741763
0.096572729	0.000342789	3.791200915	0.015702689
0.096640133	0.000342948	3.800925899	0.015872627
0.096707531	0.000343111	3.843654556	0.016560433
0.096774917	0.00034328	3.793108746	0.015743363
0.096842292	0.000343455	3.67644129	0.014014466
0.096909649	0.000343635	3.688294492	0.014186428
0.096977	0.000343821	3.638246794	0.01348861
0.097044339	0.000344013	3.608212001	0.013089576
0.097111666	0.000344209	3.667977085	0.013881949
0.097178975	0.000344412	3.601681119	0.013001386
0.097246278	0.00034462	3.546283535	0.012305561
0.09731357	0.000344834	3.573171958	0.012631249
0.09738085	0.000345053	3.44292987	0.011096841
0.097448112	0.000345277	3.447272768	0.01114045
0.097515368	0.000345508	3.429701553	0.010949555
0.097582612	0.000345743	3.359778322	0.01021268
0.097649845	0.000345985	3.410120003	0.010727073
0.097717065	0.000346232	3.362191047	0.010231589
0.097784267	0.000346484	3.299458659	0.009617217
0.097851464	0.000346742	3.275673526	0.009383983
0.097918649	0.000347006	3.216979897	0.008852329
0.097985823	0.000347275	3.13704819	0.008177206
0.098052977	0.00034755	3.13440036	0.008154349
0.098120127	0.00034783	3.094866723	0.007845016
0.098187265	0.000348116	3.08087652	0.007730707
0.09825439	0.000348407	3.070589967	0.007658665
0.098321498	0.000348704	3.034830834	0.007395122
0.0983886	0.000349006	2.950190093	0.006799214
0.09845569	0.000349314	2.928539991	0.00665211
0.098522769	0.000349628	2.872019679	0.006293475
0.098589829	0.000349947	2.826255035	0.006015356
0.098656883	0.000350271	2.84230044	0.006109607
0.098723926	0.000350601	2.803181689	0.005882391
0.098790957	0.000350937	2.768258195	0.005677937
0.09885797	0.000351278	2.701575546	0.005318711
0.098924977	0.000351624	2.66965298	0.00515602
0.098991972	0.000351976	2.628677118	0.004949176
0.099058956	0.000352334	2.5814355	0.00473181
0.099125921	0.000352697	2.564400433	0.004650543
0.099192881	0.000353066	2.504774059	0.004387203
0.099259829	0.00035344	2.49729906	0.004355264
0.099326765	0.000353819	2.45301562	0.004170496
0.099393689	0.000354204	2.397950682	0.003956737
0.099460595	0.000354595	2.339629158	0.003739424
0.099527496	0.00035499	2.295316804	0.003583338
0.099594385	0.000355392	2.283346465	0.003539808
0.099661262	0.000355799	2.243234059	0.003409986
0.09972812	0.000356211	2.219798529	0.00333436
0.099794973	0.000356628	2.165648158	0.003167425
0.099861815	0.000357051	2.113208657	0.003014731
0.099928644	0.00035748	2.078737295	0.002918385
0.099995455	0.000357914	2.032623114	0.0027938
0.100062261	0.000358353	2.00470064	0.002721285
0.100129055	0.000358797	1.973436389	0.002645332
0.100195837	0.000359247	1.926522443	0.002531881
0.100262601	0.000359703	1.907427559	0.002488631
0.100329359	0.000360163	1.867991116	0.002400842
0.100396106	0.000360629	1.822964766	0.002303881
0.10046284	0.000361101	1.778531409	0.002214238
0.100529557	0.000361577	1.73722075	0.002135823
0.100596268	0.000362059	1.700871426	0.002068522
0.100662967	0.000362547	1.67048135	0.002014092
0.100729654	0.000363039	1.646611288	0.001971572
0.100796323	0.000363537	1.603939606	0.001901019
0.100862986	0.00036404	1.58060567	0.001863786
0.100929638	0.000364549	1.544124954	0.001807562
0.100996278	0.000365063	1.50392722	0.001747814
0.101062906	0.000365582	1.46837549	0.001698321
0.101129516	0.000366106	1.440643628	0.001660205
0.10119612	0.000366635	1.40554945	0.001614321
0.101262712	0.00036717	1.378584242	0.001579438
0.101329293	0.000367709	1.353792386	0.001548643
0.101395855	0.000368254	1.317571494	0.001506213
0.101462412	0.000368804	1.280594827	0.00146545
0.101528957	0.00036936	1.245872326	0.00142722
0.10159549	0.00036992	1.219591017	0.001399224
0.101662005	0.000370486	1.190917965	0.001370677
0.101728514	0.000371056	1.159119061	0.001340696
0.101795012	0.000371632	1.137133149	0.001319793
0.101861498	0.000372213	1.111547056	0.00129647
0.101927965	0.000372799	1.084801141	0.001272447
0.101994427	0.00037339	1.047292451	0.001241753
0.102060877	0.000373986	1.019612936	0.001218994
0.102127316	0.000374587	0.998074977	0.001203251
0.102193736	0.000375193	0.967621452	0.001179577
0.10226015	0.000375804	0.943252562	0.001161757
0.102326553	0.000376421	0.916128336	0.001143638
0.102392944	0.000377042	0.89493127	0.001128285
0.102459317	0.000377668	0.870858758	0.001113441
0.102525684	0.000378299	0.839670295	0.001093721
0.102592039	0.000378935	0.813905014	0.001077856
0.102658383	0.000379576	0.796963665	0.001067735
0.102724714	0.000380222	0.77588804	0.001055837
0.102791028	0.000380873	0.750573578	0.001041991
0.102857336	0.000381528	0.731123105	0.001031163
0.102923632	0.000382189	0.714492359	0.001023283
0.102989916	0.000382854	0.693270695	0.001012502
0.103056182	0.000383525	0.66915598	0.001000655
0.103122442	0.0003842	0.647427554	0.000990964
0.103188691	0.00038488	0.630734601	0.000982968
0.103254928	0.000385564	0.612677432	0.000974311
0.103321147	0.000386254	0.590584663	0.000965493
0.10338736	0.000386948	0.575573601	0.000958247
0.103453561	0.000387647	0.561070518	0.00095294
0.10351975	0.000388351	0.541846805	0.000944763
0.103585922	0.000389059	0.520227651	0.000937053
0.103652087	0.000389772	0.502450281	0.000930029
0.103718241	0.00039049	0.492929795	0.00092604
0.103784383	0.000391213	0.475620808	0.000920132
0.103850507	0.00039194	0.460528285	0.000914809
0.103916625	0.000392672	0.448672023	0.000911011
0.103982732	0.000393409	0.432138648	0.00090497
0.104048826	0.00039415	0.419957933	0.000900915
0.104114903	0.000394895	0.403684735	0.000895989
0.104180973	0.000395646	0.388586632	0.000890981
0.104247032	0.000396401	0.378671275	0.000888469
0.10431308	0.00039716	0.363524047	0.000883855
0.104379115	0.000397924	0.350448766	0.000879706
0.104445132	0.000398693	0.340570777	0.000876906
0.104511144	0.000399466	0.331161981	0.000874475
0.104577143	0.000400243	0.317233773	0.00087017
0.104643131	0.000401025	0.304348916	0.000866937
0.104709101	0.000401812	0.296413892	0.000864276
0.104775065	0.000402603	0.283793096	0.00086123
0.104841018	0.000403398	0.274451524	0.000859222
0.104906958	0.000404198	0.264031556	0.000856137
0.10497288	0.000405002	0.255410991	0.000853454
0.105038821	0.000406542	0.248444353	0.000852126
0.105104834	0.000406546	0.236335442	0.000849117
0.105170875	0.000406556	0.22516871	0.000846428
0.105236938	0.000406572	0.218727859	0.000845405
0.105303033	0.000406593	0.21022226	0.000843661
0.105369157	0.00040662	0.201434367	0.00084099
0.105435307	0.000406653	0.193173477	0.000839459
0.105501479	0.000406691	0.18825792	0.000838161
0.105567684	0.000406736	0.179578254	0.000836647
0.105633916	0.000406785	0.172655161	0.000834799
0.105700176	0.000406841	0.164844079	0.000833202
0.105766457	0.000406902	0.160257171	0.000831875
0.105832771	0.000406969	0.15316605	0.000830418
0.105899113	0.000407042	0.145941659	0.000829161
0.105965482	0.000407121	0.139887874	0.000827698
0.106031879	0.000407205	0.138013477	0.000827304
0.106098303	0.000407295	0.132227828	0.000826533
0.106164754	0.000407391	0.125275522	0.000824821
0.10623122	0.000407492	0.119625205	0.000823315
0.106297726	0.0004076	0.115813046	0.000822605
0.106364259	0.000407713	0.111982001	0.000821978
0.106430819	0.000407832	0.103664948	0.00082074
0.106497407	0.000407957	0.099901981	0.00082012
0.106564022	0.000408087	0.097891008	0.000819623
0.106630665	0.000408224	0.093285494	0.00081863
0.106697335	0.000408366	0.089761805	0.000817472
0.106764019	0.000408514	0.084696981	0.00081735
0.106830744	0.000408668	0.081920652	0.000816726
0.106897496	0.000408828	0.079395675	0.00081574
0.106964275	0.000408993	0.075326897	0.00081483
0.107031082	0.000409165	0.073202319	0.000814677
0.107097915	0.000409342	0.072893757	0.0008145
0.107164777	0.000409525	0.069377577	0.000813695
0.107231665	0.000409714	0.065324207	0.000813086
0.107298568	0.000409909	0.06320744	0.000812635
0.107365512	0.000410109	0.060845041	0.000812448
0.107432482	0.000410316	0.058986714	0.000812574
0.10749948	0.000410528	0.054987937	0.000811092
0.107566505	0.000410747	0.053359859	0.000810772
0.107633558	0.000410971	0.053940724	0.000810872
0.107700638	0.000411201	0.049836515	0.000810516
0.107767745	0.000411436	0.045691049	0.000809895
0.10783488	0.000411678	0.04553397	0.000809584
0.107902029	0.000411926	0.045911907	0.000809142
0.107969218	0.000412179	0.042552202	0.000808758
0.108036435	0.000412438	0.037740795	0.00080844
0.108103679	0.000412704	0.039149835	0.000808007
0.10817095	0.000412975	0.038399981	0.000807922
0.108238249	0.000413251	0.035418417	0.000807427
0.108305575	0.000413534	0.034354233	0.000807494
0.108372928	0.000413823	0.031891292	0.000806582
0.108440296	0.000414117	0.029594484	0.000806528
0.108507704	0.000414418	0.02940975	0.000805993
0.108575139	0.000414724	0.026257069	0.000806386
0.108642601	0.000415036	0.028829446	0.000806059
0.108710091	0.000415354	0.028509291	0.000806612
0.108777609	0.000415677	0.025925364	0.000805746
0.108845153	0.000416007	0.022866197	0.000805391
0.108912725	0.000416342	0.023602731	0.000804825
0.108980312	0.000416684	0.02288301	0.000805131
0.109047938	0.000417031	0.020788109	0.000804571
0.109115592	0.000417384	0.018858109	0.00080416
0.109183274	0.000417742	0.018869654	0.000804202
0.109250982	0.000418107	0.020503471	0.000804404
0.109318718	0.000418477	0.016764022	0.000804005
0.109386482	0.000418854	0.014376748	0.000803301
0.109454272	0.000419236	0.015219441	0.000803456
0.10952209	0.000419623	0.015743581	0.000803419
0.109589923	0.000420017	0.014162744	0.000803388
0.109657795	0.000420416	0.013239425	0.00080304
0.109725695	0.000420822	0.01390941	0.000803548
0.109793623	0.000421233	0.014416053	0.000803227
0.109861578	0.000421649	0.01263183	0.000802983
0.10992956	0.000422072	0.011889768	0.000802866
0.109997569	0.0004225	0.011763116	0.000802946
0.110065606	0.000422934	0.013565834	0.000802931
0.110133657	0.000423374	0.010260077	0.000802969
0.110201748	0.000423819	0.009442314	0.000802558
0.110269867	0.000424271	0.01215948	0.000802989
0.110338013	0.000424728	0.013892395	0.000803264
0.110406186	0.00042519	0.00961189	0.000802304
0.110474387	0.000425659	0.01067004	0.000802171
0.110542615	0.000426133	0.01034421	0.000802279
0.11061087	0.000426613	0.010910677	0.000802409
0.11067914	0.000427098	0.010907243	0.000801727
0.11074745	0.000427589	0.011963646	0.000802476
0.110815787	0.000428086	0.013672497	0.000802226
0.110884152	0.000428589	0.013869368	0.000802298
0.110952544	0.000429097	0.010931159	0.000802152
0.111020964	0.000429611	0.00863943	0.00080175
0.11108941	0.00043013	0.012775845	0.000802304
0.111157884	0.000430655	0.010322096	0.000802196
0.111226386	0.000431186	0.009519398	0.000801728
0.111294902	0.000431722	0.01215197	0.000802405
0.111363458	0.000432264	0.014218083	0.000802273
0.111432041	0.000432811	0.011797302	0.000801408
0.111500652	0.000433364	0.010839268	0.000801917
0.11156929	0.000433922	0.010012369	0.000801806
0.111637955	0.000434486	0.010753794	0.000801483
0.111706648	0.000435056	0.009568852	0.000801356
0.111775368	0.000435631	0.009852777	0.000801761
0.111844103	0.000436212	0.008479366	0.000801364
0.111912877	0.000436798	0.010058395	0.000801533
0.111981679	0.000437389	0.008145935	0.000800991
0.112050509	0.000437987	0.007697774	0.000801081
0.112119366	0.000438589	0.006913412	0.000800897
0.11218825	0.000439197	0.00807709	0.00080084
0.112257161	0.000439811	0.005379194	0.000800657
0.1123261	0.000440429	0.00470492	0.000800551
0.112395053	0.000441054	0.006508888	0.000800814
0.112464046	0.000441683	0.006743696	0.000800811
0.112533067	0.000442318	0.007444357	0.000800561
0.112602115	0.000442959	0.004194614	0.000800052
0.112671191	0.000443605	0.004330535	0.000800353
0.112740294	0.000444256	0.006137579	0.000800176
0.112809424	0.000444912	0.005488558	0.000800054
0.112878581	0.000445574	0.002764697	0.000800088
0.112947766	0.000446241	0.003474952	0.000799879
0.113016965	0.000446914	0.004799253	0.000800346
0.113086205	0.000447591	0.004728187	0.000799955
0.113155471	0.000448275	0.003440448	0.000799515
0.113224766	0.000448963	0.004174396	0.000799629
0.113294087	0.000449656	0.00407336	0.000799693
0.113363436	0.000450355	0.003427324	0.000799234
0.113432812	0.000451059	0.002178516	0.000799398
0.113502216	0.000451768	0.005295313	0.000799306
0.113571633	0.000452482	0.004341687	0.000799137
0.113641091	0.000453202	0.004329862	0.000799434
0.113710577	0.000453927	0.001795507	0.000798581
0.11378009	0.000454656	0.003877829	0.000799045
0.11384963	0.000455391	0.005025313	0.000799284
0.113919198	0.000456131	0.005830357	0.000798775
0.113988792	0.000456877	0.006920466	0.000799051
0.114058415	0.000457627	0.006846295	0.000798615
0.114128051	0.000458382	0.007104975	0.000798355
0.114197728	0.000459142	0.005053521	0.000798494
0.114267432	0.000459908	0.005381679	0.000798528
0.114337164	0.000460678	0.005840397	0.000798334
0.114406922	0.000461454	0.007205053	0.000798388
0.114476709	0.000462234	0.005824124	0.000798296
0.114546522	0.00046302	0.005589671	0.000798348
0.114616363	0.00046381	0.00655048	0.000798657
0.114686231	0.000464605	0.007231806	0.000798516
0.114756114	0.000465406	0.005033651	0.000797784
0.114826036	0.000466211	0.005257548	0.000798172
0.114895987	0.000467021	0.0083047	0.000798225
0.114965964	0.000467836	0.007238426	0.00079774
0.115035969	0.000468656	0.005718034	0.000797785
0.115106001	0.00046948	0.004005762	0.000797712
0.115176061	0.00047031	0.006785986	0.000797881
0.115246148	0.000471144	0.006653359	0.000797772
0.115316249	0.000471984	0.005673243	0.000797813
0.11538639	0.000472828	0.004944517	0.000797311
0.115456609	0.000473863	0.007156516	0.000797551
0.115526837	0.000473872	0.005787245	0.000797549
0.11559705	0.000473887	0.002413381	0.000797182
0.115667248	0.000473909	0.003367508	0.000796819
0.115737432	0.000473937	0.005135898	0.000797094
0.115807601	0.000473973	0.003608736	0.00079705
0.115877742	0.000474015	0.003383643	0.000796857
0.115947882	0.000474064	0.002549829	0.000796569
0.116018007	0.00047412	0.002665271	0.00079664
0.116088117	0.000474183	0.001909225	0.000796399
0.116158213	0.000474252	0.002232329	0.000796291
0.116228294	0.000474329	0.001086775	0.000796201
0.11629836	0.000474412	0.002120382	0.000796361
0.116368412	0.000474502	0.0032222	0.00079648
0.116438449	0.0004746	0.001195445	0.000795989
0.116508458	0.000474703	-0.001545154	0.000795813
0.116578466	0.000474814	0.002523237	0.000796107
0.116648459	0.000474932	0.003217598	0.000796004
0.116718438	0.000475057	-0.001222495	0.000795704
0.116788402	0.000475188	0.002269563	0.000795646
0.116858351	0.000475327	0.00218989	0.000795792
0.116928285	0.000475472	0.001176157	0.000795811
0.116998205	0.000475625	0.000269012	0.000795143
0.117068097	0.000475784	0.00101626	0.000795101
0.117137988	0.00047595	0.002323423	0.000795373
0.117207864	0.000476124	0.001501798	0.000795176
0.117277725	0.000476304	-4.02051E-05	0.000794815
0.117347571	0.000476491	0.000467114	0.000794876
0.117417403	0.000476685	0.001942824	0.000795279
0.117487221	0.000476886	0.001022576	0.000795049
0.117557023	0.000477094	-0.00080839	0.000794539
0.117626798	0.000477309	0.000352279	0.000794805
0.117696571	0.000477531	0.003249354	0.000794885
0.11776633	0.00047776	0.002754266	0.000795054
0.117836074	0.000477996	5.25779E-05	0.000794566
0.117905803	0.000478238	0.001916639	0.000794819
0.117975517	0.000478488	0.00449639	0.000794816
0.118045217	0.000478745	0.003129442	0.000794341
0.118114903	0.000479009	0.001405298	0.000794284
0.118184573	0.00047928	-0.001062685	0.000794272
0.118254216	0.000479557	0.003141985	0.000794238
0.118323857	0.000479842	0.001798203	0.000794608
0.118393484	0.000480134	0.000543986	0.000793924
0.118463096	0.000480432	0.001622122	0.000794195
0.118532693	0.000480738	0.001408277	0.000794092
0.118602276	0.000481051	0.000575909	0.000793999
0.118671844	0.00048137	-0.000347663	0.000793489
0.118741398	0.000481697	-0.001086248	0.000793481
0.118810923	0.00048203	0.0022442	0.000793994
0.118880447	0.000482371	0.000977532	0.000793414
0.118949956	0.000482718	-0.001515898	0.000793467
0.119019451	0.000483073	0.000133554	0.000793091
0.119088931	0.000483434	0.001057242	0.000793601
0.119158397	0.000483802	-0.001068059	0.000792523
0.119227847	0.000484177	-0.000483424	0.00079277
0.119297283	0.00048456	-0.000995536	0.000792761
0.119366692	0.000484949	-0.000130246	0.000792737
0.119436098	0.000485345	-0.001113505	0.000792882
0.119505491	0.000485748	-0.001869566	0.000792696
0.119574868	0.000486158	0.000901007	0.000792703
0.119644231	0.000486574	-0.002326078	0.000792417
0.119713579	0.000486998	-0.002732397	0.00079239
0.119782912	0.000487429	-0.003823746	0.000792275
0.119852231	0.000487866	-0.002323456	0.000791755
0.119921535	0.000488311	-0.000148721	0.000792228
0.119990812	0.000488762	-0.003931212	0.000791684
0.120060087	0.00048922	-0.002267153	0.000791955
0.120129347	0.000489685	-0.000637688	0.000791874
0.120198592	0.000490157	9.29546E-05	0.000792265
0.120267823	0.000490636	-0.00299269	0.000791705
0.120337039	0.000491121	-0.002810414	0.000791402
0.120406241	0.000491614	-0.001222402	0.000791959
0.120475428	0.000492113	-0.000417997	0.000791595
0.120544587	0.000492619	-0.001642498	0.000791233
0.120613744	0.000493132	-0.002638958	0.000791341
0.120682887	0.000493651	-0.000176976	0.000791962
0.120752016	0.000494178	-0.000472383	0.000791865
0.120821129	0.000494711	-0.002759396	0.000791323
0.120890228	0.000495251	-0.002991008	0.000791375
0.120959312	0.000495797	0.001199552	0.000791287
0.121028382	0.000496351	9.38362E-05	0.000791273
0.121097424	0.000496911	-0.001660999	0.000791056
0.121166464	0.000497478	0.000131595	0.000791627
0.12123549	0.000498052	0.002179508	0.000791664
0.121304501	0.000498632	-0.001080699	0.000791163
0.121373497	0.000499219	-0.002079934	0.000791131
0.121442479	0.000499813	-0.000696749	0.000791204
0.121511446	0.000500413	0.000678508	0.000790859
0.121580398	0.00050102	0.000453021	0.000790859
0.121649336	0.000501634	-0.000251323	0.000790595
0.121718246	0.000502254	0.000837263	0.000790901
0.121787154	0.000502881	0.001895152	0.000790803
0.121856048	0.000503514	-0.001745064	0.000790592
0.121924927	0.000504154	-0.000312112	0.000790916
0.121993791	0.000504801	-0.00138384	0.000790647
0.122062641	0.000505454	0.001094479	0.000790645
0.122131476	0.000506114	0.001116657	0.000790631
0.122200296	0.00050678	0.000361388	0.000790117
0.122269089	0.000507452	-0.000282563	0.000790191
0.12233788	0.000508132	0.000478533	0.000790655
0.122406656	0.000508817	-0.000666773	0.000790479
0.122475418	0.00050951	-0.002933417	0.00078993
0.122544165	0.000510208	-0.001645582	0.000790107
0.122612898	0.000510914	0.000430203	0.000789838
0.122681616	0.000511625	-0.002397379	0.000790109
0.122750319	0.000512343	-0.001535108	0.000790319
0.122818994	0.000513067	-0.000105754	0.000790127
0.122887668	0.000513798	-0.000301291	0.000790156
0.122956327	0.000514535	-0.003243469	0.000789609
0.123024972	0.000515279	-0.004149002	0.000789568
0.123093601	0.000516028	-0.003178307	0.000789521
0.123162217	0.000516784	0.00032384	0.000789529
0.123230817	0.000517547	-0.001631044	0.000789582
0.123299403	0.000518315	-0.003438409	0.000789403
0.123367974	0.00051909	-0.00260761	0.000789257
0.123436518	0.000519871	-0.000914566	0.000789554
0.123505059	0.000520659	-0.002257065	0.00078974
0.123573587	0.000521452	-0.004046875	0.00078857
0.123642099	0.000522252	-0.000695126	0.000789042
0.123710597	0.000523058	0.0001439	0.000789736
0.12377908	0.00052387	-0.000429499	0.000789063
0.123847549	0.000524689	-0.001195156	0.00078959
0.123916003	0.000525513	0.001211593	0.00078949
0.123984429	0.000526344	-0.00022814	0.000789406
0.124052854	0.00052718	-0.001270872	0.000789168
0.124121264	0.000528023	-0.002087168	0.000789024
0.124189659	0.000528872	-0.000134189	0.000788972
0.12425804	0.000529727	-0.000202427	0.000789624
0.124326405	0.000530587	0.000894506	0.000789266
0.124394757	0.000531454	-0.001310561	0.000789474
0.124463093	0.000532327	0.001708552	0.000789508
0.124531402	0.000533206	0.001156978	0.000789618
0.12459971	0.00053409	-0.001021541	0.000788544
0.124668002	0.000534981	0.000522202	0.000788936
0.12473628	0.000535878	0.002886717	0.00078924
0.124804544	0.00053678	0.002711749	0.00078935
0.124872792	0.000537689	0.002243993	0.00078922
0.124941026	0.000538603	0.002091256	0.000788845
0.125009246	0.000539523	0.003288385	0.000789224
0.125077451	0.000540449	0.001752844	0.000789339
0.125145628	0.00054138	0.001182298	0.00078857
0.125213803	0.000542318	0.00171061	0.000788943
0.125281964	0.000543261	0.002641082	0.0007893
0.12535011	0.00054421	0.003016066	0.000789066
0.125418241	0.000545164	0.001629856	0.000788853
0.125486358	0.000546125	0.00182984	0.000788727
0.12555446	0.000547091	0.003086753	0.000789115
0.125622548	0.000548062	0.0025337	0.000788991
0.125690607	0.00054904	0.001191415	0.000788377
0.125758665	0.000550023	-0.000114607	0.000788819
0.125826723	0.000550929	0.002179603	0.000788509
0.125894786	0.000550929	0.003229049	0.000788651
0.125962849	0.000550929	-0.000836547	0.000788475
0.126030912	0.000550929	-0.00011124	0.000788255
0.126098975	0.000550929	0.002555734	0.000788508
0.126167038	0.000550929	0.002319197	0.000788375
0.126235088	0.000550929	-0.000432506	0.000787895
0.126303151	0.000550929	-0.002232512	0.000788087
0.126371214	0.00055093	0.001501372	0.00078823
0.126439276	0.00055093	0.001015476	0.000788252
0.126507339	0.00055093	-0.000897048	0.000788232
0.126575402	0.00055093	-0.000917664	0.000787918
0.126643465	0.00055093	0.001284554	0.000787944
0.126711528	0.000550931	-1.81144E-05	0.000787589
0.126779591	0.000550931	-0.002102523	0.000787912
0.126847641	0.000550931	-0.001568011	0.000787624
0.126915704	0.000550932	0.001278939	0.000787807
0.126983767	0.000550932	0.00162629	0.000788152
0.12705183	0.000550932	-0.001048556	0.000787393
0.127119893	0.000550933	-0.000403919	0.000787317
0.127187956	0.000550933	0.002651108	0.000787745
0.127256018	0.000550933	0.000528902	0.000788042
0.127324081	0.000550934	-0.001044526	0.000786831
0.127392131	0.000550934	-0.001118648	0.000787343
0.127460194	0.000550935	0.002372229	0.000788013
0.127528257	0.000550935	0.002386864	0.000787957
0.12759632	0.000550936	0.002041777	0.000788079
0.127664383	0.000550936	0.002567452	0.000787985
0.127732446	0.000550937	0.003628677	0.000788401
0.127800509	0.000550937	0.002165207	0.000787768
0.127868572	0.000550938	0.000177677	0.000787794
0.127936622	0.000550939	0.003458888	0.00078785
0.128004685	0.000550939	0.005851942	0.000787811
0.128072747	0.00055094	0.004489763	0.000787582
0.12814081	0.00055094	0.005260908	0.000787429
0.128208873	0.000550941	0.004847336	0.000787734
0.128276936	0.000550942	0.004953489	0.000787808
0.128344999	0.000550943	0.003424487	0.000787263
0.128413062	0.000550943	0.002234291	0.000787584
0.128481125	0.000550944	0.004753859	0.000787933
0.128549175	0.000550945	0.008198495	0.000787805
0.128617238	0.000550946	0.004693497	0.000787924
0.128685301	0.000550946	0.004762107	0.00078774
0.128753364	0.000550947	0.004999205	0.000787874
0.128821427	0.000550948	0.003639608	0.000787878
0.128889489	0.000550949	0.002212395	0.000787271
0.128957552	0.00055095	0.00298691	0.000787021
0.129025615	0.000550951	0.004535505	0.000787647
0.129093665	0.000550952	0.005331609	0.000787479
0.129161728	0.000550953	0.004030774	0.000787259
0.129229791	0.000550954	0.000723065	0.00078652
0.129297854	0.000550955	0.003416672	0.000786893
0.129365917	0.000550956	0.003617894	0.000787002
0.12943398	0.000550957	0.00056048	0.000787134
0.129502043	0.000550958	0.002677278	0.000786373
0.129570106	0.000550959	0.001854836	0.000786886
0.129638155	0.00055096	0.003010239	0.000786773
0.129706218	0.000550961	0.002557089	0.000786355
0.129774281	0.000550962	0.000218993	0.000786694
0.129842344	0.000550963	0.000773843	0.000786721
0.129910407	0.000550964	0.002194998	0.000786861
0.12997847	0.000550966	-0.000980976	0.000786047
0.130046533	0.000550967	-0.001399886	0.000786215
0.130114596	0.000550968	-0.001020401	0.00078635
0.130182659	0.000550969	0.001321064	0.000786147
0.130250709	0.00055097	-0.000871316	0.000786025
0.130318772	0.000550972	-0.001754735	0.000785369
0.130386835	0.000550973	0.00083651	0.000786169
0.130454897	0.000550974	0.000815323	0.000785857
0.13052296	0.000550976	-0.001006768	0.000785598
0.130591023	0.000550977	-0.000917718	0.000785264
0.130659086	0.000550978	0.00297132	0.000785491
0.130727149	0.00055098	0.001554222	0.000785815
0.130795199	0.000550981	0.001662895	0.000785561
0.130863262	0.000550983	0.000494216	0.000785452
0.130931325	0.000550984	0.001616137	0.00078573
0.130999388	0.000550986	0.002376737	0.000785442
0.131067451	0.000550987	0.002118893	0.000784766
0.131135514	0.000550989	-0.000280045	0.000784867
0.131203577	0.00055099	0.002285568	0.000785173
0.131271639	0.000550992	0.004459257	0.000785124
0.131339689	0.000550993	0.000598761	0.000785341
0.131407752	0.000550995	0.002893146	0.000784842
0.131475815	0.000550996	0.004989346	0.000785121
0.131543878	0.000550998	0.0014771	0.000785305
0.131611941	0.000551	0.001399874	0.000784656
0.131680004	0.000551001	0.001230493	0.000784715
0.131748067	0.000551003	0.004187075	0.000784828
0.13181613	0.000551005	0.004209069	0.000784767
0.131884193	0.000551006	0.001297204	0.000784534
0.131952243	0.000551008	0.00184148	0.00078466
0.132020306	0.00055101	0.00362996	0.000784848
0.132088368	0.000551012	0.004729443	0.000784211
0.132156431	0.000551014	0.000519074	0.000784416
0.132224494	0.000551015	0.003374185	0.000784682
0.132292557	0.000551017	0.004292702	0.00078425
0.13236062	0.000551019	0.004881672	0.000784489
0.132428683	0.000551021	0.002978802	0.000784092
0.132496733	0.000551023	0.00191909	0.000783591
0.132564796	0.000551025	0.003187018	0.000783869
0.132632859	0.000551027	0.000215732	0.000783586
0.132700922	0.000551029	0.001136388	0.00078343
0.132768985	0.000551031	0.000863013	0.0007836
0.132837047	0.000551033	0.00425098	0.000783673
0.13290511	0.000551035	0.000977505	0.000783575
0.132973173	0.000551037	-0.002144284	0.000783207
0.133041223	0.000551039	-0.001113018	0.000783257
0.133109286	0.000551041	0.000482789	0.000782865
0.133177349	0.000551043	-0.001105832	0.000782561
0.133245412	0.000551045	-0.00101401	0.000782596
0.133313475	0.000551047	-0.001173102	0.000782234
0.133381538	0.000551049	0.000936795	0.000782491
0.133449601	0.000551051	0.000384337	0.000782281
0.133517664	0.000551054	-0.002856655	0.000781579
0.133585727	0.000551056	-0.003227197	0.000782177
0.133653776	0.000551058	0.000164933	0.00078191
0.133721839	0.00055106	-0.004536317	0.000781705
0.133789902	0.000551063	-0.002412516	0.00078112
0.133857965	0.000551065	-0.00089547	0.000781602
0.133926028	0.000551067	0.000127517	0.000781841
0.133994091	0.000551069	-0.001557688	0.000781691
0.134062154	0.000551072	-0.002643304	0.000781401
0.134130217	0.000551074	-0.001793484	0.000781929
0.134198267	0.000551077	-0.002380406	0.000781146
0.13426633	0.000551079	-0.002251068	0.000780745
0.134334393	0.000551081	-0.001488237	0.000780776
0.134402456	0.000551084	0.000753395	0.000780947
0.134470518	0.000551086	0.000494719	0.00078074
0.134538581	0.000551089	-0.002568485	0.000781033
0.134606644	0.000551091	-0.002226117	0.000780454
0.134674707	0.000551094	-0.000903529	0.00078078
0.134742757	0.000551096	-0.001939156	0.000780918
0.13481082	0.000551099	-0.002656476	0.000780264
0.134878883	0.000551101	-0.004355965	0.000780449
0.134946946	0.000551104	-0.001384162	0.000780666
0.135015009	0.000551107	0.00220533	0.00078037
0.135083072	0.000551109	4.47421E-05	0.000780147
0.135151135	0.000551112	-0.001003183	0.000779926
0.135219198	0.000551115	-0.000126529	0.000779932
0.13528726	0.000551117	-0.001453569	0.000780067
0.13535531	0.00055112	-0.000983201	0.000780096
0.135423373	0.000551123	-8.72054E-05	0.000779771
0.135491436	0.000551125	0.003111389	0.000780361
0.135559499	0.000551128	0.002121349	0.000779917
0.135627562	0.000551131	8.6105E-05	0.000779755
0.135695625	0.000551134	-0.000832481	0.000779637
0.135763688	0.000551137	0.00136082	0.000779424
0.135831751	0.000551139	-0.000322909	0.000779505
0.135899801	0.000551142	-0.001372081	0.000779011
0.135967864	0.000551145	-0.002471509	0.000778825
0.136035927	0.000551148	0.001418497	0.000778931
0.136103989	0.000551151	-0.000231197	0.000779539
0.136172052	0.000551154	-0.001456074	0.000778789
0.136240115	0.000551157	-0.001942569	0.000778361
0.136308178	0.00055116	0.000698319	0.00077901
0.136376241	0.000551163	-0.001784702	0.000778719
0.136444291	0.000551166	-0.002938687	0.000777794
0.136512354	0.000551169	-0.002706846	0.000777787
0.136580417	0.000551172	0.000511807	0.000778668
0.13664848	0.000551175	-0.000808911	0.000778344
0.136716543	0.000551178	-0.002543943	0.000777686
0.136784606	0.000551181	-0.004927959	0.000777934
0.136852668	0.000551184	-0.002149663	0.000778079
0.136920731	0.000551187	-0.002425576	0.000777704
0.136988794	0.000551191	-0.005005996	0.000777755
0.137056844	0.000551194	-0.003183103	0.000777945
0.137124907	0.000551197	-0.001189395	0.000778078
0.13719297	0.0005512	-0.002388123	0.000777272
0.137261033	0.000551204	-0.004452729	0.000776733
0.137329096	0.000551207	-0.003166378	0.000777072
0.137397159	0.00055121	-0.001658332	0.000777548
0.137465222	0.000551213	-0.004149939	0.000777362
0.137533285	0.000551217	-0.00517601	0.000777271
0.137601335	0.00055122	-0.003128468	0.00077664
0.137669397	0.000551223	0.000602574	0.000777472
0.13773746	0.000551227	0.000245741	0.000776919
0.137805523	0.00055123	-0.003116976	0.000776996
0.137873586	0.000551234	-0.002857333	0.000776473
0.137941649	0.000551237	-0.000499222	0.000777015
0.138009712	0.00055124	-0.00136487	0.000776822
0.138077775	0.000551244	-0.001295968	0.000776416
0.138145825	0.000551247	-0.0009335	0.000776783
0.138213888	0.000551251	-0.00049708	0.000776786
0.138281951	0.000551255	-0.001246523	0.00077684
0.138350014	0.000551258	-0.003430359	0.000776283
0.138418077	0.000551262	0.001070521	0.000776274
