Wave-Number (cm-1)	u(Wave-Number) (cm-1)	Absorbance	u(Absorbance)
0.041852763	6.53438E-05	-0.003258687	0.000955433
0.041919515	6.54433E-05	0.00044476	0.000955397
0.041986264	6.55428E-05	-0.00019895	0.000955596
0.042053017	6.56423E-05	-0.001698093	0.000955489
0.042119766	6.57419E-05	-0.001058742	0.000955172
0.042186518	6.58414E-05	-0.002461301	0.000954991
0.042253267	6.59409E-05	-0.002303003	0.000954868
0.04232002	6.60404E-05	-0.002518925	0.000955219
0.042386769	6.614E-05	-0.001828257	0.000954497
0.042453521	6.62395E-05	-0.002265606	0.000955021
0.04252027	6.63391E-05	-0.000908578	0.000954811
0.042587023	6.64387E-05	-0.00102357	0.000954293
0.042653772	6.65382E-05	-0.001420937	0.000955029
0.042720524	6.66378E-05	-0.000250347	0.000954115
0.042787273	6.67374E-05	0.001704895	0.000953379
0.042854026	6.6837E-05	-0.002244548	0.000953669
0.042920775	6.69366E-05	-0.001585023	0.000954003
0.042987527	6.70362E-05	-0.003146864	0.000954859
0.043054276	6.71358E-05	-0.002285776	0.000953399
0.043121029	6.72354E-05	-0.001124804	0.00095322
0.043187778	6.73351E-05	-0.003305135	0.000953952
0.04325453	6.74347E-05	-0.001569124	0.000953506
0.043321279	6.75343E-05	-0.001478252	0.000953314
0.043388032	6.7634E-05	-0.004576986	0.000952588
0.043454784	6.77336E-05	-0.004683874	0.000953335
0.043521533	6.78333E-05	-0.003321835	0.000953421
0.043588286	6.79329E-05	-0.002745378	0.000953213
0.043655035	6.80326E-05	-0.004743604	0.000953503
0.043721787	6.81323E-05	-0.004398142	0.000952086
0.043788536	6.8232E-05	-0.002167126	0.000953064
0.043855289	6.83317E-05	-0.003750465	0.000952124
0.043922038	6.84314E-05	-0.005457644	0.00095231
0.04398879	6.85311E-05	-0.003709268	0.000951369
0.044055539	6.86308E-05	-0.002916962	0.000951896
0.044122292	6.87305E-05	-0.002679027	0.000952254
0.044189041	6.88302E-05	-0.003865199	0.00095155
0.044255793	6.89299E-05	-0.004454623	0.000951287
0.044322542	6.90297E-05	-0.002653096	0.000952053
0.044389295	6.91294E-05	-0.004077068	0.000952017
0.044456044	6.92291E-05	-0.003521913	0.000951162
0.044522796	6.93289E-05	-0.003885829	0.000951928
0.044589545	6.94287E-05	-0.001387455	0.000952153
0.044656298	6.95284E-05	-0.002211331	0.000951708
0.044723047	6.96282E-05	-0.003660852	0.000950849
0.044789799	6.9728E-05	-0.002274442	0.000951758
0.044856548	6.98277E-05	-0.001533345	0.000951663
0.044923301	6.99275E-05	-0.002826386	0.000950681
0.04499005	7.00273E-05	-0.002470277	0.000950705
0.045056802	7.01271E-05	-0.001592365	0.000950864
0.045123555	7.02269E-05	0.000460145	0.000951259
0.045190304	7.03267E-05	-0.000130006	0.000951053
0.045257056	7.04266E-05	-0.003740795	0.000951393
0.045323805	7.05264E-05	-0.001235855	0.000950888
0.045390558	7.06262E-05	-0.000438137	0.000950569
0.045457307	7.0726E-05	-0.002297431	0.000951052
0.045524059	7.08259E-05	-0.002298443	0.000950029
0.045590808	7.09257E-05	-0.001089901	0.000951378
0.045657561	7.10256E-05	-0.000511275	0.000950325
0.04572431	7.11254E-05	0.000139067	0.000950422
0.045791062	7.12253E-05	-0.002227797	0.000950215
0.045857811	7.13252E-05	-0.000245027	0.00095054
0.045924564	7.1425E-05	0.002198149	0.000950934
0.045991313	7.15249E-05	-0.000196377	0.00095008
0.046058065	7.16248E-05	-0.001501672	0.00094971
0.046124814	7.17247E-05	0.000334584	0.000949547
0.046191567	7.18246E-05	0.001213562	0.000949707
0.046258316	7.19245E-05	-0.002220193	0.00095045
0.046325068	7.20244E-05	-0.002268062	0.000948985
0.046391817	7.21243E-05	-0.000403556	0.000949699
0.04645857	7.22242E-05	-2.65904E-05	0.000950309
0.046525319	7.23241E-05	-0.002426295	0.000950069
0.046592071	7.24241E-05	-0.003178778	0.000949753
0.04665882	7.2524E-05	-0.001137953	0.000949007
0.046725573	7.26239E-05	-0.001830123	0.000949545
0.046792325	7.27239E-05	-0.002366234	0.000948941
0.046859074	7.28238E-05	-0.002838199	0.000949308
0.046925827	7.29238E-05	-0.002343351	0.000949644
0.046992576	7.30237E-05	-0.00016617	0.000949094
0.047059328	7.31237E-05	-0.001715877	0.000949096
0.047126077	7.32237E-05	-0.003125216	0.000948392
0.04719283	7.33236E-05	-0.002071573	0.000949072
0.047259579	7.34236E-05	-0.00175314	0.000948945
0.047326331	7.35236E-05	-0.003391693	0.000949138
0.04739308	7.36236E-05	-0.002346164	0.000948566
0.047459833	7.37236E-05	-0.001601831	0.000948647
0.047526582	7.38236E-05	0.000611345	0.00094825
0.047593334	7.39236E-05	-0.002068992	0.000948171
0.047660083	7.40236E-05	-0.002899539	0.000948396
0.047726836	7.41236E-05	-0.000532425	0.000948777
0.047793585	7.42236E-05	-5.67997E-05	0.000948528
0.047860337	7.43237E-05	-0.001487788	0.000948199
0.047927086	7.44237E-05	-0.002721745	0.000948917
0.047993839	7.45237E-05	-0.000818052	0.000947979
0.048060588	7.46238E-05	0.000992544	0.000948074
0.04812734	7.47238E-05	-0.003117858	0.000948626
0.048194089	7.48238E-05	-0.001839334	0.000948292
0.048260842	7.49239E-05	3.74815E-05	0.000948455
0.048327591	7.5024E-05	0.000531746	0.000948732
0.048394343	7.5124E-05	-0.000176382	0.000948801
0.048461096	7.52241E-05	0.000251265	0.000948109
0.048527845	7.53242E-05	0.000734935	0.000948094
0.048594597	7.54242E-05	0.002460242	0.000948439
0.048661346	7.55243E-05	-0.000385365	0.000948363
0.048728099	7.56244E-05	-8.75523E-05	0.000947652
0.048794848	7.57245E-05	0.0022359	0.000948492
0.0488616	7.58246E-05	0.001109712	0.000947743
0.048928349	7.59247E-05	0.001545756	0.000948186
0.048995102	7.60248E-05	0.001438237	0.000947549
0.049061851	7.61249E-05	0.001679138	0.000947182
0.049128603	7.6225E-05	0.003427463	0.000947088
0.049195352	7.63251E-05	0.001735556	0.000947498
0.049262105	7.64252E-05	0.00043344	0.000947968
0.049328854	7.65254E-05	0.002660696	0.000947802
0.049395606	7.66255E-05	0.002313715	0.000948011
0.049462355	7.67256E-05	0.002444648	0.000947249
0.049529108	7.68258E-05	0.002026279	0.000947873
0.049595857	7.69259E-05	0.004631313	0.000946937
0.049662609	7.70261E-05	0.003328927	0.000947405
0.049729358	7.71262E-05	0.001545865	0.000946925
0.049796111	7.72264E-05	0.002643244	0.000947515
0.04986286	7.73265E-05	0.001689387	0.000946994
0.049929612	7.74267E-05	0.003108265	0.000947395
0.049996361	7.75269E-05	0.001477563	0.000946679
0.050063114	7.76271E-05	0.001537307	0.000947232
0.050129866	7.77272E-05	0.00325234	0.000946684
0.050196615	7.78274E-05	0.000866768	0.000946493
0.050263367	7.79276E-05	0.000139033	0.000947237
0.050330117	7.80278E-05	0.001303636	0.000946275
0.050396869	7.8128E-05	0.000603448	0.000947116
0.050463618	7.82282E-05	-0.00017128	0.000946221
0.05053037	7.83284E-05	-0.000656496	0.000946716
0.05059712	7.84286E-05	0.001615856	0.000946392
0.050663872	7.85288E-05	0.002228888	0.000946696
0.050730621	7.8629E-05	0.001877006	0.000946549
0.050797374	7.87293E-05	5.00648E-05	0.000946348
0.050864123	7.88295E-05	0.00097239	0.000946651
0.050930875	7.89297E-05	0.003112475	0.000946852
0.050997624	7.903E-05	0.001177244	0.000946492
0.051064377	7.91302E-05	0.000414678	0.000946544
0.051131126	7.92304E-05	0.001301951	0.000946156
0.051197878	7.93307E-05	0.003382197	0.000946703
0.051264627	7.94309E-05	0.001832594	0.000946165
0.05133138	7.95312E-05	0.001245719	0.000945841
0.051398129	7.96314E-05	0.002230059	0.000945917
0.051464881	7.97317E-05	0.003463095	0.000946101
0.05153163	7.9832E-05	0.003711069	0.000946209
0.051598383	7.99322E-05	0.002426451	0.000946064
0.051665132	8.00325E-05	0.002288382	0.000946351
0.051731884	8.01328E-05	0.004079353	0.000946524
0.051798636	8.02331E-05	0.003919682	0.000946287
0.051865386	8.03334E-05	0.002910598	0.00094557
0.051932138	8.04336E-05	0.003803415	0.000945538
0.051998887	8.05339E-05	0.00427017	0.000946316
0.052065639	8.06342E-05	0.002133013	0.000946351
0.052132389	8.07345E-05	0.004187339	0.00094602
0.052199141	8.08348E-05	0.003020518	0.000945964
0.05226589	8.09352E-05	0.004645514	0.000945546
0.052332642	8.10355E-05	0.004510097	0.000945951
0.052399392	8.11358E-05	0.003042268	0.000945708
0.052466144	8.12361E-05	0.004582702	0.000945655
0.052532893	8.13364E-05	0.003299936	0.000945628
0.052599645	8.14368E-05	0.004703016	0.000945862
0.052666395	8.15371E-05	0.003166637	0.000944595
0.052733147	8.16374E-05	0.003390348	0.000945618
0.052799896	8.17378E-05	0.004629582	0.000945379
0.052866648	8.18381E-05	0.002466649	0.000945315
0.052933398	8.19384E-05	0.00280463	0.000945413
0.05300015	8.20388E-05	0.002948601	0.000944704
0.053066899	8.21391E-05	0.003025236	0.000944645
0.053133652	8.22395E-05	0.00085294	0.000944533
0.053200401	8.23399E-05	0.002087961	0.00094507
0.053267153	8.24402E-05	0.004576385	0.0009453
0.053333902	8.25406E-05	0.00402134	0.000944652
0.053400655	8.2641E-05	0.002785304	0.000945009
0.053467407	8.27413E-05	0.002152153	0.000944185
0.053534159	8.28417E-05	0.001743323	0.000943607
0.053600905	8.29421E-05	0.001937322	0.000943636
0.053667658	8.30425E-05	4.2391E-05	0.000943731
0.05373441	8.31429E-05	0.000311175	0.000943583
0.053801162	8.32433E-05	0.001610672	0.000944246
0.053867908	8.33437E-05	0.000942097	0.000943512
0.053934661	8.34441E-05	-0.000693247	0.000943645
0.054001413	8.35445E-05	-0.001773834	0.000943768
0.054068165	8.36449E-05	0.000757026	0.000943179
0.054134911	8.37453E-05	0.001501658	0.000943854
0.054201664	8.38457E-05	-0.002448897	0.000943222
0.054268416	8.39461E-05	-0.000637276	0.000942949
0.054335168	8.40465E-05	-0.001110025	0.000943255
0.054401914	8.41469E-05	-0.000427459	0.000943262
0.054468667	8.42474E-05	-0.000739354	0.000943028
0.054535419	8.43478E-05	-0.00050537	0.000943203
0.054602171	8.44482E-05	0.001836704	0.000942941
0.054668917	8.45487E-05	-0.000304177	0.000942811
0.05473567	8.46491E-05	-0.001256484	0.000942834
0.054802422	8.47496E-05	-1.46315E-05	0.0009433
0.054869174	8.485E-05	-0.000455776	0.000943046
0.05493592	8.49504E-05	0.000217863	0.000942349
0.055002673	8.50509E-05	-0.000608239	0.000942156
0.055069425	8.51514E-05	0.000183431	0.000942672
0.055136178	8.61316E-05	0.001800818	0.000942256
0.05520293	8.61365E-05	0.002402216	0.00094197
0.055269669	8.61485E-05	0.000628761	0.000942269
0.055336407	8.61675E-05	7.23303E-05	0.000942046
0.055403139	8.61937E-05	0.001787262	0.000942207
0.055469864	8.62269E-05	0.002317533	0.000942332
0.055536576	8.62672E-05	0.000225224	0.000941928
0.055603287	8.63147E-05	0.001513691	0.000942002
0.055669992	8.63694E-05	0.003165867	0.000942154
0.05573669	8.64312E-05	0.001462722	0.000942041
0.055803375	8.65002E-05	0.000169653	0.000941616
0.05587006	8.65764E-05	0.001656268	0.000941181
0.055936738	8.66597E-05	0.003173815	0.000941851
0.056003409	8.67503E-05	0.002332302	0.000941609
0.056070068	8.68481E-05	0.002357752	0.000941589
0.056136726	8.6953E-05	0.000663911	0.000941058
0.056203377	8.70652E-05	0.00276137	0.000941041
0.056270021	8.71845E-05	0.000196439	0.000940708
0.056336653	8.7311E-05	0.00063843	0.000941077
0.056403284	8.74447E-05	-0.000461998	0.000940448
0.056469908	8.75856E-05	0.001590105	0.000941055
0.056536526	8.77337E-05	-0.00061613	0.000940448
0.056603131	8.78889E-05	-0.002508591	0.000939843
0.056669735	8.80512E-05	-0.002405636	0.000939881
0.056736333	8.82207E-05	-4.00656E-05	0.0009403
0.056802924	8.83973E-05	-0.001192116	0.000940597
0.056869508	8.8581E-05	-0.001366142	0.000939964
0.056936079	8.87717E-05	-0.000443765	0.000939844
0.05700265	8.89695E-05	-0.000588621	0.000939543
0.057069214	8.91744E-05	-0.00060056	0.000939611
0.057135771	8.93862E-05	-0.003498217	0.000939488
0.057202316	8.9605E-05	-0.001239492	0.000939455
0.05726886	8.98308E-05	-0.001020206	0.000939286
0.057335397	9.00635E-05	-0.003337472	0.000939423
0.057401928	9.03031E-05	-0.004170055	0.000939653
0.057468445	9.05496E-05	-0.003364878	0.000939444
0.057534962	9.08029E-05	0.000299732	0.000939154
0.057601473	9.1063E-05	-0.003923413	0.000939287
0.057667977	9.13299E-05	-0.005258598	0.000938614
0.057734467	9.16036E-05	-0.002653649	0.000938368
0.057800958	9.18839E-05	-0.002943466	0.000939531
0.057867441	9.21709E-05	-0.001390243	0.000938454
0.057933918	9.24645E-05	-0.004024822	0.000938719
0.058000382	9.27647E-05	-0.001708923	0.000938934
0.058066846	9.30715E-05	-0.002871427	0.000939064
0.058133303	9.33847E-05	-0.00207632	0.000938629
0.058199753	9.37045E-05	-0.002872772	0.000938537
0.05826619	9.40306E-05	-0.00386959	0.000938541
0.058332627	9.43631E-05	-8.97377E-05	0.000938395
0.058399057	9.4702E-05	-0.002251689	0.000938177
0.05846548	9.50472E-05	-0.003166005	0.000938293
0.058531897	9.53986E-05	-0.000859114	0.000938457
0.0585983	9.57562E-05	-0.000262493	0.000938645
0.058664703	9.612E-05	-0.002597818	0.000938678
0.0587311	9.64899E-05	-0.001082098	0.000937748
0.05879749	9.68659E-05	-0.001410477	0.000938
0.058863866	9.72478E-05	-0.00215322	0.000937515
0.058930243	9.76358E-05	-0.001179893	0.00093841
0.058996613	9.80296E-05	-0.001439267	0.00093767
0.059062976	9.84294E-05	-0.000413499	0.000937821
0.059129325	9.8835E-05	7.35372E-05	0.000938093
0.059195675	9.92463E-05	-0.001448574	0.000937619
0.059262018	9.96634E-05	-0.002079862	0.000937576
0.059328354	0.000100086	-0.000415283	0.00093747
0.059394677	0.000100515	-0.001898338	0.000937202
0.059461	0.000100949	-0.002876242	0.000937134
0.059527316	0.000101388	-0.002968831	0.000936621
0.059593626	0.000101833	-0.000479363	0.000937461
0.059659922	0.000102284	-0.000608442	0.000937267
0.059726218	0.000102739	-0.001815654	0.000937315
0.059792507	0.000103201	-0.001706894	0.000937055
0.05985879	0.000103667	-0.001498165	0.000936661
0.059925059	0.000104139	-0.002055483	0.00093668
0.059991328	0.000104616	-0.002677493	0.000936339
0.060057591	0.000105098	-0.003050431	0.000936859
0.060123847	0.000105585	-0.001123408	0.000936666
0.060190096	0.000106077	-0.001855468	0.000936409
0.060256332	0.000106574	-0.003973499	0.000936049
0.060322567	0.000107077	-0.004319648	0.000936198
0.060388796	0.000107584	-0.001145282	0.000935865
0.060455018	0.000108096	-0.001956684	0.000936195
0.060521228	0.000108612	-0.004884735	0.000936341
0.060587436	0.000109134	-0.004557229	0.000935391
0.060653638	0.00010966	-0.004101339	0.000935856
0.060719834	0.000110191	-0.003408382	0.000935907
0.060786016	0.000110726	-0.005203753	0.000935247
0.060852198	0.000111267	-0.004548137	0.000935442
0.060918374	0.000111811	-0.003427149	0.00093563
0.060984542	0.00011236	-0.004064986	0.000935712
0.061050698	0.000112914	-0.003518274	0.000935642
0.061116853	0.000113472	-0.003262201	0.000936029
0.061183001	0.000114034	-0.002424877	0.000935328
0.061249143	0.000114601	-0.004384158	0.000935491
0.061315272	0.000115172	-0.003418956	0.000935158
0.0613814	0.000115747	-0.002243699	0.000934957
0.061447522	0.000116326	-0.001777379	0.000935299
0.061513637	0.00011691	-0.002179259	0.00093514
0.061579739	0.000117497	-0.003528121	0.000935242
0.061645841	0.000118089	-0.001940558	0.000935599
0.061711935	0.000118685	-0.000901163	0.000935328
0.061778024	0.000119284	-0.002334272	0.000935142
0.061844105	0.000119888	-0.001833908	0.000934818
0.061910173	0.000120495	-0.000912166	0.000934928
0.061976242	0.000121107	0.00154564	0.00093509
0.062042303	0.000121722	-0.002482033	0.000934499
0.062108357	0.000122341	-0.001607122	0.000934527
0.062174399	0.000122963	-0.002078875	0.00093518
0.06224044	0.00012359	-0.001258964	0.000934902
0.062306475	0.00012422	-0.001259712	0.000934727
0.062372503	0.000124854	-0.001689551	0.000934416
0.062438518	0.000125491	-0.000349857	0.000934264
0.062504532	0.000126132	-0.000575537	0.000934728
0.06257054	0.000126776	-0.000774983	0.000934998
0.062636541	0.000127424	-0.002063242	0.000934411
0.062702529	0.000128076	-0.001505942	0.000934741
0.062768516	0.00012873	-0.000284069	0.000934622
0.062834497	0.000129389	-0.000804768	0.000934496
0.062900471	0.00013005	-0.001991962	0.000933949
0.062966433	0.000130715	-0.000851607	0.00093424
0.063032393	0.000131383	-0.000648883	0.000934668
0.063098347	0.000132055	-0.00060537	0.000934227
0.063164295	0.00013273	-0.000796192	0.000934373
0.063230229	0.000133407	0.000966917	0.000934656
0.063296163	0.000134089	0.000294645	0.000933713
0.063362091	0.000134773	-0.001144406	0.000933999
0.063428011	0.00013546	-0.001901458	0.000933764
0.063493925	0.000136151	-0.001180207	0.000934143
0.063559826	0.000136844	2.02368E-05	0.000933574
0.063625726	0.000137541	-0.001921953	0.000933141
0.06369162	0.00013824	-0.002366418	0.000933597
0.063757507	0.000138943	7.57702E-05	0.000933706
0.063823381	0.000139648	-0.001675548	0.000933301
0.063889255	0.000140357	-0.001086001	0.000932792
0.063955122	0.000141068	-0.000963755	0.000933628
0.064020982	0.000141782	-0.001029176	0.000933271
0.064086829	0.000142499	0.000501945	0.000933322
0.064152676	0.000143219	-0.000865005	0.00093332
0.064218516	0.000143941	-0.000866608	0.000932973
0.06428435	0.000144667	-0.000153472	0.000933474
0.06435017	0.000145395	0.00114096	0.000933416
0.06441599	0.000146126	-0.001829705	0.000933477
0.064481803	0.000146859	-0.001301511	0.00093348
0.06454761	0.000147595	0.001471432	0.000933688
0.064613404	0.000148334	-0.000882963	0.000933392
0.064679197	0.000149076	-0.001238463	0.000933315
0.064744983	0.00014982	-0.001211248	0.000933294
0.064810763	0.000150567	0.002839665	0.000933517
0.06487653	0.000151316	0.00243937	0.000933706
0.064942296	0.000152068	0.000866452	0.000933276
0.065008056	0.000152822	0.001572161	0.000933727
0.065073809	0.000153579	0.003558335	0.000933202
0.065139555	0.000154338	0.003369577	0.000933521
0.065205289	0.0001551	0.00080026	0.00093292
0.065271022	0.000155864	0.001503027	0.000933023
0.065336748	0.00015663	0.004157767	0.000932919
0.065402467	0.000157399	0.003390243	0.000933447
0.065468174	0.000158171	0.003232288	0.000932577
0.065533884	0.000159712	0.002215466	0.000932654
0.065599591	0.000159718	0.005206698	0.000932703
0.065665294	0.000159728	0.003302726	0.000932814
0.065730985	0.000159743	0.002188632	0.000932733
0.065796677	0.000159763	0.00365757	0.00093266
0.065862364	0.000159788	0.003526422	0.000933343
0.065928046	0.000159818	0.003954941	0.000932724
0.065993716	0.000159853	0.001024235	0.000932458
0.066059388	0.000159893	0.001590678	0.000932665
0.066125054	0.000159938	0.003393441	0.000932745
0.066190715	0.000159989	0.00477793	0.00093233
0.066256365	0.000160044	0.00151667	0.000932489
0.066322016	0.000160104	0.003801645	0.000932433
0.066387662	0.00016017	0.002892075	0.000932836
0.066453302	0.00016024	0.002452389	0.000932008
0.066518931	0.000160316	0.002151483	0.000932645
0.066584562	0.000160397	0.002415441	0.00093256
0.066650187	0.000160482	0.001838051	0.000932826
0.066715807	0.000160573	0.002229818	0.000932759
0.066781421	0.00016067	0.00114851	0.000931899
0.066847025	0.000160771	0.000944481	0.000932055
0.066912629	0.000160877	0.003681772	0.000932292
0.066978229	0.000160989	0.001650863	0.000932097
0.067043823	0.000161105	0.001601346	0.000932192
0.067109405	0.000161227	0.002407045	0.000932043
0.067174989	0.000161354	0.002545203	0.000932228
0.067240568	0.000161486	0.000475187	0.000932007
0.067306141	0.000161624	0.00067922	0.000931851
0.067371703	0.000161766	0.000889094	0.000931923
0.067437266	0.000161914	0.00213297	0.000931961
0.067502824	0.000162066	0.001365068	0.00093156
0.067568377	0.000162224	0.00086056	0.000931713
0.067633919	0.000162388	0.00091428	0.000931556
0.067699461	0.000162556	0.002931111	0.000932573
0.067764998	0.000162729	0.001447278	0.000931613
0.067830531	0.000162908	0.001850698	0.000932002
0.067896051	0.000163092	0.003153166	0.000931823
0.067961573	0.000163281	0.004028358	0.000932261
0.06802709	0.000163475	0.003955124	0.000931735
0.068092602	0.000163674	0.002975381	0.000931261
0.068158102	0.000163878	0.005544343	0.000931804
0.068223603	0.000164088	0.006516713	0.000932113
0.068289099	0.000164302	0.004652102	0.000931611
0.06835459	0.000164522	0.003117027	0.000930747
0.068420076	0.000164747	0.00331986	0.000931579
0.06848555	0.000164977	0.003624821	0.000931521
0.068551025	0.000165212	0.003482474	0.000931398
0.068616496	0.000165453	0.002073339	0.000931252
0.068681961	0.000165698	0.005744373	0.00093171
0.068747414	0.000165949	0.005635748	0.000931386
0.068812869	0.000166204	0.004334933	0.000931852
0.068878319	0.000166465	0.003852783	0.000930999
0.068943763	0.00016673	0.006088439	0.000931041
0.069009196	0.000167001	0.004957265	0.000931553
0.06907463	0.000167277	0.004230957	0.000931467
0.069140059	0.000167558	0.004721182	0.00093121
0.069205483	0.000167844	0.00708667	0.000931621
0.069270896	0.000168135	0.005089256	0.000931511
0.069336309	0.00016843	0.004402596	0.000930813
0.069401717	0.000168731	0.003459839	0.000931415
0.06946712	0.000169037	0.006363326	0.000931123
0.069532512	0.000169348	0.005236931	0.000931224
0.069597905	0.000169664	0.002258576	0.000930416
0.069663293	0.000169985	0.002421223	0.000930871
0.069728675	0.00017031	0.00395537	0.000930747
0.069794046	0.000170641	0.00534401	0.000930561
0.069859419	0.000170976	0.003337665	0.000930985
0.069924786	0.000171317	0.001796064	0.000929958
0.069990147	0.000171662	0.003536422	0.000930254
0.070055504	0.000172012	0.002676256	0.000930272
0.070120849	0.000172367	-0.000557472	0.000929901
0.070186196	0.000172727	0.002077697	0.000929917
0.070251537	0.000173091	0.003083368	0.000929962
0.070316873	0.000173461	0.001894791	0.000929767
0.070382198	0.000173835	0.000320249	0.000929291
0.070447524	0.000174214	0.002303783	0.00092911
0.070512844	0.000174598	0.003257796	0.000929598
0.07057816	0.000174986	0.001391787	0.000929284
0.070643464	0.000175379	0.000683472	0.000929303
0.070708769	0.000175777	0.002394179	0.000929041
0.070774069	0.00017618	0.00328848	0.000929459
0.070839363	0.000176587	0.001753375	0.000929009
0.070904647	0.000176999	0.001792446	0.000928748
0.070969931	0.000177415	0.001426901	0.000929084
0.071035211	0.000177837	0.001675412	0.000928895
0.071100485	0.000178262	0.002373669	0.000929345
0.071165747	0.000178693	0.000414952	0.000929161
0.071231011	0.000179127	0.001287751	0.000928613
0.07129627	0.000179567	0.002782196	0.000928688
0.071361523	0.000180011	0.001630595	0.000928295
0.071426766	0.000180459	0.001897159	0.000928784
0.071492009	0.000180912	0.000543251	0.000928545
0.071557247	0.000181369	0.002404265	0.000928572
0.07162248	0.000181831	0.003488541	0.000928383
0.071687707	0.000182297	0.001466614	0.000928189
0.071752924	0.000182768	0.003046838	0.000928257
0.071818141	0.000183243	0.004770013	0.000928796
0.071883353	0.000183722	0.003410357	0.000928269
0.07194856	0.000184206	0.001866803	0.000927655
0.072013756	0.000184694	0.002681155	0.000927958
0.072078953	0.000185186	0.003905347	0.000928239
0.072144144	0.000185683	0.002498468	0.000927809
0.072209331	0.000186184	0.002968155	0.00092751
0.072274506	0.000186689	0.002662678	0.000927914
0.072339682	0.000187198	0.004818372	0.00092772
0.072404853	0.000187712	0.003296674	0.000927721
0.072470018	0.000188229	0.002756613	0.000927152
0.072535173	0.000188751	0.002750728	0.00092756
0.072600328	0.000189277	0.004673512	0.000927311
0.072665478	0.000189807	0.002278894	0.00092694
0.072730623	0.000190342	0.000359212	0.000926273
0.072795757	0.00019088	0.003039797	0.000927398
0.072860892	0.000191422	0.003179193	0.000927235
0.072926022	0.000191969	0.002037141	0.000926721
0.072991146	0.000192519	0.000297316	0.000926549
0.073056259	0.000193074	0.00062958	0.000926068
0.073121373	0.000193632	0.0008156	0.000926156
0.073186482	0.000194194	-0.000199952	0.00092664
0.073251586	0.000194761	-0.000115362	0.000926346
0.073316685	0.000195331	0.001296247	0.000926307
0.073381772	0.000195905	0.001448991	0.000926765
0.07344686	0.000196483	-0.000694347	0.000926385
0.073511944	0.000197065	-0.002226472	0.000925775
0.073577022	0.00019765	0.001814838	0.00092643
0.073642088	0.00019824	-0.000645654	0.000925776
0.073707156	0.000198833	-0.002213228	0.000926164
0.073772219	0.00019943	-0.001999466	0.000925488
0.073837276	0.000200031	-3.87002E-05	0.000925659
0.073902322	0.000200635	-0.000874304	0.000925492
0.073967369	0.000201243	-0.002429019	0.000925472
0.074032411	0.000201855	-0.003691773	0.000925403
0.074097448	0.000202471	-0.002428652	0.000925814
0.074162473	0.00020309	-0.000379637	0.00092586
0.074227499	0.000203712	-0.002492487	0.000925234
0.074292521	0.000204339	-0.001760268	0.000925022
0.074357537	0.000204969	0.000467948	0.000925732
0.074422541	0.000205602	-0.001330585	0.000925038
0.074487547	0.00020624	-0.002921898	0.000925104
0.074552548	0.00020688	-0.00205122	0.000924729
0.074617543	0.000207524	-5.37E-05	0.000925041
0.074682527	0.000208172	-0.000295206	0.00092471
0.074747512	0.000208823	9.71371E-05	0.000924813
0.074812492	0.000209478	0.000350678	0.000924964
0.074877467	0.000210136	-0.000207143	0.000924587
0.074942437	0.000210797	0.001184889	0.000924789
0.075007395	0.000211462	-0.001886768	0.000924889
0.075072354	0.00021213	-0.000332465	0.00092491
0.075137309	0.000212801	0.002401031	0.000924898
0.075202258	0.000213476	0.000868331	0.000924743
0.075267195	0.000214154	0.000373405	0.000924375
0.075332134	0.000214836	0.000245519	0.000924016
0.075397067	0.00021552	0.002323866	0.000924727
0.075461996	0.000216208	0.00039665	0.000923902
0.075526913	0.0002169	-0.000260504	0.000923829
0.075591831	0.000217594	6.96517E-05	0.000924263
0.075656744	0.000218292	-0.000829377	0.000923633
0.075721651	0.000218992	0.000866114	0.000924288
0.075786548	0.000219696	-0.000386461	0.000923924
0.075851445	0.000220404	-0.000435295	0.000924417
0.07591636	0.000221727	0.000119072	0.000923998
0.075981299	0.000221733	0.000900843	0.000923634
0.076046248	0.000221743	-7.27139E-05	0.000923402
0.076111219	0.000221758	0.000570901	0.000923314
0.076176207	0.000221778	0.000396141	0.000923788
0.07624121	0.000221802	-0.001586883	0.00092341
0.076306224	0.000221831	-0.002015677	0.000923393
0.076371259	0.000221866	-0.001032433	0.000923218
0.076436311	0.000221904	0.000292458	0.000923183
0.076501379	0.000221948	-0.001222843	0.000922737
0.076566463	0.000221997	-0.001438162	0.000922276
0.076631557	0.00022205	-0.001953574	0.000922835
0.076696673	0.000222108	2.75042E-05	0.000923213
0.076761805	0.000222171	-0.002483891	0.000921876
0.076826954	0.000222239	-0.001638974	0.000922654
0.076892112	0.000222312	0.000859985	0.000923039
0.076957293	0.00022239	0.001134382	0.000922377
0.07702249	0.000222472	-0.002508915	0.000922008
0.077087703	0.00022256	-0.002546314	0.00092232
0.077152925	0.000222652	-0.002344721	0.000922394
0.07721817	0.000222749	0.001586825	0.000922035
0.077283432	0.000222851	-0.001401118	0.000921964
0.077348709	0.000222959	-0.002546314	0.00092232
0.077413996	0.00022307	0.000704745	0.000922246
0.077479306	0.000223187	-0.000102706	0.000922175
0.077544631	0.000223309	0.000287129	0.000921937
0.077609973	0.000223436	-0.002584968	0.0009215
0.077675325	0.000223568	-0.000431981	0.000921743
0.077740699	0.000223704	0.000603622	0.000922209
0.077806089	0.000223846	0.000955517	0.000921943
0.077871495	0.000223992	0.000587705	0.000921483
0.077936911	0.000224144	0.002496522	0.000922145
0.078002349	0.0002243	0.00220345	0.00092174
0.078067804	0.000224461	0.001271121	0.000921989
0.078133275	0.000224628	0.000551316	0.000921794
0.078198761	0.000224799	0.001711135	0.000921714
0.078264258	0.000224975	0.004147506	0.000921639
0.078329777	0.000225156	0.001217887	0.000921462
0.078395312	0.000225342	0.002554257	0.000921362
0.078460863	0.000225533	0.004010785	0.000921913
0.078526424	0.000225729	0.003455409	0.00092199
0.078592007	0.00022593	0.002564903	0.00092107
0.078657607	0.000226136	0.003524522	0.000921142
0.078723222	0.000226347	0.003767093	0.000921471
0.078788848	0.000226563	0.003208616	0.000921096
0.078854496	0.000226784	0.003232838	0.000920964
0.07892016	0.00022701	0.005157969	0.000921561
0.07898584	0.00022724	0.003073506	0.000921596
0.07905153	0.000227476	0.004297151	0.000921412
0.079117242	0.000227717	0.0026136	0.000920807
0.07918297	0.000227962	0.003525423	0.000921255
0.079248715	0.000228213	0.005662195	0.000921408
0.079314469	0.000228468	0.005005166	0.000921448
0.079380246	0.000228728	0.00252612	0.000920929
0.079446038	0.000228994	0.003043385	0.000920937
0.079511847	0.000229264	0.005187387	0.000920685
0.079577666	0.000229539	0.00490366	0.000921411
0.079643507	0.000229819	0.000987281	0.000920729
0.079709364	0.000230104	0.003033769	0.000921341
0.079775238	0.000230393	0.004704525	0.000920367
0.079841127	0.000230688	0.00333154	0.000920663
0.079907026	0.000230988	0.003053031	0.000920532
0.079972948	0.000231292	0.003318519	0.000920616
0.080038886	0.000231601	0.005031517	0.000920235
0.08010484	0.000231915	0.003502721	0.000919967
0.080170803	0.000232234	0.00383317	0.000920285
0.080236789	0.000232558	0.00354164	0.000920108
0.080302792	0.000232887	0.005821287	0.00092089
0.08036881	0.000233221	0.004722761	0.000920978
0.080434838	0.000233559	0.004944277	0.000920357
0.080500889	0.000233902	0.004872308	0.000920752
0.080566955	0.00023425	0.00751147	0.000920529
0.080633038	0.000234603	0.006810693	0.00092117
0.080699131	0.00023496	0.00693087	0.000920624
0.080765246	0.000235323	0.004657435	0.000920743
0.080831377	0.00023569	0.007462759	0.00092068
0.080897524	0.000236062	0.007857646	0.000920895
0.080963681	0.000236438	0.007395234	0.000920332
0.08102986	0.00023682	0.008959588	0.000920922
0.081096056	0.000237206	0.009794986	0.000920864
0.081162267	0.000237596	0.008350242	0.00092081
0.081228489	0.000237992	0.009566149	0.000920808
0.081294733	0.000238392	0.008784094	0.000921053
0.081360992	0.000238797	0.011779112	0.000921201
0.081427268	0.000239206	0.012406598	0.000920387
0.081493561	0.000239621	0.011302319	0.000921045
0.081559863	0.000240039	0.012781841	0.000920619
0.081626187	0.000240463	0.01632769	0.000921167
0.081692527	0.000240891	0.012825927	0.000921159
0.081758884	0.000241324	0.012923401	0.000920685
0.08182525	0.000241761	0.015044909	0.000921154
0.081891639	0.000242203	0.016586081	0.000921605
0.081958044	0.000242649	0.017079851	0.000921234
0.082024465	0.0002431	0.016230493	0.000920953
0.082090896	0.000243556	0.017924789	0.000921693
0.082157349	0.000244016	0.017806907	0.000921609
0.082223819	0.000244481	0.019541256	0.00092169
0.082290304	0.00024495	0.01883114	0.000921762
0.082356799	0.000245423	0.019669351	0.000921709
0.082423317	0.000245901	0.020660741	0.000921946
0.082489851	0.000246384	0.018564958	0.000921789
0.082556401	0.000246871	0.020004646	0.000921804
0.08262296	0.000247362	0.022932423	0.000921688
0.082689542	0.000247858	0.023160328	0.000921922
0.082756141	0.000248359	0.022078069	0.000921981
0.082822755	0.000248863	0.024995222	0.000921821
0.082889379	0.000249372	0.027572288	0.000922677
0.082956026	0.000249886	0.026195559	0.000923069
0.083022688	0.000250403	0.027479305	0.000922863
0.083089367	0.000250925	0.025983668	0.000922414
0.083156062	0.000251452	0.029665786	0.000922973
0.083222766	0.000251982	0.032477155	0.000923379
0.083289494	0.000252517	0.03215128	0.000922396
0.083356237	0.000253056	0.032457141	0.000922576
0.083422996	0.0002536	0.03499577	0.000923721
0.083489765	0.000254148	0.035504898	0.000923399
0.083556557	0.0002547	0.039319078	0.000923898
0.083623364	0.000255256	0.03756444	0.000923738
0.083690188	0.000255816	0.040475599	0.000924567
0.083757021	0.00025638	0.042768545	0.000924745
0.083823877	0.000256949	0.04333342	0.000925034
0.083890749	0.000257522	0.04587898	0.000925209
0.083957638	0.000258099	0.047853139	0.000925162
0.084024536	0.00025868	0.052151007	0.000925774
0.084091456	0.000259265	0.053134582	0.000925818
0.084158392	0.000259854	0.055988701	0.000926629
0.084225345	0.000260448	0.059391391	0.000927285
0.084292307	0.000261045	0.060181442	0.0009273
0.084359292	0.000261646	0.063159076	0.000927623
0.084426293	0.000262252	0.06490974	0.000927594
0.08449331	0.000262861	0.072101502	0.000928767
0.084560337	0.000263474	0.07361017	0.000929238
0.084627386	0.000264092	0.075054314	0.0009297
0.084694452	0.000264713	0.078678643	0.000929965
0.084761533	0.000265338	0.083497027	0.00093041
0.084828631	0.000265967	0.086252998	0.000931411
0.084895738	0.0002666	0.089284863	0.000931721
0.084962868	0.000267237	0.092146881	0.000932229
0.085030014	0.000267878	0.098182478	0.000933172
0.085097176	0.000268522	0.100761305	0.000933414
0.085164347	0.000269171	0.10299349	0.000933665
0.085231542	0.000269823	0.109770329	0.000934713
0.085298752	0.000270479	0.113290581	0.000935513
0.085365978	0.000271139	0.116355569	0.000936213
0.085433215	0.000271803	0.121894456	0.000936661
0.085500473	0.00027247	0.126318152	0.000938089
0.085567748	0.000273141	0.132589214	0.000938981
0.085635039	0.000273816	0.138704903	0.000939834
0.08570234	0.000274494	0.142439163	0.000940345
0.085769663	0.000275177	0.14821525	0.000941516
0.085837002	0.000275863	0.154270907	0.00094266
0.085904357	0.000276552	0.159141111	0.000942954
0.085971722	0.000277245	0.161984885	0.000944067
0.08603911	0.000277942	0.173005775	0.000945892
0.086106513	0.000278642	0.180385125	0.000947236
0.086173933	0.000279346	0.184849192	0.000948104
0.086241363	0.000280054	0.191878471	0.000950093
0.086308831	0.000280881	0.199492407	0.000950597
0.086376297	0.000280888	0.205971681	0.000952119
0.086443755	0.000280901	0.21246082	0.000953981
0.086511207	0.000280918	0.219961061	0.000955179
0.086578645	0.000280942	0.228725837	0.000957154
0.086646082	0.000280971	0.242137086	0.000959861
0.086713512	0.000281005	0.246852353	0.000961141
0.086780935	0.000281044	0.257276089	0.000962635
0.086848344	0.000281089	0.26781832	0.000965634
0.086915752	0.00028114	0.275965974	0.00096714
0.086983154	0.000281196	0.283989079	0.000969131
0.087050548	0.000281257	0.294935216	0.000971857
0.087117928	0.000281324	0.306813289	0.000974419
0.087185308	0.000281396	0.316047671	0.000976725
0.087252681	0.000281474	0.326397314	0.000979448
0.087320046	0.000281558	0.33697255	0.000982419
0.087387398	0.000281646	0.350813367	0.000985507
0.087454749	0.000281741	0.36366598	0.000989358
0.087522093	0.000281841	0.376059691	0.000992541
0.08758943	0.000281946	0.38787698	0.00099544
0.087656753	0.000282057	0.403919938	0.001000018
0.087724076	0.000282173	0.418386269	0.001004371
0.087791391	0.000282295	0.431281905	0.001008397
0.087858699	0.000282423	0.4449789	0.001013296
0.087925994	0.000282556	0.459890737	0.001016611
0.087993288	0.000282694	0.476147043	0.001021923
0.088060575	0.000282839	0.488958995	0.001025946
0.088127854	0.000282988	0.507935783	0.00103261
0.088195126	0.000283144	0.52205003	0.001037697
0.088262385	0.000283304	0.540454976	0.001045222
0.088329643	0.000283471	0.556583236	0.001050005
0.088396894	0.000283643	0.571730116	0.001055571
0.088464138	0.00028382	0.591482066	0.001063589
0.088531368	0.000284004	0.608821869	0.001070692
0.088598597	0.000284192	0.63036442	0.00107925
0.08866582	0.000284387	0.647193595	0.00108684
0.088733035	0.000284586	0.664730386	0.001093606
0.088800236	0.000284792	0.68383876	0.001102702
0.088867437	0.000285003	0.703012563	0.001111218
0.08893463	0.00028522	0.728837417	0.001123726
0.089001817	0.000285442	0.747587972	0.001132772
0.08906899	0.00028567	0.762646027	0.001140326
0.089136162	0.000285903	0.788990477	0.001154283
0.089203327	0.000286142	0.810008715	0.001165961
0.089270484	0.000286387	0.837607806	0.001181405
0.089337628	0.000286637	0.855294397	0.001191933
0.089404772	0.000286892	0.880805648	0.0012074
0.089471908	0.000287154	0.910600657	0.001226349
0.089539037	0.000287421	0.92975429	0.001239104
0.089606153	0.000287693	0.953925653	0.001255341
0.089673267	0.000287971	0.980927519	0.001274706
0.089740375	0.000288254	1.008754447	0.001294507
0.089807475	0.000288544	1.034200878	0.001314364
0.089874569	0.000288838	1.059080047	0.001333772
0.089941648	0.000289138	1.087169613	0.001355808
0.090008727	0.000289444	1.116668356	0.001380359
0.090075799	0.000289755	1.149229045	0.001409189
0.090142864	0.000290072	1.170114449	0.001429219
0.090209915	0.000290394	1.196070091	0.001453441
0.090276965	0.000290722	1.229758384	0.001487445
0.090344008	0.000291056	1.256476677	0.001513777
0.090411044	0.000291394	1.285735914	0.001544733
0.090478066	0.000291739	1.32242663	0.001585249
0.090545088	0.000292089	1.346953714	0.001613001
0.090612102	0.000292444	1.376717254	0.001648438
0.09067911	0.000292805	1.410336701	0.001690707
0.090746103	0.000293171	1.442792183	0.001732318
0.090813096	0.000293543	1.472033561	0.001772022
0.090880082	0.00029392	1.517461999	0.001836289
0.090947061	0.000294302	1.542325765	0.001871068
0.091014026	0.00029469	1.571454647	0.001915487
0.09108099	0.000295084	1.614250051	0.001982828
0.091147947	0.000295483	1.646647988	0.002037146
0.091214897	0.000295887	1.678880863	0.002092482
0.091281834	0.000296297	1.720295248	0.002167134
0.091348769	0.000296712	1.749486803	0.002221938
0.091415698	0.000297132	1.783956218	0.002286667
0.091482619	0.000297558	1.827774443	0.002376522
0.091549533	0.000297989	1.860232968	0.002445653
0.091616434	0.000298426	1.89062055	0.002510429
0.091683334	0.000298868	1.924658688	0.002586394
0.091750226	0.000299315	1.958854279	0.002670439
0.091817112	0.000299767	2.014307732	0.002806372
0.091883984	0.000300225	2.063208307	0.002931398
0.091950855	0.000300688	2.091398734	0.003008636
0.092017719	0.000301156	2.102576641	0.003041159
0.092084576	0.00030163	2.15381392	0.00318888
0.092151419	0.000302109	2.185913394	0.003285834
0.092218262	0.000302593	2.245271299	0.0034698
0.092285097	0.000303082	2.287449972	0.003611892
0.092351925	0.000303577	2.315859925	0.003708723
0.09241874	0.000304076	2.368377524	0.003900424
0.092485554	0.000304581	2.421364381	0.004101022
0.09255236	0.000305091	2.441985634	0.004185226
0.09261916	0.000305607	2.479766412	0.004334313
0.092685946	0.000306127	2.511801433	0.004471676
0.092752731	0.000306652	2.567020807	0.004719779
0.092819509	0.000307183	2.58758173	0.004810556
0.09288628	0.000307719	2.623159219	0.004978289
0.092953037	0.000308259	2.661234929	0.005167522
0.093019794	0.000308805	2.698648495	0.005358034
0.093086543	0.000309356	2.733305097	0.005542857
0.093153285	0.000309912	2.766004163	0.005719481
0.09322002	0.000310473	2.795608481	0.005884611
0.093286742	0.000311039	2.833367932	0.00610376
0.093353463	0.00031161	2.901631434	0.006530029
0.093420176	0.000312186	2.915047875	0.00661819
0.093486883	0.000312767	2.961173427	0.00692303
0.093553575	0.000313353	3.01314139	0.007285119
0.093620267	0.000313943	3.034145848	0.007433777
0.093686952	0.000314539	3.082277797	0.007800923
0.09375363	0.00031514	3.128887674	0.008162302
0.093820294	0.000315745	3.123171579	0.008116731
0.093886958	0.000316355	3.205007082	0.008804675
0.093953614	0.00031697	3.215959892	0.008899317
0.094020263	0.00031759	3.263638369	0.009328771
0.094086899	0.000318215	3.270560927	0.009389653
0.094153533	0.000318845	3.347072918	0.010128834
0.094220161	0.000319479	3.370451051	0.010365014
0.094286781	0.000320118	3.38375954	0.01049753
0.094353388	0.000320762	3.404171294	0.010711647
0.094419994	0.000321411	3.464448548	0.0113854
0.094486593	0.000322064	3.555099389	0.012444111
0.094553185	0.000322722	3.583054419	0.012802217
0.094619763	0.000323385	3.541289797	0.012283382
0.094686341	0.000324053	3.624111406	0.013335817
0.094752911	0.000324725	3.596937719	0.012976027
0.094819474	0.000325401	3.586257843	0.012832663
0.09488603	0.000326083	3.732701144	0.014851589
0.094952572	0.000326769	3.684222847	0.014156164
0.095019114	0.000327459	3.724239327	0.014704531
0.095085648	0.000328154	3.786751768	0.015663032
0.095152176	0.000328854	3.744458084	0.015010188
0.095218689	0.000329558	3.796434298	0.015831771
0.095285202	0.000330266	3.862339282	0.016903773
0.095351708	0.000330979	3.813911592	0.016100155
0.095418207	0.000331697	3.776465913	0.015495834
0.095484692	0.000332419	3.877812381	0.017158302
0.095551176	0.000333145	3.908969565	0.017689439
0.095617653	0.000333876	3.90575711	0.017634649
0.095684123	0.000334612	3.934026928	0.018136609
0.09575058	0.000335351	3.912255506	0.017744802
0.095817035	0.000336095	3.852087915	0.016711949
0.095883484	0.000336844	3.906364148	0.017636829
0.095949925	0.000337597	3.914975215	0.017798412
0.096016353	0.000338354	3.875265314	0.017108704
0.09608278	0.000339115	3.95683747	0.018548336
0.0961492	0.000339881	3.969719378	0.018790598
0.096215612	0.00034065	3.906523866	0.017637403
0.096282012	0.000341425	3.972715496	0.018851143
0.09634841	0.000342203	3.931185505	0.018080698
0.096414801	0.000342985	3.830364054	0.016336108
0.096481185	0.000343772	3.980749395	0.01898165
0.096547562	0.000344563	3.87336129	0.01706154
0.096613925	0.000345358	3.98649371	0.019104287
0.0966803	0.000346041	3.948098963	0.018373857
0.096746682	0.000346047	3.879973095	0.01716569
0.096813072	0.000346059	3.815324684	0.016104459
0.096879462	0.000346077	3.8765356	0.017113024
0.096945866	0.000346099	3.84724731	0.016618432
0.097012276	0.000346127	3.853067778	0.016715144
0.097078694	0.00034616	3.868307347	0.016963745
0.097145112	0.000346198	3.863128009	0.016866547
0.097211543	0.000346242	3.772533293	0.015416858
0.097277981	0.000346291	3.78079575	0.015542351
0.097344426	0.000346345	3.743080433	0.014974414
0.097410872	0.000346404	3.662967889	0.013823543
0.097477331	0.000346469	3.68537575	0.014130096
0.097543797	0.000346539	3.693046032	0.014235566
0.09761027	0.000346614	3.615155885	0.013188671
0.097676743	0.000346695	3.65266421	0.013690425
0.09774323	0.000346781	3.586166485	0.012808424
0.097809724	0.000346873	3.506949606	0.011835819
0.097876224	0.000346969	3.509900541	0.011861684
0.097942726	0.000347071	3.437912372	0.011044282
0.09800924	0.000347179	3.405482314	0.010696318
0.098075762	0.000347292	3.39082672	0.010540466
0.09814229	0.00034741	3.374376139	0.010370233
0.098208825	0.000347534	3.306663524	0.009693254
0.098275361	0.000347662	3.321424643	0.009840875
0.09834191	0.000347797	3.239783863	0.009071306
0.098408466	0.000347937	3.231269438	0.009000286
0.098475029	0.000348082	3.213529475	0.008836715
0.098541593	0.000348232	3.156810985	0.008353974
0.09860817	0.000348388	3.106235443	0.007943825
0.098674754	0.00034855	3.107728788	0.00795476
0.098741345	0.000348717	3.067728506	0.007651436
0.098807936	0.000348889	2.97839388	0.00700882
0.098874541	0.000349066	2.967787866	0.006934287
0.098941152	0.000349249	2.929419213	0.006674094
0.099007771	0.000349438	2.868305886	0.006288253
0.09907439	0.000349632	2.857806005	0.006221956
0.099141022	0.000349831	2.819574834	0.005994189
0.099207662	0.000350036	2.813188988	0.005952223
0.099274308	0.000350246	2.757817663	0.005640029
0.099340955	0.000350462	2.720878991	0.005438565
0.099407615	0.000350683	2.675563455	0.005205425
0.099474282	0.000350909	2.627768101	0.004967482
0.099540956	0.000351141	2.585510571	0.004766257
0.099607631	0.000351379	2.564508719	0.004673554
0.099674318	0.000351622	2.539708605	0.004563851
0.099741013	0.00035187	2.487544041	0.004338247
0.099807715	0.000352123	2.445631313	0.004166035
0.099874424	0.000352383	2.420223198	0.00406623
0.099941133	0.000352647	2.355061172	0.003821078
0.100007856	0.000352917	2.310190606	0.00366295
0.100074585	0.000353192	2.279095219	0.003556367
0.100141322	0.000353473	2.250440579	0.003462028
0.100208059	0.000353759	2.205256288	0.003316355
0.100274809	0.000354051	2.168600021	0.003204319
0.100341566	0.000354348	2.133508269	0.0031034
0.10040833	0.000354651	2.077654187	0.002945049
0.100475095	0.000354959	2.046566842	0.002865097
0.100541873	0.000355272	2.003320625	0.002753853
0.100608658	0.000355591	1.954932222	0.00263653
0.10067545	0.000355915	1.9318577	0.002582067
0.100742243	0.000356244	1.892064149	0.00249246
0.100809048	0.000356579	1.849588512	0.00240076
0.100875861	0.00035692	1.821646057	0.002342105
0.100942681	0.000357265	1.776061395	0.002251578
0.101009501	0.000357616	1.743304327	0.002190214
0.101076334	0.000357973	1.707529046	0.002124128
0.101143175	0.000358335	1.674402391	0.002065127
0.101210022	0.000358702	1.651276258	0.002025155
0.10127687	0.000359074	1.601711515	0.001945996
0.101343732	0.000359452	1.579685324	0.00191024
0.1014106	0.000359835	1.540206716	0.00185144
0.101477475	0.000360224	1.500224525	0.001793257
0.101544357	0.000360618	1.469159667	0.001750034
0.10161124	0.000361017	1.436607423	0.001707086
0.101678136	0.000361422	1.407154819	0.001668373
0.101745039	0.000361831	1.374603662	0.001629761
0.101811948	0.000362247	1.34018894	0.001588368
0.101878859	0.000362667	1.315877935	0.001561334
0.101945782	0.000363093	1.285703117	0.001529033
0.102012713	0.000363524	1.24949013	0.00149016
0.102079651	0.00036396	1.222135186	0.001462902
0.102146589	0.000364402	1.191910995	0.001433772
0.10221354	0.000364849	1.163880545	0.001407619
0.102280499	0.000365301	1.136420777	0.001381906
0.102347464	0.000365758	1.113862874	0.001363527
0.10241443	0.000366221	1.080236727	0.001334712
0.102481409	0.000366688	1.061289192	0.001319752
0.102548395	0.000367161	1.030100553	0.001295207
0.102615388	0.00036764	0.998838211	0.001271689
0.102682382	0.000368123	0.973262378	0.001253752
0.102749389	0.000368611	0.950497271	0.001237847
0.102816403	0.000369105	0.923883845	0.00121975
0.102883423	0.000369604	0.899085195	0.001203598
0.102950445	0.000370108	0.873154799	0.00118798
0.103017479	0.000370617	0.852130627	0.001175073
0.103084521	0.000371132	0.824925678	0.001160003
0.10315157	0.000371651	0.800690911	0.001145996
0.103218625	0.000372176	0.778321817	0.001134139
0.103285681	0.000372705	0.760839148	0.001124535
0.10335275	0.00037324	0.737349492	0.001112613
0.103419827	0.00037378	0.716544418	0.001102668
0.10348691	0.000374325	0.699901849	0.001094812
0.103553994	0.000374875	0.674600644	0.001082932
0.103621091	0.00037543	0.654619625	0.001074604
0.103688195	0.00037599	0.636238894	0.001066425
0.103755306	0.000376555	0.61735062	0.001058558
0.103822417	0.000377125	0.601337488	0.001051782
0.103889542	0.0003777	0.581853117	0.001044707
0.103956674	0.00037828	0.565049171	0.001037278
0.104023813	0.000378865	0.547067435	0.001030673
0.104090952	0.000379455	0.530888307	0.001024773
0.104158104	0.00038005	0.513919154	0.00101908
0.104225264	0.000380649	0.496870426	0.001012871
0.10429243	0.000381254	0.484021069	0.001009074
0.104359597	0.000381864	0.467983225	0.001003942
0.104426778	0.000382478	0.452176323	0.000998379
0.104493965	0.000383098	0.437784352	0.000993651
0.104561159	0.000383722	0.423482654	0.000989449
0.104628354	0.000384351	0.409986899	0.0009858
0.104695562	0.000384985	0.394545073	0.000980913
0.104762777	0.000385624	0.382145918	0.000977755
0.104829999	0.000386268	0.369719265	0.000973892
0.104897228	0.000386916	0.358547998	0.000970987
0.104964457	0.000387569	0.343751165	0.000966956
0.1050317	0.000388227	0.331923621	0.000964252
0.10509895	0.00038889	0.321807114	0.000961346
0.105166206	0.000389557	0.312959195	0.000959366
0.105233463	0.000390229	0.297792449	0.000955188
0.105300734	0.000390906	0.290363442	0.000953114
0.105368011	0.000391588	0.28040659	0.000950382
0.105435296	0.000392274	0.270076438	0.000948424
0.10550258	0.000392965	0.25935827	0.000945395
0.105569879	0.000393661	0.252294112	0.000944334
0.105637184	0.000394361	0.244636761	0.000942373
0.105704496	0.000395066	0.23267658	0.000939951
0.105771809	0.000395775	0.223412638	0.000938125
0.105839135	0.00039649	0.214254499	0.000936121
0.105906467	0.000397208	0.209365532	0.000934722
0.105973807	0.000397932	0.200968992	0.000932554
0.106041148	0.000398659	0.192822716	0.000930577
0.106108501	0.000399392	0.18434659	0.00092966
0.106175862	0.000400129	0.179611735	0.000929084
0.10624323	0.00040087	0.169900571	0.000927186
0.106310598	0.000401616	0.164155763	0.000925442
0.106377979	0.000402366	0.158021889	0.000924287
0.106445368	0.000403121	0.152864929	0.000923511
0.106512763	0.00040388	0.145086271	0.000921316
0.106580165	0.000404644	0.138155041	0.000920562
0.106647574	0.000405412	0.134675931	0.000919268
0.10671499	0.000406185	0.129525323	0.000918945
0.106782401	0.000406962	0.12476072	0.000917435
0.106849831	0.000407743	0.118236339	0.000916176
0.106917268	0.000408529	0.114781015	0.000915645
0.106984712	0.000409319	0.109563289	0.000914745
0.107052164	0.000409977	0.103427584	0.000913812
0.107119613	0.000409984	0.100393594	0.000913458
0.107187058	0.000409997	0.09869014	0.000912213
0.107254499	0.000410015	0.09259822	0.00091133
0.107321921	0.000410038	0.086642968	0.000911164
0.107389352	0.000410068	0.083664686	0.000910174
0.107456778	0.000410102	0.078776417	0.000909286
0.1075242	0.000410143	0.078639988	0.000908855
0.107591617	0.000410189	0.075002337	0.00090838
0.107659029	0.00041024	0.07036757	0.000907069
0.107726436	0.000410298	0.069308034	0.000907489
0.107793839	0.00041036	0.066878978	0.000907102
0.107861224	0.000410429	0.06280241	0.000906185
0.107928618	0.000410503	0.059804172	0.000905081
0.107996007	0.000410583	0.058756663	0.000905211
0.108063391	0.000410668	0.056862171	0.000904238
0.10813077	0.000410759	0.054096861	0.000904191
0.108198145	0.000410856	0.050481751	0.000903632
0.108265515	0.000410959	0.050441829	0.000903491
0.108332881	0.000411067	0.045585256	0.000903287
0.108400241	0.000411181	0.043700501	0.000902797
0.108467585	0.0004113	0.041858667	0.000902224
0.108534936	0.000411426	0.042420795	0.000901814
0.108602283	0.000411557	0.041207592	0.000901855
0.108669625	0.000411693	0.03651888	0.000901575
0.108736962	0.000411836	0.035659196	0.000900862
0.108804295	0.000411984	0.035838014	0.000900731
0.108871623	0.000412138	0.035155306	0.000900337
0.108938946	0.000412298	0.031969152	0.000899547
0.109006252	0.000412463	0.028720658	0.000899536
0.109073566	0.000412634	0.030239695	0.000899313
0.109140876	0.000412811	0.02905258	0.000899294
0.10920818	0.000412994	0.025672573	0.000898616
0.10927548	0.000413182	0.024056111	0.000898916
0.109342776	0.000413376	0.027248655	0.000898512
0.109410066	0.000413576	0.024884609	0.000898366
0.109477352	0.000413782	0.019801089	0.000897801
0.109544621	0.000413993	0.02045354	0.000897762
0.109611897	0.00041421	0.020779898	0.000897743
0.109679169	0.000414433	0.019049861	0.000897312
0.109746437	0.000414662	0.017518323	0.000897067
0.109813699	0.000414896	0.01446188	0.000896201
0.109880957	0.000415136	0.017614413	0.000895854
0.10994821	0.000415382	0.015546603	0.000896603
0.110015459	0.000415634	0.012595892	0.000896156
0.110082703	0.000415891	0.014399277	0.000895813
0.110149929	0.000416155	0.01335346	0.000895819
0.110217164	0.000416424	0.014049023	0.000895473
0.110284394	0.000416698	0.012043409	0.000895207
0.110351619	0.000416979	0.011333558	0.000895618
0.110418839	0.000417265	0.012210493	0.00089541
0.110486055	0.000417557	0.008812658	0.000894657
0.110553266	0.000417855	0.007602382	0.000894574
0.110620473	0.000418159	0.008819168	0.000894814
0.110687662	0.000418468	0.008553318	0.000894308
0.110754859	0.000418783	0.007999264	0.00089423
0.110822052	0.000419104	0.008181843	0.000893989
0.110889239	0.00041943	0.007462891	0.000893709
0.110956423	0.000419763	0.00648462	0.00089437
0.111023601	0.000420101	0.007297135	0.000894152
0.111090775	0.000420445	0.003742935	0.000894071
0.111157944	0.000420794	0.005970514	0.000893942
0.111225096	0.000421149	0.008470513	0.000894208
0.111292255	0.00042151	0.005406165	0.000893551
0.11135941	0.000421877	0.005158358	0.000892983
0.111426561	0.000422249	0.006416731	0.000893294
0.111493707	0.000422627	0.006577119	0.000893605
0.111560848	0.000423011	0.006054434	0.000893398
0.111627984	0.000423401	0.005367703	0.00089299
0.111695116	0.000423796	0.005071569	0.000892993
0.111762243	0.000424197	0.00620104	0.00089313
0.111829352	0.000424603	0.005964614	0.000892875
0.11189647	0.000425016	0.004055372	0.000892827
0.111963583	0.000425434	0.00528428	0.000892624
0.112030691	0.000425857	0.006030449	0.000892774
0.112097795	0.000426287	0.003916111	0.000892342
0.112164894	0.000426721	0.004866848	0.000892875
0.112231989	0.000427162	0.004413488	0.0008931
0.112299078	0.000427608	0.005753739	0.000892601
0.11236615	0.00042806	0.004732803	0.000892546
0.112433231	0.000428517	0.004028139	0.000892314
0.112500306	0.00042898	0.004028139	0.000892314
0.112567377	0.000429449	0.005451778	0.000892448
0.112634444	0.000429923	0.004193915	0.000891606
0.112701505	0.000430403	0.00329887	0.0008921
0.112768562	0.000430889	0.00521004	0.000892037
0.112835614	0.00043138	0.007404758	0.000892038
0.112902649	0.000431876	0.00314018	0.00089179
0.112969692	0.000432378	0.002457888	0.00089165
0.11303673	0.000432886	0.00562111	0.000891631
0.113103764	0.000433399	0.004780319	0.000891711
0.113170793	0.000433918	0.00214167	0.00089103
0.113237817	0.000434442	0.002472605	0.00089132
0.113304836	0.000434972	0.002849262	0.000891417
0.113371851	0.000435507	0.004234339	0.000891524
0.113438862	0.000436048	0.002320176	0.000891431
0.113505854	0.000436594	0.001735026	0.000891062
0.113572855	0.000437146	0.003476102	0.000891704
0.113639851	0.000437703	0.003266584	0.000891432
0.113706843	0.000438266	-0.001183857	0.000890808
0.11377383	0.000438834	0.001201521	0.000891451
0.113840812	0.000439407	0.001475873	0.000891092
0.113907789	0.000439986	0.001790598	0.00089065
0.113974762	0.000440571	0.001130331	0.000891132
0.114041717	0.00044116	0.000983042	0.000891133
0.114108681	0.000441755	0.000648079	0.000890424
0.11417564	0.000442356	0.001506088	0.000890433
0.114242594	0.000442962	0.000785098	0.000890641
0.114309543	0.000443573	0.001358878	0.0008907
0.114376488	0.000444189	0.003739793	0.000890343
0.114443428	0.000444811	0.003385321	0.000890548
0.114510363	0.000445438	0.002460973	0.00089032
0.114577281	0.000446071	0.002750052	0.000890321
0.114644207	0.000446708	0.003735708	0.000890558
0.114711129	0.000447351	0.002129112	0.000890509
0.114778046	0.000447999	0.001995749	0.000890235
0.114844958	0.000448653	0.002897975	0.000889578
0.114911865	0.000449312	0.003279131	0.000890572
0.114978768	0.000449976	0.0041684	0.00089003
0.115045666	0.000450645	0.00366014	0.000890135
0.115112559	0.000451319	0.003475544	0.000890482
0.115179435	0.000451998	0.005399593	0.000890302
0.115246319	0.000452683	0.003782228	0.000890152
0.115313198	0.000453373	0.001682043	0.000890093
0.115380073	0.000454068	0.003097649	0.000890174
0.115446943	0.000454768	0.006188369	0.000890099
0.115513808	0.000455473	0.004484059	0.0008898
0.115580669	0.000456184	0.003463706	0.000890225
0.115647525	0.000456899	0.005438111	0.000890327
0.115714363	0.000457619	0.00742181	0.000889999
0.11578121	0.000458345	0.00563763	0.000890394
0.115848052	0.000459076	0.0037279	0.000889185
0.115914889	0.000459811	0.004173365	0.000889443
0.115981721	0.000460552	0.005670216	0.000890105
0.116048549	0.000461298	0.00525543	0.000889929
0.116115373	0.000462048	0.003237111	0.00088986
0.116182191	0.000462804	0.006591145	0.000889275
0.116248992	0.000463564	0.006343077	0.000889827
0.116315801	0.00046433	0.003015811	0.00088981
0.116382606	0.0004651	0.003315481	0.000889538
0.116449406	0.000465875	0.003193621	0.000889521
0.116516201	0.000466656	0.004465303	0.000889602
0.116582992	0.000467441	0.004793086	0.000889628
0.116649777	0.000468231	0.00308754	0.000889545
0.116716559	0.000469026	0.004169482	0.000889658
0.116783335	0.000469825	0.004899252	0.000889604
0.116850094	0.00047063	0.0042092	0.000889311
0.116916861	0.000471439	0.003494678	0.000888879
0.116983624	0.000472253	0.002409975	0.000888981
0.117050381	0.000473072	0.00499224	0.000889696
0.117117135	0.000473896	0.00249826	0.000889287
0.117183883	0.000474724	0.001343914	0.000888753
0.117250627	0.000475557	0.002994018	0.000888926
0.117317366	0.000476395	0.003604714	0.00088864
0.117384089	0.0004775	0.000620658	0.000889122
0.117450836	0.000477504	0.000934087	0.000888735
0.117517592	0.000477513	0.002409975	0.000888981
0.117584357	0.000477527	0.003587515	0.00088897
0.117651131	0.000477547	0.002798949	0.000888117
0.117717914	0.000477573	0.002303636	0.000888477
0.117784706	0.000477605	0.003077445	0.000888918
0.117851507	0.000477642	0.004855845	0.000888894
0.117918304	0.000477684	0.003096527	0.000888217
0.117985123	0.000477733	0.002475212	0.000888775
0.118051951	0.000477787	0.003697382	0.000888731
0.118118788	0.000477846	0.005363008	0.000889161
0.118185633	0.000477911	0.003973072	0.000888848
0.118252488	0.000477982	0.004266882	0.000888264
0.118319352	0.000478059	0.004051119	0.000888527
0.118386224	0.000478141	0.003300143	0.000888597
0.118453106	0.000478229	0.005209562	0.000888689
0.118519984	0.000478323	0.00455573	0.000888265
0.118586883	0.000478423	0.005512325	0.000888205
0.118653792	0.000478528	0.006077369	0.000888323
0.118720709	0.000478638	0.004129182	0.000888206
0.118787636	0.000478755	0.002963974	0.000888472
0.118854571	0.000478877	0.00505928	0.000888375
0.118921516	0.000479005	0.006527344	0.000887996
0.118988469	0.000479139	0.003362597	0.000888235
0.119055419	0.000479279	0.003902662	0.000887842
0.11912239	0.000479424	0.005290903	0.000888154
0.11918937	0.000479575	0.00528148	0.000888055
0.119256359	0.000479732	0.006003806	0.000888059
0.119323357	0.000479894	0.004999932	0.000887626
0.119390365	0.000480062	0.005265521	0.000888014
0.119457381	0.000480236	0.003886764	0.000887801
0.119524406	0.000480416	0.002847428	0.000887343
0.119591427	0.000480602	0.003868218	0.000887603
0.11965847	0.000480793	0.004928846	0.000887888
0.119725522	0.00048099	0.003088048	0.000887221
0.119792583	0.000481193	0.003428989	0.000887659
0.119859653	0.000481402	0.003377732	0.000886853
0.119926731	0.000481616	0.004124976	0.000887522
0.119993819	0.000481837	0.002624307	0.000887137
0.120060916	0.000482063	0.002439625	0.000886955
0.120128022	0.000482294	0.001263573	0.00088681
0.120195124	0.000482532	0.003137207	0.000886975
0.120262247	0.000482776	0.003368551	0.000886754
0.12032938	0.000483025	4.20025E-05	0.000886543
0.120396522	0.00048328	0.003428259	0.000886237
0.120463672	0.000483541	0.003078072	0.000886597
0.120530832	0.000483807	0.000663829	0.000886669
0.120598	0.00048408	0.002963153	0.000886522
0.120665178	0.000484358	0.000972054	0.000885972
0.120732351	0.000484642	0.001683927	0.000886033
0.120799547	0.000484931	0.002057133	0.000886707
0.120866751	0.000485227	-0.000444514	0.00088632
0.120933964	0.000485528	0.001338004	0.000886179
0.121001187	0.000485835	0.00310868	0.000886154
0.121068418	0.000486148	0.002968993	0.00088594
0.121135658	0.000486467	0.001025908	0.000886038
0.121202907	0.000486792	0.001488474	0.000886122
0.121270152	0.000487122	0.002499268	0.000885913
0.12133742	0.000487458	0.002126221	0.000885764
0.121404696	0.0004878	0.001746706	0.000885672
0.121471981	0.000488147	0.002759489	0.000885619
0.121539275	0.000488501	0.00286926	0.000885382
0.121606578	0.00048886	0.002379404	0.000885004
0.12167389	0.000489225	0.001952977	0.000884789
0.12174121	0.000489595	0.00231257	0.000885576
0.12180854	0.000489972	0.005843465	0.000885275
0.121875866	0.000490354	0.001982257	0.000885239
0.121943214	0.000490742	0.002537006	0.000885414
0.122010571	0.000491136	0.002173154	0.000885363
0.122077937	0.000491535	0.003410181	0.000885148
0.122145311	0.00049194	-0.000301302	0.000884437
0.122212695	0.000492351	0.001360916	0.000884591
0.122280087	0.000492768	0.002729072	0.000884646
0.122347489	0.00049319	0.002890916	0.000884843
0.122414887	0.000493618	0.003219063	0.000885024
0.122482306	0.000494052	0.001078614	0.000884377
0.122549735	0.000494491	0.003670269	0.000883964
0.122617172	0.000494936	0.002393702	0.000884941
0.122684618	0.000495387	0.00220286	0.000884347
0.122752074	0.000495844	0.002470335	0.000884362
0.122819538	0.000496306	0.001678563	0.000884099
0.122887011	0.000496774	0.002617096	0.000884099
0.122954481	0.000497248	0.000504319	0.000883958
0.123021972	0.000497727	0.002022126	0.000883798
0.123089472	0.000498212	0.001804358	0.000884269
0.123156981	0.000498702	0.000708214	0.000883289
0.123224499	0.000499199	-0.000819094	0.000882729
0.123292027	0.000499701	0.000573972	0.000882813
0.123359563	0.000500208	-0.001611282	0.000883251
0.123427108	0.000500721	0.000356701	0.000883022
0.123494662	0.00050124	-0.000372935	0.00088303
0.123562212	0.000501764	-0.002994801	0.000882798
0.123629784	0.000502294	-0.001517028	0.000882611
0.123697364	0.000502829	-0.001788826	0.000882704
0.123764954	0.000503371	-0.002338681	0.000882323
0.123832553	0.000503917	-0.001939294	0.000881879
0.123900161	0.000504469	-6.78896E-05	0.000882289
0.123967777	0.000505027	-0.001472211	0.000882682
0.124035403	0.000505591	1.32659E-05	0.000882127
0.124103025	0.000506159	-0.000351426	0.000881664
0.124170669	0.000506734	-0.001547295	0.000881802
0.124238321	0.000507314	-0.00066505	0.000882098
0.124305983	0.000507899	-0.002794886	0.000881565
0.124373653	0.00050849	-0.002562004	0.000881967
0.124441333	0.000509086	-0.00144339	0.000881209
0.124509021	0.000509688	0.00031235	0.000881495
0.124576719	0.000510296	-0.00206019	0.000881189
0.124644412	0.000510908	-0.001883069	0.000881734
0.124712127	0.000511526	-0.001528639	0.000881219
0.124779852	0.00051215	-0.002250139	0.00088112
0.124847585	0.000512779	-0.001934192	0.000881098
0.124915327	0.000513414	-0.002841378	0.000881082
0.124983078	0.000514054	0.00021807	0.0008812
0.125050838	0.000514699	-7.76066E-05	0.000881051
0.125118608	0.00051535	-0.001020841	0.000881008
0.125186386	0.000516006	0.000319819	0.000880868
0.12525416	0.000516667	-0.000791292	0.000881256
0.125321956	0.000517334	-4.79836E-05	0.000881185
0.125389761	0.000518006	0.000159969	0.000880672
0.125457575	0.000518684	-0.000427708	0.000880786
0.125525398	0.000519366	0.000861931	0.000880943
0.125593229	0.000520054	0.00090481	0.000880083
0.12566107	0.000520748	-0.000479344	0.000881082
0.12572892	0.000521446	0.000341536	0.000880438
0.125796766	0.00052215	8.77439E-05	0.000879949
0.125864634	0.000522859	-0.001131222	0.000880105
0.12593251	0.000523574	-0.000872711	0.000879557
0.126000396	0.000524293	-0.00017799	0.000879933
0.126068291	0.000525018	4.8309E-05	0.00087977
0.126136194	0.000525748	-0.000770811	0.000879225
0.126204107	0.000526484	-0.00229159	0.000879859
0.126272028	0.000527224	-0.000808408	0.000879717
0.126339946	0.00052797	-6.35435E-06	0.000879655
0.126407885	0.00052872	-0.001875485	0.000879764
0.126475834	0.000529476	-0.001434168	0.000879652
0.126543791	0.000530237	8.77439E-05	0.000879949
0.126611757	0.000531003	0.000766474	0.000879459
0.126679733	0.000531775	-0.002583931	0.000879451
0.126747717	0.000532551	-0.002384932	0.000878896
0.12681571	0.000533333	-0.001183957	0.000878802
0.126883712	0.000534119	-0.002121848	0.000879169
0.126951711	0.00053491	-0.002328935	0.000878752
0.127019731	0.000535707	-0.004798766	0.000878479
0.12708776	0.000536509	-0.002752308	0.000878543
0.127155798	0.000537315	-0.000959297	0.000878897
0.127223845	0.000538127	-0.002736802	0.000879149
0.127291901	0.000538944	-0.004296461	0.000878116
0.127359966	0.000539765	-0.003453109	0.000878124
0.12742804	0.000540592	-0.002773535	0.000878045
0.12749611	0.000541423	-0.003080433	0.000877701
0.127564202	0.00054226	-0.004875045	0.000878123
0.127632302	0.000543101	-0.001862211	0.000877696
0.127700412	0.000543947	-0.003016773	0.000877861
0.127768532	0.000544968	-0.0030728	0.000878004
0.127836661	0.000544968	-0.004291643	0.0008776
0.127904789	0.000544968	-0.00058856	0.000877807
0.127972917	0.000544968	-0.000699925	0.000878093
0.128041032	0.000544968	-0.002955059	0.000878278
0.12810916	0.000544968	-0.001599963	0.000877302
0.128177289	0.000544968	-0.000537086	0.000877513
0.128245417	0.000544968	-0.001742418	0.000877713
0.128313545	0.000544968	-0.00059833	0.000877763
0.128381673	0.000544969	-0.002121036	0.000877575
0.128449801	0.000544969	-0.000407484	0.000877574
0.12851793	0.000544969	1.77423E-05	0.000877525
0.128586058	0.000544969	-0.00076018	0.00087716
0.128654173	0.000544969	-0.000379973	0.00087704
0.128722301	0.00054497	0.000770611	0.000876727
0.128790429	0.00054497	5.26631E-05	0.000877551
0.128858558	0.00054497	-0.001074912	0.000877181
0.128926686	0.000544971	0.000488682	0.000877289
0.128994814	0.000544971	-0.000404986	0.000877058
0.129062942	0.000544971	0.001860243	0.00087692
0.12913107	0.000544972	-0.001049893	0.000877163
0.129199186	0.000544972	0.001215433	0.000876766
0.129267314	0.000544972	0.001613667	0.000877508
0.129335442	0.000544973	0.000148571	0.000877328
0.12940357	0.000544973	-2.79929E-05	0.000876531
0.129471699	0.000544974	-0.000895339	0.000876283
0.129539827	0.000544974	0.00020082	0.000876777
0.129607955	0.000544975	0.000766161	0.000876576
0.129676083	0.000544975	0.000237742	0.000876289
0.129744198	0.000544976	-0.000770154	0.000876193
0.129812327	0.000544976	-0.000136791	0.000876301
0.129880455	0.000544977	-0.000775737	0.000876299
0.129948583	0.000544978	-0.002074283	0.0008758
0.130016711	0.000544978	-0.001357115	0.000875898
0.130084839	0.000544979	0.000313852	0.000875978
0.130152968	0.00054498	-0.001941051	0.000876011
0.130221096	0.00054498	-0.001230446	0.000875552
0.130289224	0.000544981	-0.002605849	0.000876284
0.130357339	0.000544982	-0.000557089	0.000876501
0.130425467	0.000544982	-0.000447753	0.000875552
0.130493596	0.000544983	-0.001600283	0.000875715
0.130561724	0.000544984	-0.001518568	0.000876219
0.130629852	0.000544985	-0.000574097	0.000875899
0.13069798	0.000544986	-0.001429117	0.000875439
0.130766108	0.000544986	-0.002985449	0.00087574
0.130834237	0.000544987	-0.001369403	0.000875447
0.130902352	0.000544988	0.001723267	0.00087553
0.13097048	0.000544989	-0.001455747	0.000875049
0.131038608	0.00054499	-0.00299813	0.000874933
0.131106736	0.000544991	-0.000996033	0.00087523
0.131174865	0.000544992	-0.000622151	0.000876035
0.131242993	0.000544993	-0.000481643	0.000875065
0.131311121	0.000544994	-0.001547634	0.000875013
0.131379249	0.000544995	-0.00080393	0.000874786
0.131447364	0.000544996	0.001431532	0.000875022
0.131515493	0.000544997	0.000441826	0.000874862
0.131583621	0.000544998	-0.000353338	0.000874871
0.131651749	0.000544999	9.63804E-05	0.00087465
0.131719877	0.000545	0.000212087	0.000874925
0.131788006	0.000545001	0.000594867	0.000875213
0.131856134	0.000545002	0.001677637	0.000874539
0.131924262	0.000545004	0.001048339	0.000874734
0.13199239	0.000545005	0.004211573	0.000875335
0.132060505	0.000545006	0.002470564	0.000874789
0.132128634	0.000545007	-0.000189019	0.000874447
0.132196762	0.000545008	0.00308936	0.000875062
0.13226489	0.00054501	0.003869077	0.00087517
0.132333018	0.000545011	0.003154275	0.000875118
0.132401146	0.000545012	0.003582474	0.000874402
0.132469275	0.000545014	0.003931705	0.00087492
0.132537403	0.000545015	0.00431916	0.00087495
0.132605518	0.000545016	0.001773204	0.000874317
0.132673646	0.000545018	0.001582748	0.000873891
0.132741774	0.000545019	0.004516872	0.000873733
0.132809903	0.000545021	0.003602301	0.000874592
0.132878031	0.000545022	0.00174576	0.000874336
0.132946159	0.000545023	0.003067747	0.000874566
0.133014287	0.000545025	0.003277966	0.000874313
0.133082415	0.000545026	0.003762255	0.000874426
0.133150531	0.000545028	0.001666136	0.000875007
0.133218659	0.000545029	0.00097297	0.000874277
0.133286787	0.000545031	0.002594783	0.000873984
0.133354915	0.000545033	0.002601473	0.000874337
0.133423043	0.000545034	0.000581044	0.000873895
0.133491172	0.000545036	0.002589997	0.000873936
0.1335593	0.000545037	0.003321009	0.000873873
0.133627428	0.000545039	0.001619895	0.000873967
0.133695556	0.000545041	0.002912929	0.000873348
0.133763671	0.000545042	0.001038691	0.000873465
0.1338318	0.000545044	0.00275968	0.000873866
0.133899928	0.000545046	0.001311347	0.000873831
0.133968056	0.000545047	-2.65075E-05	0.000873413
0.134036184	0.000545049	0.001193951	0.000873252
0.134104313	0.000545051	0.002974665	0.000873661
0.134172441	0.000545053	0.000887023	0.000873421
0.134240569	0.000545055	-0.001397836	0.00087353
0.134308684	0.000545056	-0.0001961	0.000873483
0.134376812	0.000545058	0.001129481	0.000873196
0.134444941	0.00054506	0.000789134	0.000873032
0.134513069	0.000545062	0.000499232	0.000872782
0.134581197	0.000545064	0.000599493	0.000872608
0.134649325	0.000545066	0.002450508	0.000872862
0.134717453	0.000545068	0.001722044	0.000873231
0.134785582	0.00054507	0.001067259	0.000872579
0.134853697	0.000545072	0.001601074	0.00087291
0.134921825	0.000545074	0.003913288	0.00087304
0.134989953	0.000545076	0.001927223	0.000872931
0.135058081	0.000545078	0.000839267	0.000872946
0.13512621	0.00054508	0.004020792	0.000872657
0.135194338	0.000545082	0.003704696	0.00087217
0.135262466	0.000545084	0.003591623	0.000873066
0.135330594	0.000545086	0.004262723	0.000872433
0.135398722	0.000545088	0.002346931	0.000872427
0.135466838	0.000545091	0.005517617	0.000872864
0.135534966	0.000545093	0.005352504	0.00087242
0.135603094	0.000545095	0.003776623	0.000872577
0.135671222	0.000545097	0.005160496	0.000872557
0.13573935	0.000545099	0.006059076	0.000872681
0.135807479	0.000545102	0.002870023	0.000872359
0.135875607	0.000545104	0.00448716	0.000872324
0.135943735	0.000545106	0.00406573	0.000872523
0.13601185	0.000545109	0.004609298	0.000872084
0.136079979	0.000545111	0.003704696	0.00087217
0.136148107	0.000545113	0.0041282	0.000872275
0.136216235	0.000545116	0.005401876	0.000871773
0.136284363	0.000545118	0.006409363	0.000871819
0.136352491	0.00054512	0.004539472	0.000871981
0.13642062	0.000545123	0.002764568	0.00087162
0.136488748	0.000545125	0.003700374	0.000871562
0.136556863	0.000545128	0.005998288	0.000872112
0.136624991	0.00054513	0.002911331	0.000871617
0.136693119	0.000545133	0.004049306	0.000870957
0.136761248	0.000545135	0.003672943	0.000871582
0.136829376	0.000545138	0.002872322	0.000871238
0.136897504	0.00054514	0.003312563	0.000871229
0.136965632	0.000545143	0.00207431	0.000871199
0.13703376	0.000545146	0.004144017	0.000870737
0.137101889	0.000545148	0.004303083	0.000871132
0.137170004	0.000545151	0.003213757	0.000870842
0.137238132	0.000545153	0.000569489	0.00087055
0.13730626	0.000545156	0.00241281	0.000871059
0.137374388	0.000545159	0.002659309	0.000870883
0.137442517	0.000545162	0.000382479	0.000870734
0.137510645	0.000545164	-0.00047842	0.000870337
0.137578773	0.000545167	0.00121471	0.000870545
0.137646901	0.00054517	0.003513564	0.000869767
0.137715016	0.000545173	0.000248409	0.000870273
0.137783145	0.000545175	0.000755287	0.000870063
0.137851273	0.000545178	0.001128799	0.000869696
0.137919401	0.000545181	0.001347662	0.00086954
0.137987529	0.000545184	0.000226747	0.000869178
0.138055657	0.000545187	-0.000370376	0.000869654
0.138123786	0.00054519	0.000612632	0.000869811
0.138191914	0.000545193	0.00234308	0.000869235
0.138260029	0.000545196	0.000136157	0.000869444
0.138328157	0.000545199	0.001131166	0.000869139
0.138396286	0.000545202	0.000264426	0.000869554
0.138464414	0.000545205	0.001436565	0.000868971
0.138532542	0.000545208	0.001751498	0.000868898
