Wave-Number (cm-1)	u(Wave-Number) (cm-1)	Absorbance	u(Absorbance)
0.041472464	6.59085E-05	-0.004283622	0.000853494
0.04153861	6.60082E-05	-0.007068628	0.000853142
0.041604752	6.61079E-05	-0.007254897	0.000853374
0.041670898	6.62076E-05	-0.006784507	0.000852952
0.041737041	6.63073E-05	-0.005346045	0.000852584
0.041803187	6.64071E-05	-0.006732803	0.00085254
0.041869329	6.65068E-05	-0.005970796	0.000852193
0.041935475	6.66065E-05	-0.007108253	0.000852899
0.042001618	6.67063E-05	-0.003103061	0.000853084
0.042067763	6.6806E-05	-0.003496535	0.000852914
0.042133906	6.69058E-05	-0.006498725	0.000852815
0.042200052	6.70056E-05	-0.00520443	0.000852975
0.042266194	6.71053E-05	-0.005111449	0.000852859
0.04233234	6.72051E-05	-0.004573445	0.000852554
0.042398483	6.73049E-05	-0.004799507	0.000852543
0.042464629	6.74047E-05	-0.00311241	0.00085282
0.042530771	6.75045E-05	-0.002387246	0.000852337
0.042596917	6.76043E-05	-0.003667	0.00085265
0.04266306	6.77042E-05	-0.002274644	0.000851884
0.042729206	6.7804E-05	-0.002878571	0.000853043
0.042795348	6.79038E-05	0.000364757	0.000853316
0.042861494	6.80037E-05	-0.001944235	0.000852095
0.042927637	6.81035E-05	-0.002168651	0.000852137
0.042993782	6.82034E-05	-7.14264E-05	0.000852091
0.043059928	6.83033E-05	0.000659012	0.000852578
0.043126071	6.84032E-05	-0.002009139	0.000852085
0.043192217	6.8503E-05	-0.001676629	0.000852349
0.043258359	6.86029E-05	-0.000865062	0.000852457
0.043324505	6.87028E-05	0.001778636	0.000852266
0.043390648	6.88027E-05	-0.001154647	0.000852488
0.043456794	6.89027E-05	-3.99034E-05	0.00085207
0.043522936	6.90026E-05	-0.000335577	0.000851942
0.043589082	6.91025E-05	0.001840393	0.000851413
0.043655225	6.92024E-05	-0.002211636	0.000851842
0.04372137	6.93024E-05	-0.001871042	0.000851453
0.043787513	6.94023E-05	0.000442947	0.000851208
0.043853659	6.95023E-05	0.000940096	0.000851525
0.043919801	6.96022E-05	-0.003327497	0.000851292
0.043985947	6.97022E-05	-0.000571102	0.000850858
0.04405209	6.98022E-05	-0.002237659	0.000850244
0.044118236	6.99022E-05	-0.002370093	0.000851031
0.044184378	7.00022E-05	-0.00380102	0.000850639
0.044250524	7.01022E-05	-0.00343646	0.000850021
0.044316667	7.02022E-05	-0.002852071	0.000850169
0.044382813	7.03022E-05	-0.003001738	0.000850483
0.044448955	7.04022E-05	-0.004878203	0.000850175
0.044515101	7.05022E-05	-0.005784525	0.000849975
0.044581244	7.06023E-05	-0.004762839	0.000850742
0.044647389	7.07023E-05	-0.005119151	0.000849693
0.044713535	7.08023E-05	-0.006732692	0.000849429
0.044779678	7.09024E-05	-0.006704522	0.000849303
0.044845824	7.10024E-05	-0.003471588	0.000849937
0.044911966	7.11025E-05	-0.004076102	0.000850124
0.044978112	7.12026E-05	-0.005541458	0.000849545
0.045044255	7.13027E-05	-0.006044783	0.000848864
0.045110401	7.14027E-05	-0.004970705	0.000849326
0.045176543	7.15028E-05	-0.002482486	0.000849708
0.045242689	7.16029E-05	-0.006041408	0.000848969
0.045308832	7.1703E-05	-0.005710481	0.000849283
0.045374977	7.18031E-05	-0.003288497	0.000849654
0.04544112	7.19033E-05	-0.004347303	0.000849715
0.045507266	7.20034E-05	-0.006461361	0.000848874
0.045573408	7.21035E-05	-0.00456761	0.000848898
0.045639554	7.22036E-05	-0.000912227	0.000849524
0.045705697	7.23038E-05	-0.002817321	0.000849341
0.045771843	7.24039E-05	-0.000347188	0.000849149
0.045837985	7.25041E-05	-0.002613845	0.000849635
0.045904131	7.26043E-05	0.000508039	0.000849602
0.045970274	7.27044E-05	0.00044117	0.000849539
0.04603642	7.28046E-05	-0.00100093	0.000848885
0.046102562	7.29048E-05	-0.002333009	0.000849394
0.046168708	7.3005E-05	0.002118203	0.000849556
0.046234851	7.31051E-05	0.001222023	0.00084972
0.046300996	7.32053E-05	-0.0007259	0.000849346
0.046367142	7.33055E-05	0.002332991	0.00085006
0.046433285	7.34057E-05	0.005410021	0.000850233
0.046499431	7.3506E-05	0.003676143	0.000849762
0.046565573	7.36062E-05	0.001778251	0.000849136
0.046631719	7.37064E-05	0.004081733	0.000849439
0.046697862	7.38066E-05	0.003564366	0.00085016
0.046764008	7.39069E-05	0.002756862	0.000849402
0.04683015	7.40071E-05	0.002501801	0.00084871
0.046896296	7.41074E-05	0.002418775	0.000849034
0.046962439	7.42076E-05	0.002927214	0.000849612
0.047028584	7.43079E-05	0.002463369	0.000849327
0.047094727	7.44082E-05	0.000784242	0.000849257
0.047160873	7.45084E-05	0.000710982	0.000849037
0.047227015	7.46087E-05	0.005945731	0.00084923
0.047293161	7.4709E-05	0.000825929	0.000848693
0.047359304	7.48093E-05	0.001639849	0.000848905
0.04742545	7.49096E-05	0.000621047	0.000848399
0.047491592	7.50099E-05	-9.41504E-05	0.000849035
0.047557738	7.51102E-05	0.000307485	0.000848607
0.047623881	7.52105E-05	-0.001203067	0.000848644
0.047690027	7.53108E-05	-0.001144582	0.000847642
0.047756169	7.54111E-05	0.001421586	0.000848298
0.047822315	7.55115E-05	-0.001514763	0.000848048
0.047888458	7.56118E-05	-0.003691989	0.000847302
0.047954603	7.57121E-05	-0.003115	0.0008482
0.048020749	7.58125E-05	-0.00109345	0.000848143
0.048086892	7.59128E-05	-0.004320577	0.000847666
0.048153038	7.60132E-05	-0.004385014	0.000847655
0.04821918	7.61135E-05	-0.003782334	0.000847468
0.048285326	7.62139E-05	-0.001855436	0.000847525
0.048351469	7.63143E-05	-0.003562996	0.000847323
0.048417615	7.64147E-05	-0.002314003	0.00084815
0.048483757	7.6515E-05	-0.001473689	0.000847432
0.048549903	7.66154E-05	0.000131713	0.000847491
0.048616046	7.67158E-05	-0.002661968	0.000846779
0.048682191	7.68162E-05	-0.001414522	0.00084766
0.048748334	7.69166E-05	-0.002435765	0.000847429
0.04881448	7.7017E-05	0.001953206	0.000847517
0.048880623	7.71174E-05	-0.000481738	0.000846989
0.048946768	7.72179E-05	0.000299895	0.000846632
0.049012911	7.73183E-05	0.00278651	0.000847126
0.049079057	7.74187E-05	0.002678023	0.000847573
0.049145199	7.75191E-05	0.00251917	0.000847357
0.049211345	7.76196E-05	0.00091548	0.00084724
0.049277488	7.772E-05	0.002348546	0.000847202
0.049343634	7.78205E-05	0.004081898	0.000847932
0.049409776	7.79209E-05	0.004425911	0.000847651
0.049475922	7.80214E-05	0.004842176	0.000847107
0.049542065	7.81219E-05	0.005838866	0.00084833
0.04960821	7.82223E-05	0.006162055	0.000847686
0.049674356	7.83228E-05	0.004432177	0.000847969
0.049740499	7.84233E-05	0.006045716	0.000848301
0.049806645	7.85238E-05	0.008356098	0.000847797
0.049872787	7.86242E-05	0.006120302	0.000847552
0.049938933	7.87247E-05	0.007306957	0.000847306
0.050005076	7.88252E-05	0.00676621	0.00084804
0.050071222	7.89257E-05	0.007837548	0.000847817
0.050137364	7.90262E-05	0.008582352	0.000848025
0.05020351	7.91268E-05	0.007200588	0.000847753
0.050269653	7.92273E-05	0.006503437	0.000847299
0.050335798	7.93278E-05	0.007511996	0.000847762
0.050401941	7.94283E-05	0.005558139	0.000847923
0.050468087	7.95289E-05	0.003193049	0.000847447
0.05053423	7.96294E-05	0.002900593	0.000846997
0.050600375	7.97299E-05	0.004862427	0.00084747
0.050666518	7.98305E-05	0.002358496	0.000847034
0.050732664	7.9931E-05	0.004014526	0.000847118
0.050798806	8.00316E-05	0.001717788	0.000846549
0.050864952	8.01321E-05	0.003605748	0.000846692
0.050931095	8.02327E-05	0.002639491	0.000846849
0.050997241	8.03333E-05	0.000829771	0.000845854
0.051063383	8.04338E-05	0.001105144	0.000846153
0.051129529	8.05344E-05	0.002310325	0.000846478
0.051195672	8.0635E-05	0.001755151	0.000846471
0.051261817	8.07356E-05	-0.001070192	0.000845353
0.051327963	8.08362E-05	-0.000315977	0.000845919
0.051394106	8.09368E-05	0.001006237	0.000846432
0.051460252	8.10374E-05	-0.000450857	0.000845476
0.051526394	8.1138E-05	-0.002342957	0.000845397
0.05159254	8.12386E-05	-0.0016771	0.00084517
0.051658683	8.13392E-05	-0.000125146	0.000844835
0.051724829	8.14398E-05	-0.000939935	0.00084548
0.051790971	8.15404E-05	-0.002166818	0.000845068
0.051857117	8.16411E-05	-0.001275716	0.000845383
0.05192326	8.17417E-05	-0.000528847	0.000845421
0.051989405	8.18423E-05	-0.000917128	0.000845252
0.052055548	8.1943E-05	-0.002537321	0.00084526
0.052121694	8.20436E-05	-0.001107844	0.000845431
0.052187837	8.21442E-05	0.002173137	0.000845234
0.052253982	8.22449E-05	4.43181E-05	0.000844989
0.052320125	8.23456E-05	-0.001508966	0.000844209
0.052386271	8.24462E-05	0.001121179	0.000844703
0.052452413	8.25469E-05	0.002968715	0.000845029
0.052518559	8.26475E-05	0.002692874	0.000844731
0.052584702	8.27482E-05	0.003458703	0.000845025
0.052650848	8.28489E-05	0.002739346	0.00084518
0.05271699	8.29496E-05	0.005960985	0.000845565
0.052783136	8.30503E-05	0.004009401	0.000844822
0.052849279	8.31509E-05	0.003284379	0.00084466
0.052915425	8.32516E-05	0.003952483	0.00084454
0.052981571	8.48892E-05	0.005246582	0.000844754
0.053047715	8.48939E-05	0.004144879	0.00084516
0.053113848	8.49051E-05	0.004111267	0.000844755
0.053179982	8.49227E-05	0.00491753	0.000845077
0.053246109	8.49468E-05	0.005313486	0.00084487
0.053312231	8.49773E-05	0.004099509	0.000844816
0.053378341	8.50143E-05	0.003642885	0.000844531
0.053444452	8.50579E-05	0.005511133	0.000843833
0.053510557	8.5108E-05	0.004312942	0.000844515
0.053576657	8.51646E-05	0.004518708	0.000844486
0.053642745	8.52277E-05	0.002267246	0.000843948
0.053708833	8.52974E-05	0.004363875	0.000844482
0.053774915	8.53737E-05	0.007324797	0.00084472
0.053840992	8.54565E-05	0.001340442	0.000843921
0.053907058	8.55459E-05	0.001954776	0.000843729
0.053973123	8.56419E-05	0.003085174	0.000843621
0.054039183	8.57445E-05	0.000262645	0.0008432
0.054105238	8.58536E-05	0.001640591	0.00084261
0.05417128	8.59693E-05	-0.000400095	0.000842631
0.054237323	8.60916E-05	-0.000603532	0.000842765
0.054303361	8.62205E-05	0.000722097	0.000843003
0.054369393	8.63559E-05	-0.000895286	0.00084301
0.054435413	8.64979E-05	-0.001544517	0.000842381
0.054501434	8.66464E-05	-0.001139162	0.000842009
0.054567449	8.68015E-05	0.001433952	0.000842534
0.054633458	8.6963E-05	-0.004185937	0.000842014
0.054699462	8.71311E-05	-0.003916518	0.0008421
0.054765454	8.73057E-05	-0.002024266	0.000841906
0.054831446	8.74868E-05	-0.002326921	0.000842316
0.054897433	8.76743E-05	-0.003012605	0.000841662
0.054963414	8.78683E-05	-0.003548435	0.000841804
0.055029383	8.80687E-05	-0.003337183	0.000841192
0.055095353	8.82755E-05	-0.002167074	0.000841737
0.055161318	8.84887E-05	-0.002617108	0.000841559
0.055227276	8.87083E-05	-0.003424507	0.000841407
0.055293223	8.89342E-05	-0.000941382	0.000841457
0.05535917	8.91664E-05	-0.000862512	0.000841616
0.055425112	8.94049E-05	-0.0044768	0.000840944
0.055491048	8.96497E-05	-0.003199246	0.000840943
0.055556972	8.99006E-05	-0.000148621	0.000841357
0.055622897	9.01578E-05	-0.000961676	0.000840891
0.055688816	9.04212E-05	-0.000684727	0.000841499
0.05575473	9.06907E-05	0.000278279	0.00084076
0.055820632	9.09663E-05	0.000610192	0.000841543
0.055886534	9.1248E-05	0.001126423	0.00084094
0.055952431	9.15358E-05	0.000269444	0.000841029
0.056018322	9.18295E-05	0.000166393	0.000840992
0.056084201	9.21292E-05	0.000889424	0.00084136
0.056150081	9.24349E-05	0.002547873	0.00084159
0.056215955	9.27465E-05	0.00035437	0.00084071
0.056281823	9.30639E-05	0.003744039	0.000841015
0.056347686	9.33872E-05	0.004237922	0.000841326
0.056413537	9.37162E-05	0.001821477	0.000841116
0.056479389	9.40511E-05	0.002069899	0.000840637
0.056545235	9.43916E-05	0.001990283	0.000840478
0.056611075	9.47378E-05	0.002827663	0.000840719
0.056676903	9.50896E-05	0.001731151	0.000840543
0.056742732	9.54471E-05	0.000772652	0.000841015
0.056808556	9.58101E-05	0.000750279	0.00084045
0.056874374	9.61786E-05	0.002040034	0.000840235
0.056940179	9.65525E-05	0.001847386	0.000840203
0.057005986	9.6932E-05	-0.000764104	0.00083971
0.057071787	9.73168E-05	0.000242269	0.000839784
0.057137582	9.77069E-05	0.001378957	0.000840037
0.057203365	9.81023E-05	-0.002381348	0.000839671
0.057269149	9.85031E-05	-0.001998182	0.000839576
0.057334928	9.8909E-05	-0.002828969	0.000839598
0.0574007	9.93201E-05	-0.001376292	0.000839745
0.057466461	9.97363E-05	-0.003495699	0.000839356
0.057532223	0.000100158	-0.003294893	0.000839433
0.057597978	0.000100584	-0.004380879	0.000838787
0.057663729	0.000101016	-0.002466462	0.000838784
0.057729467	0.000101452	-0.003697996	0.000838495
0.057795206	0.000101893	-0.007447768	0.000838561
0.057860939	0.000102339	-0.006301665	0.000838432
0.057926667	0.00010279	-0.003469105	0.000839024
0.057992389	0.000103246	-0.006956049	0.000838238
0.058058099	0.000103707	-0.005419016	0.000838061
0.058123809	0.000104172	-0.005318891	0.000837475
0.058189514	0.000104642	-0.005500946	0.000838115
0.058255214	0.000105116	-0.006274325	0.000838414
0.058320901	0.000105596	-0.0061465	0.000837966
0.05838659	0.000106079	-0.005264293	0.000837751
0.058452272	0.000106568	-0.004081336	0.000837964
0.058517949	0.00010706	-0.005500699	0.00083749
0.058583614	0.000107557	-0.006336147	0.000836999
0.05864928	0.000108059	-0.003617589	0.00083766
0.05871494	0.000108564	-0.001941055	0.000837865
0.058780594	0.000109075	-0.005836933	0.000837347
0.058846237	0.000109589	-0.003279268	0.000838273
0.05891188	0.000110107	-0.002223053	0.000837998
0.058977517	0.00011063	-0.000854383	0.000838197
0.059043149	0.000111157	-0.002116339	0.000837302
0.059108769	0.000111688	-0.002360597	0.000837775
0.059174389	0.000112223	-0.001458912	0.000837653
0.059240004	0.000112762	-0.001348419	0.000837894
0.059305614	0.000113305	-0.001267369	0.000837684
0.059371211	0.000113852	-0.001431624	0.000837635
0.059436809	0.000114403	0.000639794	0.000837794
0.059502401	0.000114958	0.000655338	0.000837418
0.059567988	0.000115517	-0.003408615	0.000837471
0.059633569	0.000116079	0.000144962	0.000837491
0.059699138	0.000116645	-0.001050835	0.000837229
0.059764708	0.000117215	0.000173219	0.000837629
0.059830273	0.000117789	9.98633E-05	0.000837572
0.059895831	0.000118366	0.001044937	0.000837058
0.059961378	0.000118947	0.001678831	0.000837584
0.060026925	0.000119531	0.001105387	0.000837803
0.060092467	0.000120119	-0.000172698	0.000837751
0.060158003	0.000120711	-0.001098312	0.000836843
0.060223527	0.000121306	0.000179599	0.000837207
0.060289052	0.000121905	-0.000997993	0.000836882
0.060354571	0.000122507	-0.001652464	0.000837154
0.060420084	0.000123112	-0.002628463	0.000836596
0.060485586	0.000123721	-0.000826892	0.000836509
0.060551088	0.000124333	-0.002438844	0.00083616
0.060616585	0.000124948	-0.003747235	0.000836393
0.060682076	0.000125567	-0.002239114	0.000836081
0.060747555	0.000126188	-0.002801561	0.000836501
0.060813034	0.000126814	-0.003284405	0.00083609
0.060878508	0.000127442	-0.004983021	0.000835283
0.060943977	0.000128073	-0.006515708	0.000835769
0.061009433	0.000128708	-0.002822295	0.000835631
0.06107489	0.000129345	-0.003739486	0.000835661
0.061140342	0.000129986	-0.007629405	0.000835413
0.061205788	0.00013063	-0.006488215	0.000835596
0.061271228	0.000131276	-0.005055496	0.000835848
0.061336656	0.000131926	-0.005608593	0.000835072
0.061402085	0.000132579	-0.00719281	0.000834662
0.061467509	0.000133234	-0.005236913	0.000834932
0.061532926	0.000133893	-0.005391185	0.000835706
0.061598332	0.000134554	-0.005536061	0.000835128
0.061663739	0.000135219	-0.006107424	0.000835502
0.061729139	0.000135886	-0.006541967	0.000835166
0.061794535	0.000136556	-0.003103918	0.000835608
0.061859918	0.000137228	-0.00148814	0.000835226
0.061925302	0.000137904	-0.005735335	0.000834896
0.06199068	0.000138582	-0.002605194	0.000835334
0.062056053	0.000139263	0.000170396	0.000835805
0.062121413	0.000139946	-0.00433891	0.000835431
0.062186775	0.000140632	-0.002940723	0.000835501
0.06225213	0.000141321	-0.002331654	0.000835622
0.06231748	0.000142013	0.000694097	0.000835203
0.062382819	0.000142707	-0.000429781	0.000835885
0.062448157	0.000143403	0.00074346	0.000835743
0.062513491	0.000144103	0.00164415	0.000835624
0.062578818	0.000144804	0.005202703	0.000835805
0.062644134	0.000145509	0.001707962	0.000835634
0.06270945	0.000146215	0.001069636	0.00083553
0.062774761	0.000146925	0.003112195	0.000835707
0.062840066	0.000147636	0.004700122	0.000835767
0.062905365	0.00014835	0.001208019	0.000835752
0.062970652	0.000149067	0.003054735	0.000835432
0.063035941	0.000149786	0.004674906	0.00083594
0.063101223	0.000150507	0.003697347	0.000835847
0.0631665	0.000151231	0.002549449	0.00083597
0.063231765	0.000151957	0.003070727	0.000835213
0.06329703	0.000152685	0.001397058	0.000835473
0.063362291	0.000154544	0.004370479	0.000835669
0.063427552	0.000154548	0.000848813	0.000835206
0.063492805	0.000154557	0.00130478	0.000835325
0.063558062	0.00015457	0.003096205	0.000835927
0.063623318	0.000154588	0.003969074	0.00083567
0.063688572	0.000154611	0.00011194	0.00083522
0.063753817	0.000154638	0.00199609	0.000835238
0.063819068	0.00015467	0.002741823	0.000835115
0.063884316	0.000154707	0.002130512	0.000834994
0.063949563	0.000154749	3.35671E-07	0.000834825
0.064014802	0.000154795	-0.001408005	0.000834863
0.064080045	0.000154847	-0.001619529	0.000834275
0.064145286	0.000154903	-0.000844477	0.00083491
0.064210526	0.000154964	-0.002227965	0.000834155
0.064275758	0.000155029	-0.002092217	0.000834066
0.064340994	0.0001551	-0.003089131	0.000834304
0.064406228	0.000155175	0.000680231	0.000834537
0.064471461	0.000155255	-0.004603225	0.000833795
0.064536692	0.00015534	-0.002791396	0.000833799
0.064601915	0.00015543	-0.002245913	0.000834218
0.064667142	0.000155525	-0.001675867	0.000833846
0.064732368	0.000155625	-0.002526068	0.000834039
0.064797592	0.000155729	-0.00316621	0.000833476
0.064862807	0.000155838	-0.001732234	0.000834038
0.064928028	0.000155953	-0.000625532	0.000833886
0.064993246	0.000156072	-0.001761682	0.000833334
0.065058463	0.000156196	-0.001693	0.000833547
0.065123672	0.000156325	0.002688988	0.00083411
0.065188885	0.000156459	0.001187854	0.00083405
0.065254097	0.000156597	-0.000739791	0.000833701
0.065319307	0.000156741	-0.001324823	0.000833773
0.065384509	0.000156889	0.000896139	0.000833929
0.065449715	0.000157043	0.004073164	0.000834612
0.065514919	0.000157201	0.000657237	0.000834241
0.065580122	0.000157364	0.003151758	0.000833964
0.065645317	0.000157532	0.003699441	0.000834127
0.065710516	0.000157705	0.004532453	0.000834521
0.065775714	0.000157883	0.003748639	0.000834043
0.065840909	0.000158066	0.002544963	0.000834308
0.065906097	0.000158253	0.005699135	0.00083449
0.065971289	0.000158446	0.003578312	0.00083431
0.06603648	0.000158643	0.004008077	0.00083403
0.066101669	0.000158846	0.00523568	0.000834636
0.066166856	0.000159053	0.00924319	0.000835422
0.066232034	0.000159265	0.006621506	0.000834568
0.066297218	0.000159482	0.006177332	0.00083444
0.0663624	0.000159704	0.006956675	0.000834715
0.066427579	0.00015993	0.008910012	0.000834906
0.066492751	0.000160162	0.00593234	0.000834547
0.066557928	0.000160398	0.00686996	0.000834719
0.066623102	0.000160639	0.006998339	0.000834427
0.066688275	0.000160885	0.009306027	0.000834805
0.06675344	0.000161136	0.007484276	0.00083458
0.06681861	0.000161392	0.005740425	0.000834516
0.066883777	0.000161652	0.004808924	0.000833977
0.066948943	0.000161917	0.006960423	0.00083466
0.067014101	0.000162187	0.004821857	0.000833501
0.067079263	0.000162462	0.004139723	0.000833996
0.067144424	0.000162741	0.004227486	0.000833679
0.067209583	0.000163026	0.004919049	0.000833645
0.067274733	0.000163315	0.001977514	0.000833277
0.067339889	0.000163609	0.002363782	0.000833284
0.067405042	0.000163907	0.002092522	0.000832891
0.067470194	0.00016421	0.003105815	0.000833423
0.067535338	0.000164518	0.001763781	0.000833261
0.067600486	0.000164831	0.001581077	0.000833121
0.067665633	0.000165148	-0.000981152	0.000833497
0.067730777	0.00016547	0.001381866	0.000833199
0.06779592	0.000165797	0.000536384	0.000833025
0.067861055	0.000166128	-0.000169733	0.000832452
0.067926195	0.000166464	-0.000429215	0.000832208
0.067991333	0.000166804	0.001214208	0.000832584
0.068056469	0.000167149	-0.000600187	0.000832474
0.068121597	0.000167499	-0.00073997	0.000832617
0.068186729	0.000167853	-0.000315038	0.000832391
0.06825186	0.000168212	0.003164901	0.000832918
0.068316989	0.000168575	0.000386413	0.000832193
0.06838211	0.000168943	-0.002579072	0.000832577
0.068447235	0.000169315	2.0794E-05	0.000832482
0.068512359	0.000169692	0.00178063	0.000832474
0.068577481	0.000170074	0.001504093	0.000831879
0.068642594	0.000170459	0.000190209	0.000831959
0.068707713	0.00017085	0.003098787	0.000832651
0.068772829	0.000171244	0.003139972	0.000832676
0.068837944	0.000171643	0.003766592	0.000832631
0.068903051	0.000172047	0.001124618	0.000832074
0.068968163	0.000172455	0.003298039	0.000832573
0.069033272	0.000172867	0.008097606	0.000832879
0.06909838	0.000173283	0.006168938	0.000832729
0.06916348	0.000173704	0.003244822	0.000832711
0.069228584	0.000174129	0.007123485	0.00083294
0.069293687	0.000174559	0.007243678	0.000833069
0.069358788	0.000174993	0.0052902	0.000832677
0.069423887	0.000175431	0.005751688	0.000832844
0.069488978	0.000175873	0.005622418	0.000831943
0.069554073	0.000176319	0.005419462	0.000832075
0.069619167	0.00017677	0.005517447	0.000831908
0.069684259	0.000177225	0.008217636	0.000832385
0.069749343	0.000177684	0.005513522	0.000831962
0.069814431	0.000178147	0.006338963	0.000832151
0.069879518	0.000178614	0.007244272	0.000831823
0.069944603	0.000179086	0.003421276	0.000831201
0.07000968	0.000179561	0.006808581	0.000831898
0.070074762	0.000180041	0.006137059	0.000831661
0.070139841	0.000180524	0.004232507	0.000831552
0.070204919	0.000181012	0.002892312	0.000831389
0.070269989	0.000181503	0.005631651	0.000831213
0.070335064	0.000181999	0.004863555	0.000831143
0.070400136	0.000182499	0.001871647	0.000830712
0.070465207	0.000183002	0.00090735	0.000830721
0.07053027	0.00018351	0.000315638	0.0008309
0.070595338	0.000184021	0.002666224	0.000830403
0.070660403	0.000184537	0.000799818	0.000830174
0.070725467	0.000185056	-0.001646447	0.000829762
0.070790523	0.000185579	0.000642139	0.000830276
0.070855583	0.000186106	-0.000510868	0.000830255
0.070920642	0.000186636	-0.002048293	0.000829715
0.070985699	0.000187171	-0.000445718	0.0008297
0.071050754	0.000187709	0.000401073	0.000829253
0.071115801	0.000188251	-0.002356126	0.000829301
0.071180853	0.000188797	-0.002229792	0.000829322
0.071245902	0.000189347	-0.001688835	0.000829226
0.07131095	0.0001899	-0.001634366	0.000829344
0.071375991	0.000190457	-0.001622167	0.000828927
0.071441035	0.000191018	-0.004996349	0.00082928
0.071506078	0.000191582	-0.003830387	0.000828574
0.071571119	0.00019215	-0.000620778	0.000828943
0.071636152	0.000192721	-0.000223162	0.000829043
0.071701189	0.000193296	-0.002041022	0.000829097
0.071766225	0.000193875	-0.001108096	0.000828901
0.071831259	0.000194457	8.75514E-05	0.000828893
0.071896285	0.000195043	-0.000418364	0.000828811
0.071961316	0.000195632	-0.002367307	0.000828389
0.072026344	0.000196225	-0.001105873	0.000828337
0.072091371	0.000196821	6.92366E-05	0.000828853
0.07215639	0.000197421	0.001835573	0.000828938
0.072221414	0.000198024	-0.001000989	0.000828627
0.072286435	0.000198631	0.000565354	0.000828788
0.072351455	0.000199241	0.004227999	0.000828979
0.072416467	0.000199854	7.48764E-06	0.00082828
0.072481484	0.000200471	0.000117051	0.000828516
0.072546498	0.000201091	0.00175192	0.000828633
0.072611511	0.000201714	0.005241831	0.00082858
0.072676522	0.000202341	0.001486793	0.000828191
0.072741526	0.000202971	0.001772112	0.000828569
0.072806533	0.000203604	0.002267155	0.000828812
0.072871539	0.000204241	0.003150252	0.000828445
0.072936543	0.000204881	0.001646827	0.000828753
0.073001539	0.000205523	0.001973599	0.000828439
0.07306654	0.00020617	0.000544239	0.00082829
0.073131539	0.000206819	0.002696941	0.000828739
0.073196536	0.000207472	0.001227039	0.000828359
0.073261525	0.000208127	-0.000340839	0.000828046
0.073326518	0.000208786	0.00233755	0.00082805
0.07339151	0.000209448	0.002223889	0.000828072
0.0734565	0.000210113	0.001313649	0.000828047
0.073521482	0.000210781	-0.000924247	0.0008272
0.073586469	0.000211453	0.000239091	0.000827874
0.073651454	0.000212127	0.000767579	0.000827532
0.073716437	0.000213783	-0.003355294	0.000827298
0.07378143	0.000213786	-0.002764019	0.000826865
0.073846441	0.000213792	-0.001403744	0.000827001
0.073911463	0.000213804	-0.001580289	0.000826912
0.073976495	0.00021382	-0.002977957	0.000826851
0.074041533	0.000213841	-0.005465975	0.000826028
0.074106587	0.000213867	-0.000913821	0.000826532
0.074171653	0.000213897	-0.000850846	0.000826542
0.074236729	0.000213932	-0.006032359	0.000826547
0.074301817	0.000213971	-0.002689239	0.000826207
0.074366909	0.000214015	-0.002210899	0.000826405
0.074432019	0.000214064	-0.003959077	0.000826268
0.07449714	0.000214117	-0.00580401	0.000825691
0.074562271	0.000214176	-0.005089802	0.000826291
0.074627407	0.000214239	-0.005654508	0.0008261
0.074692561	0.000214306	-0.002475784	0.000825917
0.074757725	0.000214379	-0.003607051	0.000825736
0.074822901	0.000214456	-0.005415281	0.000825793
0.074888081	0.000214538	-0.001872736	0.000825628
0.074953279	0.000214625	0.000331983	0.000826184
0.075018487	0.000214716	-0.003820571	0.00082552
0.075083706	0.000214812	-0.003456313	0.000825639
0.075148931	0.000214913	-0.000637343	0.000826353
0.075214172	0.000215019	0.000366867	0.000825602
0.075279424	0.000215129	3.46433E-06	0.000825989
0.075344688	0.000215245	-0.000577746	0.000825451
0.075409956	0.000215365	0.001326474	0.000825999
0.075475241	0.00021549	0.001970457	0.000826143
0.075540538	0.000215619	0.00065739	0.00082577
0.075605845	0.000215754	-0.001179424	0.000826144
0.075671157	0.000215893	0.003169676	0.000826235
0.075736486	0.000216037	0.002286142	0.000826194
0.075801827	0.000216186	-0.000665362	0.000825558
0.075867178	0.00021634	0.003507289	0.000825864
0.07593254	0.000216499	0.003773052	0.000825948
0.075997907	0.000216662	0.002850536	0.000825779
0.076063291	0.00021683	0.002544731	0.000825366
0.076128687	0.000217003	0.001763461	0.000825361
0.076194093	0.000217181	0.003632728	0.000825783
0.076259504	0.000217364	0.002179854	0.000825448
0.076324932	0.000217552	0.002585071	0.000825696
0.076390371	0.000217744	0.00310233	0.000825718
0.076455821	0.000217941	0.005881258	0.000825863
0.076521276	0.000218143	0.002731667	0.000825093
0.076586748	0.00021835	0.000565607	0.000825068
0.076652231	0.000218562	0.001079994	0.000824787
0.076717726	0.000218778	0.002755214	0.000824874
0.076783224	0.000218999	0.000941259	0.000824724
0.07684874	0.000219225	-0.00119698	0.000824483
0.076914268	0.000219456	-7.70827E-05	0.000824824
0.076979806	0.000219692	0.001280008	0.000824557
0.077045348	0.000219932	-0.00014177	0.00082441
0.077110908	0.000220178	-0.001260722	0.00082417
0.077176479	0.000220428	-0.000972966	0.000823833
0.077242061	0.000220683	0.000110316	0.000824551
0.077307648	0.000220943	-0.000620418	0.000824111
0.077373252	0.000221207	-0.002353072	0.000823915
0.077438867	0.000221476	-0.001123297	0.00082393
0.077504493	0.00022175	-0.001914505	0.000823683
0.07757013	0.000222029	-0.000810628	0.000823577
0.077635772	0.000222313	-0.001048129	0.000823882
0.077701431	0.000222601	-0.000958928	0.000824279
0.077767101	0.000222894	0.00067029	0.000823431
0.077832781	0.000223192	-0.001676611	0.000823479
0.077898467	0.000223495	-0.000910108	0.000823843
0.07796417	0.000223802	-0.002014956	0.000823647
0.078029884	0.000224114	0.001691211	0.000823937
0.078095609	0.000224431	-0.002153188	0.000823484
0.078161338	0.000224752	-0.001337324	0.000823715
0.078227085	0.000225078	0.000107062	0.000823845
0.078292843	0.000225409	0.000206753	0.000823679
0.078358612	0.000225745	0.000698434	0.00082402
0.078424385	0.000226085	0.001240902	0.000824328
0.078490176	0.00022643	0.003757442	0.000824229
0.078555978	0.000226779	0.005130607	0.000824208
0.07862179	0.000227134	0.002701872	0.000824502
0.078687608	0.000227492	0.003212491	0.000823819
0.078753442	0.000227856	0.003239182	0.000824004
0.078819288	0.000228224	0.007240003	0.000824428
0.078885145	0.000228597	0.005092534	0.000824182
0.078951006	0.000228974	0.006855241	0.000823963
0.079016885	0.000229356	0.007885988	0.000824573
0.079082775	0.000229742	0.009416573	0.00082466
0.079148675	0.000230133	0.006934318	0.000824217
0.079214587	0.000230529	0.006878926	0.000823846
0.079280503	0.000230929	0.008936152	0.000824663
0.079346437	0.000231334	0.010829845	0.000824467
0.079412381	0.000231743	0.007996505	0.000824349
0.079478337	0.000232157	0.007986141	0.000824509
0.079544297	0.000232575	0.009476724	0.000824468
0.079610275	0.000232998	0.010654696	0.000824579
0.079676263	0.000233425	0.008071579	0.000824301
0.079742263	0.000233856	0.00990533	0.000824397
0.079808267	0.000234292	0.010966557	0.000824328
0.079874289	0.000234733	0.009875288	0.00082411
0.079940321	0.000235178	0.007677309	0.000824096
0.080006365	0.000235627	0.008818983	0.000823617
0.080072413	0.000236081	0.00971519	0.000824366
0.080138478	0.000236539	0.00889003	0.000824132
0.080204555	0.000237001	0.009069835	0.000824322
0.080270642	0.000237468	0.009525087	0.000824335
0.080336734	0.000237939	0.009305096	0.000824018
0.080402844	0.000238415	0.009348289	0.000824347
0.080468964	0.000238895	0.007990717	0.000823946
0.080535095	0.000239379	0.005705191	0.000823737
0.080601231	0.000239867	0.011072618	0.000823903
0.080667385	0.00024036	0.009806957	0.000824562
0.080733549	0.000240857	0.006125783	0.000824127
0.080799724	0.000241358	0.009274379	0.000823477
0.080865911	0.000241863	0.011520272	0.000823922
0.080932102	0.000242373	0.009801945	0.000823088
0.08099831	0.000242887	0.009604872	0.000823571
0.081064529	0.000243405	0.011513501	0.000824079
0.081130759	0.000243927	0.011509101	0.000823623
0.081196994	0.000244453	0.013929738	0.000824216
0.081263247	0.000244984	0.013549146	0.00082354
0.08132951	0.000245518	0.012772868	0.000824344
0.081395784	0.000246057	0.016091171	0.000824213
0.081462063	0.0002466	0.016076197	0.000825044
0.081528359	0.000247146	0.015882353	0.000824655
0.081594666	0.000247697	0.018911496	0.000824975
0.081660984	0.000248252	0.019501899	0.000824854
0.081727307	0.000248811	0.021214329	0.000825356
0.081793647	0.000249374	0.017948991	0.000824717
0.081859998	0.000249941	0.020928656	0.000825487
0.081926361	0.000250512	0.023310648	0.000825823
0.081992727	0.000251087	0.026771395	0.000826201
0.082059111	0.000251666	0.026803429	0.000826544
0.082125507	0.000252249	0.028579516	0.000826345
0.082191913	0.000252835	0.031991742	0.000827138
0.082258323	0.000253426	0.031584146	0.000826354
0.082324751	0.000254021	0.032758719	0.00082691
0.08239119	0.000254619	0.03467864	0.000827255
0.08245764	0.000255221	0.036867447	0.000827906
0.082524101	0.000255827	0.036733608	0.000828201
0.082590567	0.000256437	0.039442187	0.000828106
0.08265705	0.000257051	0.041632875	0.000829139
0.082723544	0.000257669	0.044483233	0.000828913
0.082790049	0.00025829	0.044361017	0.000828672
0.082856558	0.000258915	0.044573012	0.000829068
0.082923085	0.000259544	0.048199206	0.000829098
0.082989623	0.000260176	0.051039188	0.000829851
0.083056172	0.000260812	0.050981184	0.000829781
0.083122726	0.000261452	0.052217729	0.000829957
0.083189297	0.000262096	0.054921556	0.000830651
0.083255878	0.000262743	0.05836017	0.000831157
0.083322471	0.000263394	0.057131124	0.00083086
0.083389069	0.000264049	0.059760722	0.000831185
0.083455683	0.000264707	0.063083993	0.000831836
0.083522309	0.000265369	0.065880133	0.000832616
0.083588946	0.000266034	0.067196481	0.000832272
0.083655588	0.000266703	0.069559088	0.000832957
0.083722246	0.000267376	0.072897702	0.000833581
0.083788916	0.000268052	0.075363526	0.000833889
0.083855597	0.000268731	0.075295389	0.000834097
0.083922282	0.000269414	0.079528206	0.00083451
0.083988985	0.000270101	0.084376646	0.000835162
0.084055699	0.000270791	0.087317893	0.000835868
0.084122428	0.000271887	0.088701547	0.000835945
0.084189162	0.000271892	0.091767721	0.000836981
0.084255885	0.000271901	0.09716609	0.000837635
0.084322609	0.000271916	0.098488334	0.000838047
0.084389329	0.000271936	0.101837688	0.000838322
0.084456044	0.000271962	0.106594245	0.000839091
0.084522748	0.000271992	0.111912737	0.00084028
0.084589453	0.000272027	0.118475914	0.00084142
0.084656153	0.000272068	0.120705232	0.000841939
0.084722849	0.000272113	0.127564989	0.000843077
0.084789534	0.000272164	0.134012401	0.000844228
0.08485622	0.00027222	0.139886363	0.000845723
0.084922901	0.000272281	0.142246499	0.000845982
0.084989577	0.000272347	0.14980112	0.000847517
0.085056242	0.000272418	0.156950195	0.000848886
0.085122909	0.000272495	0.163460378	0.000850403
0.085189571	0.000272576	0.169471842	0.000851849
0.085256228	0.000272663	0.178956483	0.00085388
0.085322874	0.000272755	0.184178959	0.000854798
0.085389522	0.000272853	0.191466989	0.000856124
0.085456165	0.000272955	0.198328779	0.000857578
0.085522803	0.000273063	0.204957248	0.000859039
0.08558943	0.000273176	0.218070997	0.000862144
0.085656058	0.000273294	0.225305802	0.000863862
0.085722681	0.000273417	0.231321251	0.000864853
0.0857893	0.000273546	0.24325036	0.000867891
0.085855914	0.00027368	0.2539584	0.000870207
0.085922517	0.000273819	0.259846965	0.000871819
0.085989121	0.000273963	0.26824793	0.000873642
0.086055721	0.000274113	0.277785273	0.000876775
0.086122315	0.000274268	0.289897838	0.000879658
0.086188899	0.000274428	0.300201285	0.000881907
0.086255484	0.000274593	0.31233773	0.00088519
0.086322064	0.000274764	0.320322728	0.00088745
0.086388639	0.00027494	0.334215559	0.000891321
0.086455204	0.000275121	0.344118831	0.00089385
0.08652177	0.000275307	0.352101805	0.00089638
0.086588331	0.000275499	0.367960767	0.000900985
0.086654887	0.000275696	0.381299806	0.000904962
0.086721432	0.000275898	0.394369211	0.000908355
0.086787978	0.000276106	0.405469511	0.000911924
0.08685452	0.000276319	0.420629148	0.000917011
0.086921057	0.000276537	0.430860586	0.000920204
0.086987583	0.00027676	0.445720442	0.000924532
0.08705411	0.000276989	0.458589876	0.000929197
0.087120633	0.000277223	0.473685755	0.000934702
0.087187151	0.000277462	0.497228556	0.000942468
0.087253657	0.000277706	0.506407345	0.000946539
0.087320165	0.000277956	0.520145527	0.000951767
0.087386669	0.000278211	0.536756571	0.000957823
0.087453167	0.000278471	0.551856802	0.000964293
0.087519661	0.000278737	0.565512857	0.000969317
0.087586143	0.000279007	0.586207761	0.000977802
0.087652628	0.000279283	0.609247671	0.000987407
0.087719107	0.000279564	0.628001915	0.000996566
0.087785581	0.000279851	0.644817019	0.001004212
0.087852045	0.000280143	0.664537556	0.00101313
0.087918509	0.00028044	0.683083949	0.001022187
0.087984969	0.000280742	0.702598001	0.001031372
0.088051425	0.000281049	0.71569196	0.001038672
0.088117869	0.000281362	0.739431616	0.001050918
0.088184314	0.00028168	0.764356658	0.001064315
0.088250755	0.000282003	0.789609415	0.001078427
0.088317191	0.000282331	0.80525247	0.001087391
0.088383616	0.000282664	0.829221124	0.001101638
0.088450042	0.000283003	0.854797198	0.001117401
0.088516464	0.000283347	0.879069597	0.001133575
0.088582881	0.000283696	0.899644371	0.001146295
0.088649286	0.00028405	0.925008702	0.001164315
0.088715694	0.000284409	0.956496486	0.001186949
0.088782096	0.000284773	0.986243321	0.001208389
0.088848493	0.000285143	1.010787086	0.001226501
0.08891488	0.000285518	1.031607656	0.001244035
0.088981268	0.000285898	1.067376109	0.001273631
0.089047651	0.000286283	1.093112698	0.001295756
0.089114029	0.000286673	1.11554671	0.001315387
0.089180403	0.000287068	1.141897794	0.001339115
0.089246765	0.000287468	1.171759842	0.001367587
0.089313129	0.000287874	1.202806329	0.001397728
0.089379488	0.000288284	1.227451254	0.001423146
0.089445842	0.0002887	1.257696348	0.001456406
0.089512185	0.00028912	1.292285298	0.001492973
0.08957853	0.000289546	1.316482575	0.001520864
0.08964487	0.000289976	1.35201865	0.001562966
0.089711205	0.000290412	1.378650706	0.001596504
0.089777529	0.000290853	1.419277874	0.001647482
0.089843854	0.000291298	1.450530985	0.001689128
0.089910175	0.000291749	1.484906616	0.001737351
0.08997649	0.000292204	1.508392491	0.001770986
0.090042795	0.000292665	1.546616006	0.001828975
0.090109101	0.000293131	1.571629201	0.001866965
0.090175403	0.000293601	1.599086801	0.001911185
0.090241699	0.000294076	1.638865417	0.001976882
0.090307985	0.000294557	1.668032569	0.002026795
0.090374271	0.000295042	1.708533604	0.002099983
0.090440554	0.000295532	1.740197446	0.002158664
0.090506831	0.000296027	1.777824343	0.002232432
0.090573097	0.000296527	1.812819196	0.002301217
0.090639365	0.000297032	1.840038031	0.002360378
0.090705628	0.000297541	1.87929196	0.002446337
0.090771886	0.000298056	1.926710484	0.002551579
0.090838139	0.000298575	1.961306445	0.002635331
0.090904381	0.000299099	2.005257647	0.002744106
0.090970625	0.000299628	2.031760837	0.002811611
0.091036864	0.000300161	2.080747519	0.002941857
0.091103098	0.000300699	2.110126852	0.003025194
0.091169321	0.000301242	2.140540428	0.003110749
0.091235545	0.00030179	2.184946827	0.003246964
0.091301765	0.000302343	2.223221022	0.003367087
0.09136798	0.0003029	2.272085219	0.00352537
0.091434183	0.000303462	2.322139724	0.003698206
0.091500388	0.000304028	2.334745282	0.003743691
0.091566589	0.0003046	2.375151015	0.003890137
0.091632784	0.000305175	2.412781179	0.004032972
0.091698969	0.000305756	2.455678907	0.004204839
0.091765155	0.000306341	2.496393733	0.004376678
0.091831336	0.000306931	2.54618561	0.004592174
0.091897512	0.000307525	2.581513261	0.004753555
0.091963678	0.000308124	2.623040057	0.004947894
0.092029844	0.000308727	2.660024395	0.005132282
0.092096006	0.000309335	2.696526022	0.00531727
0.092162163	0.000309948	2.714383974	0.005410064
0.092228309	0.000310564	2.758409081	0.005643897
0.092294457	0.000311186	2.812883194	0.005958724
0.092360599	0.000311812	2.825009245	0.006026426
0.092426737	0.000312442	2.907753034	0.006538529
0.09249287	0.000313077	2.908144447	0.006538732
0.092558992	0.000313716	2.924707379	0.00665018
0.092625116	0.00031436	2.990260738	0.007095536
0.092691234	0.000315008	3.026686146	0.007355762
0.092757348	0.00031566	3.022034306	0.007319022
0.092823451	0.000316317	3.077028105	0.007728003
0.092889555	0.000316978	3.16781627	0.008449513
0.092955655	0.000317644	3.150845857	0.008315261
0.093021749	0.000318314	3.206247435	0.008782313
0.093087833	0.000318988	3.247325773	0.009143859
0.093153918	0.000319666	3.286662108	0.009505249
0.093219998	0.000320349	3.298094111	0.009615765
0.093286073	0.000321036	3.269565202	0.009350645
0.093352137	0.000321727	3.332773089	0.009947868
0.093418203	0.000322422	3.436803708	0.011032708
0.093484264	0.000323122	3.467932068	0.011381255
0.09355032	0.000323825	3.548355195	0.012331898
0.093616365	0.000324533	3.493935654	0.011681166
0.093682412	0.000325245	3.546775352	0.012306587
0.093748454	0.000325961	3.524985994	0.012047921
0.09381449	0.000326682	3.542638791	0.012254441
0.093880516	0.000327406	3.617769633	0.013210792
0.093946544	0.000328135	3.59508973	0.012914309
0.094012566	0.000328867	3.726785122	0.014733901
0.094078584	0.000329604	3.682644159	0.014086374
0.094144597	0.000330344	3.745828506	0.015005699
0.094210598	0.000331089	3.728051221	0.0147372
0.094276602	0.000331838	3.692623468	0.014226121
0.0943426	0.00033259	3.756676773	0.015165068
0.094408594	0.000333347	3.78646229	0.015619532
0.094474578	0.000334712	3.799634332	0.015833306
0.094540585	0.000334715	3.880869102	0.017161175
0.094606604	0.000334723	3.85123377	0.016662453
0.094672634	0.000334737	3.860541882	0.016810675
0.094738669	0.000334756	3.86935944	0.016959646
0.094804722	0.00033478	3.857419916	0.01676094
0.094870785	0.000334809	3.899817626	0.017477671
0.09493686	0.000334843	3.931405338	0.018029163
0.09500294	0.000334883	3.934336079	0.018085173
0.095069037	0.000334928	3.949940083	0.018373662
0.095135146	0.000334978	3.956574708	0.018492924
0.095201266	0.000335034	3.873498148	0.017013895
0.09526739	0.000335095	3.881630601	0.017163793
0.095333532	0.000335161	3.861615979	0.016814234
0.095399686	0.000335232	3.914851681	0.017746789
0.09546585	0.000335309	3.91322354	0.01769738
0.09553202	0.000335391	3.909945097	0.017642252
0.095598207	0.000335478	3.918755908	0.017804804
0.095664405	0.00033557	3.859850265	0.016768954
0.095730614	0.000335668	3.885173173	0.017217166
0.095796835	0.000335772	3.886061343	0.017220239
0.095863061	0.00033588	3.84612252	0.016568477
0.095929304	0.000335994	3.85053352	0.016621365
0.095995558	0.000336113	3.847508373	0.016572952
0.096061824	0.000336238	3.909020478	0.017638912
0.096128094	0.000336368	3.855095841	0.016714085
0.096194382	0.000336503	3.838671948	0.016429988
0.096260681	0.000336644	3.772928439	0.01537626
0.096326991	0.00033679	3.687373067	0.014126467
0.096393307	0.000336942	3.653544775	0.01365671
0.096459639	0.000337098	3.618555577	0.013187071
0.096525983	0.000337261	3.705649427	0.014376033
0.096592339	0.000337428	3.667893143	0.013854115
0.096658699	0.000337601	3.657867894	0.01372088
0.096725076	0.00033778	3.62500094	0.013277404
0.096791465	0.000337964	3.534992396	0.012130765
0.096857865	0.000338153	3.46136823	0.011275157
0.09692427	0.000338347	3.457028116	0.011230534
0.096990693	0.000338547	3.400589102	0.010611131
0.097057127	0.000338753	3.472292509	0.011407637
0.097123571	0.000338963	3.385518427	0.010456648
0.097190021	0.00033918	3.362578367	0.010216497
0.097256489	0.000339401	3.320513242	0.009799827
0.097322967	0.000339628	3.271074223	0.009325709
0.097389457	0.000339861	3.212767338	0.008800549
0.097455958	0.000340099	3.222149144	0.008881768
0.097522464	0.000340342	3.194820723	0.008643068
0.097588987	0.00034059	3.15022989	0.008272248
0.097655522	0.000340844	3.114801435	0.007987208
0.097722068	0.000341104	3.097281418	0.007847036
0.097788619	0.000341369	3.043627399	0.007444228
0.097855187	0.000341639	2.975030283	0.006954813
0.097921766	0.000341914	2.928528936	0.006638358
0.097988357	0.000342195	2.910530709	0.006526532
0.098054953	0.000342482	2.887776042	0.006377251
0.098121566	0.000342774	2.837586904	0.006072437
0.09818819	0.000343071	2.825657517	0.006003786
0.098254826	0.000343373	2.801100841	0.005854354
0.098321466	0.000343681	2.723809936	0.005427187
0.098388124	0.000343995	2.699458011	0.005300203
0.098454793	0.000344313	2.674483571	0.00517457
0.098521474	0.000344637	2.622498993	0.00491662
0.098588159	0.000344967	2.585539162	0.004743608
0.098654862	0.000345301	2.569051244	0.004662065
0.098721576	0.000345642	2.538142235	0.004527237
0.098788301	0.000345987	2.480643986	0.004283786
0.098855031	0.000346338	2.434816511	0.004094073
0.098921779	0.000346694	2.398978505	0.003956952
0.098988538	0.000347056	2.371486453	0.003851191
0.099055308	0.000347422	2.334297706	0.003716753
0.099122089	0.000347795	2.270119695	0.003497469
0.099188876	0.000348172	2.235124332	0.003380165
0.099255679	0.000348555	2.208960716	0.003297115
0.099322494	0.000348943	2.162165312	0.003151477
0.099389321	0.000349336	2.110736081	0.003004698
0.099456152	0.000349735	2.076280785	0.002909035
0.099523	0.000350139	2.035658823	0.002799991
0.09958986	0.000350548	2.007609857	0.002728322
0.099656731	0.000350962	1.97369636	0.002645402
0.099723607	0.000351382	1.933938501	0.002549801
0.099790501	0.000351807	1.906626743	0.002485852
0.099857405	0.000352237	1.859140545	0.002381115
0.099924321	0.000352673	1.805942492	0.002271541
0.099991242	0.000353113	1.767395898	0.002192289
0.10005818	0.000353559	1.744769723	0.002149113
0.10012513	0.00035401	1.709327454	0.002084015
0.100192091	0.000354467	1.67723871	0.002025668
0.100259056	0.000354928	1.642011264	0.001964727
0.100326039	0.000355395	1.607401169	0.001905999
0.100393034	0.000355867	1.561998121	0.001836295
0.100460039	0.000356344	1.525193172	0.001778977
0.10052705	0.000356826	1.48994589	0.001729645
0.100594078	0.000357313	1.470575876	0.001701353
0.100661117	0.000357805	1.44051973	0.001659901
0.100728168	0.000358303	1.402271427	0.001610227
0.100795229	0.000358806	1.372108024	0.001571725
0.100862296	0.000359313	1.343703951	0.001537542
0.10092938	0.000359826	1.307159106	0.001495202
0.100996475	0.000360344	1.272295948	0.001455367
0.101063582	0.000360867	1.251572257	0.001434062
0.101130693	0.000361395	1.222984679	0.001403555
0.101197822	0.000361928	1.194553335	0.00137572
0.101264962	0.000362466	1.169097108	0.001349843
0.101332114	0.000363009	1.138082083	0.001321249
0.10139927	0.000363557	1.113501791	0.001298654
0.101466444	0.00036411	1.082577978	0.001271803
0.101533629	0.000364668	1.051823507	0.001245796
0.101600825	0.000365232	1.031900062	0.001229087
0.101668026	0.000365799	1.008656598	0.001211055
0.101735245	0.000366372	0.980050469	0.001189338
0.101802475	0.00036695	0.950717877	0.001168395
0.101869716	0.000367533	0.92774138	0.001151505
0.101936962	0.000368121	0.900955622	0.001133549
0.102004225	0.000368713	0.871249325	0.001114301
0.1020715	0.000369311	0.849368143	0.001100268
0.102138786	0.000369913	0.833422258	0.001089547
0.102206077	0.00037052	0.808123037	0.00107495
0.102273385	0.000371132	0.78706187	0.001063145
0.102340705	0.000371749	0.765026743	0.001050698
0.102408036	0.000372371	0.750106359	0.001042033
0.102475378	0.000372997	0.728121184	0.001030782
0.102542725	0.000373629	0.700937928	0.001016614
0.102610089	0.000374265	0.679524715	0.001006303
0.102677465	0.000374906	0.663757447	0.000998777
0.102744852	0.000375551	0.646649991	0.000990641
0.102812243	0.000376201	0.624839993	0.0009811
0.102879653	0.000376856	0.606267441	0.000972554
0.102947073	0.000377516	0.590464676	0.000965741
0.103014505	0.00037818	0.56816139	0.000956435
0.103081942	0.000378849	0.55041669	0.000949712
0.103149396	0.000379523	0.533767984	0.000942671
0.103216861	0.000380201	0.520481379	0.000937095
0.103284338	0.000380884	0.50514854	0.000931519
0.103351819	0.000381572	0.486214783	0.00092472
0.103419318	0.000382264	0.470632101	0.000919063
0.103486828	0.000382961	0.456465786	0.000914364
0.10355435	0.000383662	0.438648558	0.000907823
0.103621876	0.000384368	0.424556091	0.000903305
0.10368942	0.000385079	0.408890552	0.000898482
0.103756975	0.000385794	0.397698225	0.000894569
0.103824541	0.000386513	0.381453235	0.000890334
0.103892113	0.000387237	0.369135661	0.000886179
0.103959701	0.000387966	0.35727903	0.000882735
0.104027301	0.000388699	0.347680575	0.000879374
0.104094912	0.000389436	0.332310031	0.000875075
0.104162535	0.000390178	0.318815443	0.000871287
0.104230162	0.000390924	0.308370316	0.000868649
0.104297807	0.000391675	0.29947505	0.000866083
0.104365463	0.00039243	0.285186182	0.000862778
0.10443313	0.000393189	0.277439708	0.000859938
0.104500802	0.000393953	0.269950514	0.00085852
0.104568492	0.000394721	0.261362826	0.000856411
0.104636193	0.000395494	0.250547844	0.000853081
0.104703905	0.00039627	0.239792867	0.000850591
0.104771622	0.000397051	0.23077258	0.000848613
0.104839356	0.000397837	0.224021159	0.0008469
0.104907112	0.000398508	0.215058522	0.000844556
0.104974859	0.000398517	0.205201453	0.00084279
0.105042588	0.00039853	0.200894912	0.000841727
0.105110314	0.000398549	0.195873633	0.000839649
0.10517803	0.000398574	0.186330203	0.000837733
0.105245736	0.000398605	0.177732426	0.000835888
0.105313425	0.000398641	0.172867126	0.000834836
0.10538111	0.000398682	0.169244898	0.000834004
0.105448784	0.00039873	0.160052676	0.000832984
0.105516449	0.000398782	0.153087335	0.000831386
0.105584096	0.000398841	0.14981741	0.000830596
0.10565174	0.000398905	0.144542761	0.000829488
0.105719374	0.000398975	0.13707696	0.000827417
0.105786997	0.000399051	0.130226012	0.000826395
0.10585461	0.000399132	0.129114803	0.000825724
0.105922213	0.000399219	0.126327624	0.000825015
0.105989805	0.000399311	0.11754016	0.000823707
0.106057375	0.00039941	0.113293891	0.000822772
0.106124947	0.000399514	0.111887256	0.000822259
0.106192508	0.000399623	0.107258748	0.000821424
0.10626006	0.000399739	0.099355888	0.00082013
0.106327601	0.00039986	0.095821098	0.00081874
0.106395132	0.000399987	0.093338068	0.000817956
0.106462652	0.000400119	0.088580618	0.000817514
0.106530163	0.000400257	0.082258948	0.000816573
0.10659765	0.000400401	0.080161411	0.000815382
0.106665139	0.000400551	0.076058485	0.000815177
0.106732619	0.000400707	0.073300031	0.000814626
0.106800088	0.000400868	0.066174786	0.00081335
0.106867547	0.000401035	0.064754159	0.000812311
0.106934996	0.000401208	0.062915035	0.000812416
0.107002434	0.000401386	0.058272029	0.00081143
0.107069862	0.000401571	0.053259317	0.000810851
0.107137267	0.000401761	0.052815815	0.000810412
0.107204675	0.000401957	0.05186539	0.000810492
0.107272072	0.000402158	0.048619664	0.000809355
0.107339459	0.000402366	0.045035301	0.000809253
0.107406836	0.000402579	0.042097221	0.000808457
0.107474202	0.000402798	0.040542613	0.000808317
0.107541558	0.000403023	0.039131623	0.00080774
0.107608904	0.000403253	0.035528338	0.000807181
0.10767624	0.000403489	0.035463303	0.000807371
0.107743553	0.000403732	0.034911224	0.000806717
0.107810868	0.000403979	0.032634284	0.000806542
0.107878172	0.000404233	0.029459209	0.00080594
0.107945467	0.000404492	0.02768077	0.000805268
0.108012751	0.000404758	0.029311052	0.000805735
0.108080025	0.000405029	0.024310426	0.00080466
0.108147289	0.000405305	0.024053408	0.000804919
0.108214542	0.000405588	0.023467465	0.000804203
0.108281773	0.000405876	0.026148083	0.000804498
0.108349006	0.00040617	0.023164228	0.000804294
0.108416228	0.00040647	0.020234601	0.000803282
0.108483441	0.000406776	0.020371359	0.000804223
0.108550643	0.000407087	0.022073293	0.000803798
0.108617835	0.000407404	0.019538775	0.00080313
0.108685016	0.000407727	0.019111799	0.000803201
0.108752187	0.000408056	0.020087366	0.000803178
0.108819336	0.00040839	0.020082161	0.000803817
0.108886486	0.00040873	0.018010346	0.000802865
0.108953627	0.000409076	0.016586121	0.000802537
0.109020757	0.000409428	0.017908537	0.000802928
0.109087877	0.000409785	0.019374849	0.000802744
0.109154986	0.000410148	0.017538148	0.000801992
0.109222086	0.000410517	0.015289022	0.000802569
0.109289175	0.000410892	0.016633814	0.000801827
0.109356254	0.000411272	0.017896102	0.000802109
0.109423309	0.000411658	0.01455145	0.000801575
0.109490367	0.00041205	0.013377353	0.000801388
0.109557415	0.000412447	0.014329042	0.000801181
0.109624453	0.00041285	0.01468547	0.000801298
0.109691481	0.000413259	0.011951252	0.000800685
0.109758498	0.000413673	0.011573288	0.000801162
0.109825505	0.000414094	0.014804119	0.00080074
0.109892501	0.000414519	0.012136157	0.000800714
0.109959475	0.000414951	0.010716251	0.000800251
0.110026451	0.000415388	0.008226037	0.000800315
0.110093417	0.000415831	0.010883292	0.000800099
0.110160372	0.000416279	0.008395564	0.000800402
0.110227317	0.000416733	0.007305606	0.000799595
0.110294252	0.000417193	0.007135859	0.000800084
0.110361177	0.000417658	0.008776685	0.000800164
0.110428091	0.000418129	0.005820028	0.000799422
0.110494983	0.000418606	0.004966459	0.000798951
0.110561877	0.000419088	0.003934714	0.000799405
0.11062876	0.000419575	0.004446316	0.000798751
0.110695633	0.000420069	0.003739355	0.000798859
0.110762496	0.000420568	0.002569044	0.000798637
0.110829349	0.000421072	0.001593309	0.000798485
0.110896192	0.000421582	0.00360059	0.000798421
0.110963024	0.000422097	0.004974545	0.000798517
0.111029846	0.000422618	-0.000253845	0.00079812
0.111096645	0.000423145	0.001252866	0.000797938
0.111163446	0.000423677	0.002558388	0.000798358
0.111230237	0.000424214	0.001303614	0.000797906
0.111297018	0.000424757	0.000289118	0.000797828
0.111363789	0.000425306	0.002085408	0.000797988
0.111430549	0.00042586	0.004001786	0.000798266
0.111497299	0.000426419	0.002557508	0.000797883
0.111564039	0.000426984	0.001288354	0.000797489
0.111630755	0.000427554	0.002424987	0.000797586
0.111697475	0.00042813	0.003080862	0.000797984
0.111764184	0.000428711	0.003990524	0.000797988
0.111830882	0.000429297	0.001836664	0.000798048
0.111897571	0.000429889	0.002617951	0.000797656
0.111964249	0.000430487	0.004788973	0.000798013
0.112030917	0.000431089	0.003608548	0.00079775
0.112097574	0.000431697	0.0029788	0.00079781
0.112164209	0.00043231	0.003629173	0.000797833
0.112230846	0.000432929	0.005808368	0.000798331
0.112297472	0.000433553	0.005460992	0.000798118
0.112364089	0.000434182	0.00591282	0.000797932
0.112430695	0.000434817	0.004892669	0.000797378
0.112497291	0.000435456	0.009207452	0.000797836
0.112563877	0.000436101	0.006937603	0.000798151
0.112630452	0.000436752	0.0019429	0.00079765
0.112697017	0.000437407	0.005754815	0.000797887
0.112763559	0.000438068	0.007199661	0.000797797
0.112830104	0.000438734	0.006448209	0.000798075
0.112896638	0.000439405	0.005012453	0.000797969
0.112963162	0.000440081	0.006871142	0.00079743
0.113029676	0.000440763	0.00660193	0.000798218
0.113096179	0.000441449	0.004820127	0.00079709
0.113162672	0.000442141	0.004779772	0.000797163
0.113229155	0.000442838	0.004500126	0.0007971
0.113295615	0.00044354	0.004862751	0.000797492
0.113362077	0.000444247	0.003896907	0.000797381
0.11342853	0.000444959	0.003246168	0.000797121
0.113494971	0.000445677	0.001470813	0.00079728
0.113561403	0.000446399	0.005589518	0.000797467
0.113627824	0.000447126	0.003803751	0.000796679
0.113694235	0.000447859	0.002144404	0.000796387
0.113760636	0.000448596	0.002915324	0.000796664
0.113827014	0.000449338	0.003228983	0.0007968
0.113893394	0.000450086	0.00149809	0.000796269
0.113959764	0.000450838	0.001941773	0.000796513
0.114026123	0.000451595	0.003656785	0.000796534
0.114092472	0.000452357	0.003766714	0.000796323
0.114158812	0.000453124	0.003029538	0.000796261
0.11422514	0.000453897	-5.64494E-05	0.000796151
0.114291459	0.000454673	-0.000630607	0.00079566
0.114357767	0.000455455	0.002029514	0.000796316
0.114424052	0.000456242	-0.000631919	0.000796132
0.11449034	0.000457033	0.001525128	0.000796063
0.114556617	0.00045783	0.00192571	0.000796002
0.114622885	0.000458631	0.003401455	0.000796266
0.114689141	0.000459437	0.000906248	0.000796212
0.114755388	0.000460247	0.000830244	0.000795693
0.114821624	0.000461063	0.001923454	0.000795862
0.11488785	0.000461883	0.003150295	0.000795807
0.114954054	0.000462708	0.002767895	0.000796045
0.115020259	0.000463538	0.001680467	0.000795825
0.115086454	0.000464372	0.003347208	0.000796205
0.115152639	0.000465211	0.004652442	0.000796198
0.115218814	0.000466506	0.003494028	0.000796351
0.115285016	0.000466509	0.003101205	0.000796027
0.115351232	0.000466517	0.005801121	0.00079629
0.115417461	0.000466531	0.007555424	0.000796529
0.115483692	0.00046655	0.004693641	0.000796362
0.115549948	0.000466575	0.005852251	0.000796543
0.115616218	0.000466605	0.006992927	0.000796878
0.115682502	0.000466641	0.008954347	0.000796468
0.115748799	0.000466682	0.007754362	0.000796262
0.11581511	0.000466729	0.007179098	0.00079605
0.115881434	0.000466781	0.008092691	0.000796718
0.115947772	0.000466838	0.010412389	0.000797134
0.116014124	0.000466902	0.010185945	0.000796941
0.116080476	0.000466971	0.007403901	0.00079591
0.116146855	0.000467045	0.0098134	0.00079641
0.116213247	0.000467125	0.007641715	0.000796
0.116279653	0.00046721	0.006995955	0.000795689
0.116346072	0.000467302	0.00679037	0.000796007
0.116412505	0.000467398	0.009075744	0.000796154
0.116478951	0.000467501	0.007468496	0.000796392
0.116545411	0.000467608	0.005076808	0.000795792
0.116611872	0.000467722	0.006100344	0.000795724
0.116678359	0.000467841	0.007535671	0.000796018
0.11674486	0.000467966	0.007021627	0.000795816
0.116811374	0.000468096	0.004814435	0.000795577
0.116877902	0.000468232	0.003912116	0.000795192
0.116944443	0.000468373	0.005892023	0.00079557
0.117010998	0.000468521	0.004673988	0.00079538
0.117077567	0.000468673	0.005004449	0.000795222
0.117144136	0.000468832	0.004354792	0.000794964
0.117210732	0.000468996	0.004489553	0.00079488
0.117277341	0.000469166	0.002363727	0.000795022
0.117343964	0.000469341	0.000949882	0.0007951
0.1174106	0.000469522	0.000658704	0.00079434
0.11747725	0.000469709	0.001078294	0.000794596
0.117543913	0.000469901	0.00228487	0.000794835
0.11761059	0.000470099	0.001159194	0.000794452
0.117677281	0.000470303	0.000201371	0.00079406
0.117743972	0.000470512	0.002743256	0.000794644
0.11781069	0.000470727	0.001350058	0.000794568
0.117877421	0.000470948	-0.001183199	0.000794405
0.117944166	0.000471174	0.000447719	0.000794377
0.118010924	0.000471406	0.004125913	0.000794492
0.118077696	0.000471644	0.001893473	0.000794042
0.118144482	0.000471887	0.000543658	0.00079474
0.118211281	0.000472136	0.001471364	0.000794587
0.118278081	0.000472391	0.003801008	0.00079493
0.118344907	0.000472651	0.003318919	0.000794664
0.118411747	0.000472917	0.003724493	0.000794082
0.1184786	0.000473189	0.003386736	0.000793821
0.118545467	0.000473467	0.006428508	0.000794432
0.118612347	0.00047375	0.004302786	0.000794241
0.118679241	0.000474038	0.002866398	0.000794332
0.118746149	0.000474333	0.004901193	0.000794247
0.118813057	0.000474633	0.006056859	0.000794427
0.118879992	0.000474939	0.003047571	0.00079389
0.11894694	0.00047525	0.005342668	0.00079435
0.119013902	0.000475567	0.005378829	0.000793903
0.119080878	0.00047589	0.006101713	0.000794399
0.119147867	0.000476218	0.006431753	0.000794241
0.119214869	0.000476552	0.004862838	0.000794224
0.119281885	0.000476892	0.005200054	0.000793684
0.119348915	0.000477237	0.008737359	0.000794514
0.119415945	0.000477588	0.004384254	0.000793767
0.119483002	0.000477945	0.005712241	0.000793555
0.119550072	0.000478307	0.006512122	0.000793767
0.119617156	0.000478675	0.009288089	0.000794078
0.119684254	0.000479049	0.005379454	0.000793573
0.119751365	0.000479428	0.004835609	0.000793628
0.119818489	0.000479813	0.005888398	0.000793305
0.119885627	0.000480204	0.005133517	0.000793396
0.119952766	0.0004806	0.001552253	0.000793033
0.120019932	0.000481001	0.002155078	0.000792519
0.12008711	0.000481409	0.002083515	0.00079275
0.120154303	0.000481822	0.003226075	0.000793309
0.120221509	0.00048224	-1.15948E-05	0.000792879
0.120288728	0.000482664	0.000130683	0.000792276
0.120355962	0.000483094	0.002256024	0.00079269
0.120423208	0.00048353	0.001503049	0.000792314
0.120490456	0.00048397	-0.001583175	0.000791892
0.120557729	0.000484417	0.000471411	0.000791878
0.120625017	0.000484869	0.000346568	0.000791582
0.120692318	0.000485327	0.000176353	0.000791781
0.120759632	0.00048579	-0.000997684	0.000791202
0.12082696	0.000486258	-0.002596603	0.000791356
0.120894302	0.000486733	0.000542729	0.000792114
0.120961657	0.000487213	-0.000305333	0.000791239
0.121029026	0.000487698	-0.002917289	0.000790857
0.121096395	0.000488189	-0.002666833	0.00079112
0.121163791	0.000488685	-0.000987478	0.000790824
0.1212312	0.000489187	-0.000970266	0.000790999
0.121298623	0.000489694	-0.002085039	0.000790759
0.12136606	0.000490207	-0.002004109	0.000790616
0.12143351	0.000490726	-0.000770708	0.000790736
0.121500974	0.00049125	-0.002440565	0.000790515
0.121568451	0.000491779	-0.001890603	0.000790685
0.121635929	0.000492314	-0.002321803	0.000790395
0.121703433	0.000492854	0.000201176	0.000790367
0.121770951	0.000493399	0.000129383	0.000790597
0.121838483	0.000493951	-0.000789216	0.000790468
0.121906028	0.000494507	-0.000306197	0.000790309
0.121973586	0.000495069	0.00200553	0.000790508
0.122041159	0.000495636	-0.001609275	0.000789954
0.122108744	0.000496209	5.0775E-05	0.000790227
0.122176331	0.000496787	0.001160869	0.000790378
0.122243944	0.000497371	0.002141414	0.00079047
0.12231157	0.00049796	0.002519148	0.000790237
0.12237921	0.000498554	0.002262569	0.000790256
0.122446864	0.000499154	0.0017348	0.000790116
0.122514531	0.000499759	0.00361136	0.000790075
0.122582211	0.000500369	0.002066788	0.000790051
0.122649906	0.000500984	0.001334686	0.000789433
0.122717613	0.000501605	0.001026596	0.000789949
0.122785322	0.000502231	0.004915864	0.000790295
0.122853057	0.000502863	0.002927295	0.000789659
0.122920805	0.0005035	0.000585044	0.000789804
0.122988567	0.000504142	0.002504781	0.000789827
0.123056343	0.000504789	0.004003923	0.000790019
0.123124132	0.000505442	0.001616656	0.000789166
0.123191935	0.000506099	0.000738747	0.000789012
0.123259751	0.000506762	-0.000960156	0.000789645
0.123327568	0.000507431	0.002184107	0.000789234
0.123395412	0.000508104	0.002008039	0.000789343
0.123463269	0.000508783	-0.000524163	0.000788819
0.123531139	0.000509466	-0.000669551	0.000788816
0.123599024	0.000510155	0.001197361	0.000788404
0.123666921	0.000510849	-0.003325733	0.000788469
0.123734833	0.000511549	-0.00348793	0.000788154
0.123802757	0.000512253	-0.002478651	0.000788269
0.123870683	0.000512962	0.000781772	0.000788244
0.123938635	0.000513677	-0.002635412	0.000787858
0.1240066	0.000514397	-0.002154177	0.000787699
0.124074579	0.000515121	-0.004034212	0.0007878
0.124142572	0.000515851	-0.003224519	0.000787208
0.124210578	0.000516586	-0.003433378	0.000787659
0.124278598	0.000517326	-0.00635333	0.000787255
0.124346631	0.000518071	-0.004253341	0.000787245
0.124414678	0.000518821	-0.001403931	0.000787697
0.124482726	0.000519576	-0.004486513	0.000787113
0.1245508	0.000520336	-0.004653806	0.000786895
0.124618887	0.000521101	-0.003734156	0.000787246
0.124686989	0.000521871	-0.004678859	0.00078691
0.124755103	0.000522646	-0.005355077	0.00078673
0.124823232	0.000523426	-0.005204478	0.000786637
0.124891373	0.00052421	-0.004344223	0.000786382
0.124959529	0.000525	-0.003368902	0.000786607
0.125027685	0.000525794	-0.003984387	0.000786803
0.125095867	0.000526594	-0.004401611	0.000786142
0.125164063	0.000527398	-0.0025142	0.000786448
0.125232273	0.000528207	-0.002261167	0.00078666
0.125300496	0.000529022	-0.003432367	0.000786462
0.125368733	0.00052984	-0.003895028	0.000786334
0.125436983	0.000530664	0.000587258	0.000786746
0.125505247	0.000531493	0.00073307	0.000786518
0.125573512	0.000532326	-0.00074163	0.000786505
0.125641811	0.000533079	-0.00074163	0.000786505
0.125710116	0.000533079	0.000270967	0.000786987
0.125778421	0.00053308	-0.000196809	0.000786492
0.125846727	0.00053308	-4.64047E-05	0.000786399
0.125915032	0.00053308	-8.66263E-05	0.00078647
0.125983337	0.00053308	0.001643821	0.000786465
0.126051642	0.00053308	0.003430963	0.000787259
0.126119948	0.00053308	9.85866E-05	0.000786402
0.12618824	0.00053308	0.001088581	0.000786438
0.126256545	0.00053308	0.00296524	0.000786667
0.12632485	0.000533081	0.000949658	0.000786108
0.126393155	0.000533081	-0.000174867	0.00078611
0.126461461	0.000533081	0.000891368	0.000785638
0.126529766	0.000533081	0.004974478	0.000786263
0.126598071	0.000533082	0.002940847	0.00078599
0.126666376	0.000533082	0.00145648	0.000785474
0.126734669	0.000533082	-0.00081287	0.000785859
0.126802974	0.000533083	0.002321055	0.000785587
0.126871279	0.000533083	-0.001592271	0.000785971
0.126939584	0.000533083	-0.001836319	0.000785204
0.127007889	0.000533084	-0.000900496	0.0007855
0.127076195	0.000533084	0.00078757	0.000785334
0.1271445	0.000533085	0.000932361	0.000785337
0.127212805	0.000533085	-0.003474123	0.00078557
0.127281097	0.000533086	-0.002198784	0.000785014
0.127349403	0.000533086	-0.001647265	0.000785271
0.127417708	0.000533087	-0.001312905	0.000783692
0.127486013	0.000533087	-0.003854219	0.000784706
0.127554318	0.000533088	-0.002822818	0.000784574
0.127622623	0.000533088	-0.002445529	0.000784708
0.127690929	0.000533089	-0.00033949	0.000784146
0.127759234	0.000533089	-0.005829835	0.000784005
0.127827539	0.00053309	-0.005001938	0.00078459
0.127895831	0.000533091	-0.000486468	0.000784603
0.127964137	0.000533091	-0.003580493	0.000784172
0.128032442	0.000533092	-0.005548008	0.000784105
0.128100747	0.000533093	-0.004013089	0.000784164
0.128169052	0.000533094	-0.001109095	0.000784527
0.128237357	0.000533094	-0.003315037	0.000783963
0.128305663	0.000533095	-0.002582405	0.000783786
0.128373968	0.000533096	-0.003822511	0.000784001
0.12844226	0.000533097	-0.001837774	0.000784014
0.128510565	0.000533098	-0.001512844	0.000783815
0.12857887	0.000533098	-0.001100568	0.00078315
0.128647176	0.000533099	-0.000942374	0.00078415
0.128715481	0.0005331	-0.000325399	0.00078432
0.128783786	0.000533101	-0.000871629	0.000783969
0.128852091	0.000533102	-0.002455338	0.000784074
0.128920397	0.000533103	-0.000823	0.000784168
0.128988689	0.000533104	-0.000748012	0.000784122
0.129056994	0.000533105	-0.00110068	0.000783973
0.129125299	0.000533106	0.000114622	0.000784004
0.129193604	0.000533107	0.001788173	0.000784719
0.12926191	0.000533108	0.004091334	0.000784132
0.129330215	0.000533109	0.001505171	0.000784159
0.12939852	0.00053311	0.000278761	0.000784087
0.129466825	0.000533111	0.002013648	0.000784351
0.129535131	0.000533113	0.004631367	0.000784445
0.129603423	0.000533114	0.000450254	0.000783615
0.129671728	0.000533115	-0.000109173	0.000783913
0.129740033	0.000533116	0.005005166	0.000783756
0.129808338	0.000533117	0.006918098	0.00078447
0.129876644	0.000533118	0.002608134	0.000784078
0.129944949	0.00053312	0.003472005	0.000783732
0.130013254	0.000533121	0.001137136	0.000783834
0.130081559	0.000533122	0.000782061	0.000784144
0.130149852	0.000533124	0.002030277	0.000783607
0.130218157	0.000533125	0.001115269	0.000783344
0.130286462	0.000533126	0.003363884	0.000783477
0.130354767	0.000533128	0.004652028	0.000783421
0.130423072	0.000533129	0.00105779	0.000782831
0.130491378	0.00053313	-0.000799881	0.000783011
0.130559683	0.000533132	0.001682596	0.000782905
0.130627988	0.000533133	0.001945819	0.000783155
0.13069628	0.000533135	-6.28063E-05	0.000782514
0.130764586	0.000533136	-0.001465289	0.000782553
0.130832891	0.000533138	-0.00076885	0.000782491
0.130901196	0.000533139	-0.000113839	0.000782317
0.130969501	0.000533141	-0.001795378	0.000782209
0.131037806	0.000533143	-0.001745019	0.000782133
0.131106112	0.000533144	-0.000336774	0.000782956
0.131174417	0.000533146	-0.000800922	0.000782465
0.131242722	0.000533147	-0.003250571	0.000782011
0.131311014	0.000533149	-0.003072642	0.000782583
0.13137932	0.000533151	-0.000580688	0.000782603
0.131447625	0.000533152	-0.002005743	0.000782703
0.13151593	0.000533154	-0.003314128	0.000781686
0.131584235	0.000533156	6.88137E-05	0.000782114
0.13165254	0.000533158	0.000368958	0.000782705
0.131720846	0.000533159	0.001420275	0.000781879
0.131789151	0.000533161	-0.0008425	0.000782354
0.131857443	0.000533163	-0.000425296	0.000782417
0.131925748	0.000533165	0.002906093	0.000781791
0.131994054	0.000533167	0.003619544	0.000782633
0.132062359	0.000533169	0.000409634	0.000782544
0.132130664	0.00053317	-0.00147455	0.000782468
0.132198969	0.000533172	0.003512598	0.00078247
0.132267274	0.000533174	0.002859812	0.000782413
0.13233558	0.000533176	0.002748798	0.000782984
0.132403872	0.000533178	0.004859155	0.000782928
0.132472177	0.00053318	0.006616927	0.000782861
0.132540482	0.000533182	0.004115678	0.000782604
0.132608788	0.000533184	0.004041018	0.000782467
0.132677093	0.000533186	0.004217932	0.000782725
0.132745398	0.000533188	0.004651979	0.000782413
0.132813703	0.00053319	0.006293661	0.000782371
0.132882008	0.000533193	0.004315166	0.000782803
0.132950314	0.000533195	0.005760218	0.000782835
0.133018606	0.000533197	0.009136412	0.000782745
0.133086911	0.000533199	0.007727766	0.000782549
0.133155216	0.000533201	0.005971675	0.000782385
0.133223522	0.000533203	0.006536577	0.000782681
0.133291827	0.000533206	0.006416636	0.000782663
0.133360132	0.000533208	0.005522121	0.000782064
0.133428437	0.00053321	0.006330065	0.000781937
0.133496742	0.000533212	0.006016446	0.000782266
0.133565035	0.000533215	0.007030191	0.000782379
0.13363334	0.000533217	0.00607833	0.000782045
0.133701645	0.000533219	0.003603815	0.000781227
0.13376995	0.000533222	0.004567161	0.000782191
0.133838256	0.000533224	0.004831303	0.000781938
0.133906561	0.000533227	0.002534906	0.000781881
0.133974866	0.000533229	0.001401811	0.000780934
0.134043171	0.000533231	0.002916877	0.000781374
0.134111463	0.000533234	0.003284928	0.000781513
0.134179769	0.000533236	0.001601214	0.000781404
0.134248074	0.000533239	0.000707184	0.000781268
0.134316379	0.000533241	0.002117077	0.000781043
0.134384684	0.000533244	0.002948421	0.000780626
0.13445299	0.000533247	0.000206153	0.000780711
0.134521295	0.000533249	-0.000374707	0.000780749
0.1345896	0.000533252	0.00259245	0.000780843
0.134657905	0.000533254	0.00374632	0.000780685
0.134726197	0.000533257	9.09972E-05	0.000780464
0.134794503	0.00053326	-0.001212631	0.000780037
0.134862808	0.000533262	-0.000355974	0.000780919
0.134931113	0.000533265	0.002653329	0.000780351
0.134999418	0.000533268	0.000630065	0.000780316
0.135067723	0.00053327	0.001512007	0.000780095
0.135136029	0.000533273	0.002088123	0.000780015
0.135204334	0.000533276	0.003342197	0.000779976
0.135272626	0.000533279	0.001452522	0.000780085
0.135340931	0.000533282	-0.000563765	0.000780093
0.135409237	0.000533285	0.000650574	0.000779714
0.135477542	0.000533287	0.004318658	0.000780062
0.135545847	0.00053329	0.002738511	0.000780072
0.135614152	0.000533293	0.001684376	0.000779808
0.135682457	0.000533296	0.006607214	0.000780078
0.135750763	0.000533299	0.004544861	0.000780243
0.135819055	0.000533302	0.002841195	0.000779692
0.13588736	0.000533305	0.00428138	0.000779994
0.135955665	0.000533308	0.004877857	0.000779585
0.136023971	0.000533311	0.004634427	0.000780507
0.136092276	0.000533314	0.00687538	0.000779869
0.136160581	0.000533317	0.004080033	0.000780026
0.136228886	0.00053332	0.008431746	0.000779878
0.136297191	0.000533323	0.009727958	0.00077991
0.136365497	0.000533326	0.00481578	0.000779804
0.136433789	0.00053333	0.004348728	0.000779317
0.136502094	0.000533333	0.007835125	0.000779558
0.136570399	0.000533336	0.00561767	0.000778907
0.136638705	0.000533339	0.003415919	0.000778842
0.13670701	0.000533342	0.005337288	0.000779259
0.136775315	0.000533346	0.006270711	0.000778737
0.13684362	0.000533349	0.005563632	0.00077944
0.136911925	0.000533352	0.003268751	0.00077934
0.136980218	0.000533355	0.002380573	0.000778477
0.137048523	0.000533359	0.003532217	0.000779089
0.137116828	0.000533362	0.004857771	0.000778916
0.137185133	0.000533365	0.001593751	0.000778234
0.137253439	0.000533369	0.002365998	0.000778351
0.137321744	0.000533372	0.003698819	0.000778761
0.137390049	0.000533376	0.003935216	0.000778028
0.137458354	0.000533379	-5.21071E-06	0.000777494
0.137526646	0.000533383	-0.000239978	0.000778268
0.137594952	0.000533386	0.002422074	0.00077782
0.137663257	0.000533389	0.000627816	0.000777424
0.137731562	0.000533393	-0.000388663	0.000777188
0.137799867	0.000533397	-0.001849668	0.000776865
