Wave-Number (cm-1)	u(Wave-Number) (cm-1)	Absorbance	u(Absorbance)
0.041403496	6.3927E-05	-0.00061104	0.000858797
0.041469532	6.40238E-05	0.000337072	0.000858156
0.041535564	6.41207E-05	-0.000435373	0.000857574
0.0416016	6.42175E-05	-0.002109791	0.00085711
0.041667633	6.43144E-05	-0.003293069	0.000857526
0.041733669	6.44113E-05	-0.001740703	0.000857411
0.041799701	6.45082E-05	-0.000712761	0.000857156
0.041865737	6.4605E-05	-0.002644907	0.000856703
0.04193177	6.47019E-05	-0.002067362	0.000857356
0.041997805	6.47988E-05	-0.002787814	0.000857184
0.042063838	6.48958E-05	-0.00169522	0.00085694
0.042129874	6.49927E-05	-0.003986523	0.000856348
0.042195907	6.50896E-05	-0.005637608	0.000856314
0.042261942	6.51865E-05	-0.001942214	0.000856447
0.042327975	6.52835E-05	-0.003439915	0.000856252
0.042394011	6.53804E-05	-0.004377362	0.000856283
0.042460043	6.54774E-05	-0.005871947	0.00085609
0.042526079	6.55743E-05	-0.001277899	0.000856054
0.042592112	6.56713E-05	-0.003830882	0.000856188
0.042658148	6.57683E-05	-0.004774324	0.000855184
0.04272418	6.58653E-05	-0.004663747	0.000855547
0.042790216	6.59623E-05	-0.003425006	0.000855804
0.042856249	6.60593E-05	-0.004638284	0.000855365
0.042922285	6.61563E-05	-0.005688511	0.000855802
0.04298832	6.62533E-05	-0.003321938	0.000855132
0.043054353	6.63503E-05	-0.003353421	0.000855154
0.043120389	6.64473E-05	-0.006149207	0.000855567
0.043186421	6.65443E-05	-0.003624532	0.000855665
0.043252457	6.66414E-05	-0.005030287	0.000855248
0.04331849	6.67384E-05	-0.003055274	0.000854515
0.043384526	6.68355E-05	-0.003575987	0.000855249
0.043450558	6.69325E-05	-0.003174893	0.00085476
0.043516594	6.70296E-05	-0.003672612	0.00085526
0.043582627	6.71267E-05	-0.001700077	0.000855242
0.043648663	6.72238E-05	-0.002360256	0.000854921
0.043714695	6.73209E-05	-0.003829452	0.000854546
0.043780731	6.74179E-05	-0.000544304	0.00085501
0.043846764	6.7515E-05	-0.001735969	0.000855157
0.043912799	6.76122E-05	-0.001126299	0.000854253
0.043978832	6.77093E-05	-0.003353169	0.000854334
0.044044868	6.78064E-05	-3.45251E-05	0.000854065
0.044110901	6.79035E-05	-0.001254785	0.000855051
0.044176936	6.80006E-05	-0.000906332	0.000854871
0.044242969	6.80978E-05	-0.000906125	0.000854105
0.044309005	6.81949E-05	0.000181726	0.000854576
0.044375037	6.82921E-05	-0.00021634	0.000854351
0.044441073	6.83892E-05	-0.001155567	0.000854328
0.044507106	6.84864E-05	-0.00066581	0.000854435
0.044573142	6.85836E-05	0.000335678	0.000853651
0.044639177	6.86808E-05	-0.000825324	0.000853723
0.04470521	6.87779E-05	-0.002826977	0.000852944
0.044771246	6.88751E-05	-0.003053258	0.000852933
0.044837279	6.89723E-05	-0.003421975	0.000853399
0.044903314	6.90695E-05	-0.00149158	0.000853244
0.044969347	6.91667E-05	-0.002455955	0.000853348
0.045035383	6.92639E-05	-0.003113966	0.000853029
0.045101415	6.93612E-05	-0.001099072	0.000853361
0.045167451	6.94584E-05	-0.003126545	0.000852711
0.045233484	6.95556E-05	-0.004712503	0.000852529
0.04529952	6.96529E-05	-0.002037646	0.000852522
0.045365552	6.97501E-05	-0.00339258	0.000853325
0.045431588	6.98474E-05	-0.001902378	0.000851887
0.045497621	6.99446E-05	-0.004468622	0.000853016
0.045563657	7.00419E-05	-0.003369241	0.000852276
0.045629689	7.01391E-05	-0.005352573	0.000852634
0.045695725	7.02364E-05	-0.002216145	0.000852098
0.045761758	7.03337E-05	-0.00507383	0.000852338
0.045827793	7.0431E-05	-0.005387679	0.000851682
0.045893826	7.05283E-05	-0.003812232	0.000851652
0.045959862	7.06256E-05	-0.004061273	0.000851873
0.046025895	7.07229E-05	-0.005779703	0.000851513
0.04609193	7.08202E-05	-0.004732739	0.000851133
0.046157963	7.09175E-05	-0.003310432	0.000851314
0.046223999	7.10148E-05	-0.003379316	0.000851198
0.046290035	7.11121E-05	-0.004068381	0.000850849
0.046356067	7.12095E-05	-0.00516209	0.000850827
0.046422103	7.13068E-05	-0.003857212	0.000850491
0.046488136	7.14042E-05	-0.003889293	0.000851324
0.046554171	7.15015E-05	-0.003797211	0.000851208
0.046620204	7.15989E-05	-0.004691482	0.000851376
0.04668624	7.16962E-05	-0.001764246	0.000850547
0.046752273	7.17936E-05	-0.001940263	0.00085175
0.046818308	7.18909E-05	-0.001733751	0.000851285
0.046884341	7.19883E-05	-0.00217923	0.000851422
0.046950377	7.20857E-05	-0.001483005	0.000851117
0.047016409	7.21831E-05	-0.000173949	0.000850835
0.047082445	7.22805E-05	-0.001742491	0.000851074
0.047148478	7.23779E-05	-0.000829593	0.00085057
0.047214514	7.24753E-05	-0.00055879	0.000850876
0.047280546	7.25727E-05	-0.000834051	0.000850464
0.047346582	7.26701E-05	-0.001480239	0.00085041
0.047412615	7.27675E-05	-0.002493374	0.000850819
0.047478651	7.28649E-05	0.000661049	0.000850764
0.047544683	7.29624E-05	-0.000594637	0.000850792
0.047610719	7.30598E-05	-0.001732896	0.000850526
0.047676752	7.31572E-05	-0.001607653	0.000850442
0.047742787	7.32547E-05	0.000550832	0.000850458
0.04780882	7.33521E-05	-0.001493355	0.000850094
0.047874856	7.34496E-05	0.000165883	0.000850499
0.047940892	7.35471E-05	0.000680711	0.000850479
0.048006924	7.36445E-05	-0.001028573	0.000850432
0.04807296	7.3742E-05	0.000995997	0.000850322
0.048138993	7.38395E-05	0.000145308	0.000850025
0.048205029	7.39369E-05	-0.000894316	0.000849801
0.048271061	7.40344E-05	0.001438402	0.00085084
0.048337097	7.41319E-05	-0.000755812	0.000850033
0.04840313	7.42294E-05	-0.00242768	0.000849262
0.048469165	7.43269E-05	-0.001933225	0.000849524
0.048535198	7.44244E-05	0.000414884	0.000849357
0.048601234	7.45219E-05	-0.001417166	0.000849502
0.048667267	7.46194E-05	-0.000354878	0.000848953
0.048733302	7.4717E-05	-0.000610571	0.000849827
0.048799335	7.48145E-05	-0.000254839	0.000849481
0.048865371	7.4912E-05	-0.003452528	0.00084887
0.048931403	7.50096E-05	-0.003279528	0.000849239
0.048997439	7.51071E-05	-0.000949374	0.000848919
0.049063472	7.52046E-05	-0.000792498	0.00084903
0.049129508	7.53022E-05	-0.001344181	0.000849237
0.04919554	7.53997E-05	-0.001541819	0.000848992
0.049261576	7.54973E-05	-0.000553305	0.00084941
0.049327609	7.55949E-05	-0.002185326	0.000849099
0.049393645	7.56924E-05	-0.000869068	0.000849081
0.049459677	7.579E-05	-0.002693889	0.000848739
0.049525713	7.58876E-05	0.000626721	0.000848945
0.049591749	7.59852E-05	-0.000702243	0.000849024
0.049657781	7.60827E-05	-0.000113431	0.000848737
0.049723817	7.61803E-05	-0.002341799	0.000848988
0.04978985	7.62779E-05	0.000983849	0.000848706
0.049855886	7.63755E-05	0.002596156	0.000849142
0.049921918	7.64731E-05	0.000846656	0.00084896
0.049987954	7.65707E-05	-6.43771E-05	0.000848597
0.050053987	7.66684E-05	0.000446045	0.000848957
0.050120023	7.6766E-05	0.002234462	0.000849168
0.050186055	7.68636E-05	0.000469499	0.000848834
0.050252091	7.69612E-05	-0.000715934	0.000848979
0.050318124	7.70589E-05	0.001900498	0.000849283
0.050384159	7.71565E-05	0.003215428	0.000849053
0.050450192	7.72541E-05	0.002032623	0.000849411
0.050516228	7.73518E-05	0.000701821	0.000849489
0.050582261	7.74494E-05	0.003245668	0.00084925
0.050648296	7.75471E-05	0.00465319	0.000849611
0.050714329	7.76447E-05	0.005141332	0.000848905
0.050780365	7.77424E-05	0.001912182	0.000849221
0.050846397	7.78401E-05	0.004059235	0.000848598
0.050912433	7.79377E-05	0.00275386	0.000848658
0.050978466	7.80354E-05	0.000610883	0.000848793
0.051044502	7.81331E-05	0.003507412	0.000848804
0.051110534	7.82308E-05	0.005273262	0.000849523
0.05117657	7.83285E-05	0.003709696	0.000849157
0.051242606	7.84262E-05	0.005624953	0.00084907
0.051308639	7.85238E-05	0.004258043	0.000848248
0.051374674	7.86215E-05	0.004784405	0.000849143
0.051440707	7.87192E-05	0.003129415	0.000848678
0.051506743	7.8817E-05	0.002651893	0.000848726
0.051572775	7.89147E-05	0.001634378	0.000848919
0.051638811	7.90124E-05	0.003080739	0.000848818
0.051704844	7.91101E-05	0.005243271	0.000848837
0.05177088	7.92078E-05	0.001706445	0.000848655
0.051836912	7.93056E-05	0.001775722	0.000848879
0.051902948	7.94033E-05	0.002288297	0.00084805
0.051968981	7.9501E-05	0.001991847	0.000848086
0.052035017	7.95988E-05	0.000577204	0.000848383
0.052101049	7.96965E-05	0.001418257	0.000847821
0.052167085	7.97943E-05	0.001403519	0.000848371
0.052233118	7.9892E-05	0.001887767	0.000848047
0.052299153	7.99898E-05	0.001091196	0.000848256
0.052365186	8.00875E-05	0.002777036	0.000848534
0.052431222	8.01853E-05	0.000746019	0.000848432
0.052497255	8.02831E-05	0.002385606	0.000847769
0.05256329	8.03808E-05	0.000809989	0.000847742
0.052629323	8.04786E-05	0.001047653	0.000848015
0.052695359	8.05764E-05	0.002410879	0.000848346
0.052761391	8.06742E-05	0.000688119	0.000847446
0.052827427	8.0772E-05	0.000935266	0.000847551
0.052893463	8.08698E-05	0.001698453	0.000847634
0.052959499	8.09676E-05	0.001779178	0.000847796
0.053025528	8.10654E-05	0.002813962	0.000847861
0.053091564	8.11632E-05	0.002003508	0.000848024
0.0531576	8.1261E-05	0.00228374	0.000847837
0.053223636	8.13588E-05	0.002681937	0.000847733
0.053289665	8.14566E-05	0.002040631	0.000847945
0.053355701	8.15544E-05	0.002552396	0.000847118
0.053421737	8.16522E-05	0.001688977	0.000847802
0.053487773	8.17501E-05	0.003555377	0.000848068
0.053553802	8.18479E-05	0.00227697	0.000847517
0.053619838	8.19457E-05	0.002922697	0.000847518
0.053685874	8.20436E-05	0.004748202	0.000847651
0.053751909	8.21414E-05	0.003415936	0.000847621
0.053817939	8.22392E-05	0.002209858	0.0008474
0.053883975	8.23371E-05	0.005057143	0.000847066
0.053950011	8.2435E-05	0.002700496	0.000847397
0.054016046	8.25328E-05	0.00501051	0.0008478
0.054082076	8.26307E-05	0.00486873	0.00084676
0.054148112	8.27285E-05	0.002533785	0.000847454
0.054214147	8.28264E-05	0.004326961	0.000846797
0.054280212	8.39031E-05	0.004404538	0.000847339
0.054346257	8.39116E-05	0.00399141	0.000846805
0.054412288	8.39264E-05	0.004174374	0.000846899
0.054478298	8.39477E-05	0.004582666	0.000847221
0.054544286	8.39755E-05	0.003514756	0.000846853
0.054610254	8.40098E-05	0.00214102	0.000846584
0.054676194	8.40505E-05	0.001046881	0.000846023
0.05474212	8.40978E-05	0.003100547	0.000846806
0.054808024	8.41517E-05	0.00186393	0.000846285
0.054873907	8.4212E-05	0.003146718	0.00084656
0.054939763	8.4279E-05	0.001638032	0.000845952
0.055005604	8.43524E-05	0.001587184	0.000845986
0.055071424	8.44325E-05	0.00319715	0.000845934
0.055137223	8.45191E-05	0.003074277	0.000845049
0.055202995	8.46123E-05	-0.001673013	0.000845746
0.055268752	8.47121E-05	0.000410317	0.000845053
0.055334487	8.48184E-05	0.000707487	0.000845123
0.055400202	8.49313E-05	-0.000246297	0.000845705
0.055465889	8.50508E-05	-0.001722557	0.000845083
0.055531562	8.51768E-05	0.00040062	0.00084522
0.055597213	8.53094E-05	0.000388989	0.000845282
0.055662843	8.54486E-05	-0.000365335	0.000844821
0.055728446	8.55943E-05	-0.001805708	0.000844711
0.055794035	8.57465E-05	-0.000781045	0.000844563
0.055859602	8.59052E-05	-0.000939614	0.000845043
0.055925148	8.60705E-05	-0.002582617	0.000844268
0.055990666	8.62422E-05	-0.000979664	0.000844214
0.05605617	8.64204E-05	-0.000782922	0.000844457
0.056121653	8.66051E-05	-0.001208118	0.000844367
0.056187115	8.67962E-05	-0.002291506	0.000844021
0.056252555	8.69937E-05	-0.000715597	0.000843185
0.056317969	8.71976E-05	-0.000833062	0.000843796
0.056383367	8.74079E-05	-0.001100298	0.000843921
0.056448744	8.76246E-05	-0.002267828	0.000843899
0.056514101	8.78475E-05	-0.001133805	0.00084421
0.05657943	8.80768E-05	-0.000317448	0.000844361
0.056644744	8.83124E-05	-0.000153249	0.000844252
0.056710037	8.85542E-05	-0.002183605	0.000844056
0.056775309	8.88022E-05	0.000641842	0.000843883
0.056840554	8.90564E-05	0.000522098	0.000844658
0.056905784	8.93168E-05	0.001992118	0.000844536
0.056970992	8.95833E-05	0.001976058	0.000844011
0.05703618	8.98559E-05	0.002165369	0.000843725
0.05710134	9.01345E-05	0.001327294	0.000843587
0.057166486	9.04192E-05	1.55353E-05	0.000843712
0.05723161	9.07099E-05	0.00023259	0.000843408
0.057296714	9.10066E-05	-8.75371E-05	0.000843514
0.05736179	9.13091E-05	0.002049703	0.000843321
0.057426851	9.16176E-05	0.001475731	0.000843702
0.057491891	9.19319E-05	-0.000613454	0.000843224
0.05755691	9.2252E-05	0.001532255	0.000843077
0.057621902	9.25779E-05	0.000884291	0.000843401
0.057686879	9.29095E-05	0.000256359	0.000843072
0.057751835	9.32469E-05	-0.000451081	0.000842956
0.057816769	9.35899E-05	1.66826E-05	0.000842965
0.057881683	9.39385E-05	0.00126293	0.000842829
0.057946569	9.42926E-05	8.55325E-05	0.000842546
0.058011441	9.46523E-05	-0.000573185	0.000842665
0.058076291	9.50175E-05	0.00062548	0.000842454
0.058141121	9.53882E-05	-0.000129562	0.000843009
0.058205923	9.57642E-05	-0.001072441	0.000842199
0.05827071	9.61456E-05	-0.000427018	0.000842621
0.058335476	9.65324E-05	-0.00046712	0.000842275
0.058400221	9.69244E-05	0.000828176	0.000842532
0.058464939	9.73216E-05	-0.002162075	0.000842179
0.058529642	9.77241E-05	-0.001304822	0.000841822
0.058594324	9.81317E-05	0.000378888	0.000841713
0.058658984	9.85444E-05	-0.000345147	0.000841663
0.058723618	9.89622E-05	-0.002284599	0.00084173
0.058788236	9.9385E-05	-0.003411514	0.000841366
0.058852834	9.98128E-05	-0.001497269	0.000841791
0.05891741	0.000100246	-0.001126372	0.000841332
0.058981959	0.000100683	-0.00245905	0.000841634
0.059046494	0.000101126	-0.003486991	0.000840993
0.059111007	0.000101573	-0.001647408	0.00084136
0.059175499	0.000102025	-0.00143062	0.000841057
0.059239964	0.000102482	-0.00246646	0.000840686
0.059304414	0.000102943	-0.00280305	0.000840856
0.059368843	0.000103409	-0.000773353	0.000840939
0.05943325	0.00010388	-0.003323355	0.000840885
0.059497637	0.000104355	-0.004310903	0.000840589
0.059561997	0.000104835	-0.004840776	0.000840413
0.059626341	0.000105319	-0.001753823	0.000840689
0.059690665	0.000105808	-0.001490817	0.000840462
0.059754967	0.000106301	-0.003914198	0.000839798
0.059819242	0.000106798	-0.004641291	0.000840175
0.059883502	0.0001073	-0.002434557	0.000840083
0.059947741	0.000107806	-0.001843777	0.000840855
0.06001196	0.000108316	-0.001824528	0.00083989
0.06007615	0.00010883	-0.002536448	0.000839887
0.060140326	0.000109349	-0.000358187	0.000840399
0.060204481	0.000109872	-0.000303697	0.000840363
0.060268615	0.000110398	-0.003095139	0.000839572
0.060332722	0.000110929	-0.002134954	0.000839885
0.060396813	0.000111464	-0.000449472	0.000840406
0.060460884	0.000112002	-0.000242883	0.000840058
0.060524933	0.000112545	-0.001497822	0.000839674
0.060588955	0.000113091	-0.001680263	0.000839689
0.060652963	0.000113641	-0.001787837	0.000839919
0.060716949	0.000114196	-0.001166859	0.00083993
0.060780914	0.000114753	-0.002093866	0.00083933
0.060844852	0.000115315	-0.000276666	0.000839446
0.060908775	0.00011588	-0.000158287	0.00083942
0.060972677	0.000116449	-0.00236482	0.000839668
0.061036558	0.000117022	-0.002069216	0.000838997
0.061100417	0.000117598	-0.000295931	0.000839353
0.06116425	0.000118177	-0.001438178	0.000839212
0.061228068	0.000118761	-0.000865357	0.000838991
0.061291864	0.000119347	-0.002563789	0.000838693
0.06135564	0.000119938	-0.002677288	0.000838137
0.061419388	0.000120531	-0.002412571	0.000838225
0.061483121	0.000121128	-0.00260052	0.000838665
0.061546833	0.000121728	-0.004060441	0.000838159
0.061610524	0.000122332	-0.003639421	0.000838563
0.061674188	0.000122939	-0.002373459	0.000838567
0.061737837	0.000123549	-0.003406085	0.000838041
0.061801465	0.000124163	-0.004299226	0.00083774
0.061865072	0.000124779	-0.003940468	0.000838448
0.061928652	0.000125399	-0.004142898	0.000838056
0.061992216	0.000126022	-0.004826519	0.000837722
0.06205576	0.000126648	-0.005074061	0.000837258
0.062119282	0.000127277	-0.003623542	0.000838185
0.062182778	0.000127909	-0.004564104	0.000837496
0.062246258	0.000128544	-0.004828015	0.000837409
0.062309717	0.000129183	-0.002691445	0.000837464
0.062373156	0.000129824	-0.004334858	0.000837869
0.062436567	0.000130468	-0.003737164	0.000837473
0.062499963	0.000131115	-0.004564104	0.000837496
0.062563338	0.000131765	-0.005035386	0.000837756
0.062626691	0.000132418	-0.004473328	0.000837489
0.062690024	0.000133074	-0.003309942	0.000837453
0.06275333	0.000133732	-0.003993789	0.000837119
0.06281662	0.000134393	-0.002654869	0.000837492
0.06287989	0.000135057	-0.001160225	0.000837712
0.062943139	0.000135724	-0.001081684	0.000837345
0.06300636	0.000136394	-0.001691266	0.00083738
0.063069566	0.000137066	-0.004032126	0.000836778
0.063132751	0.000137741	-0.001265055	0.000837203
0.063195916	0.000138418	-0.000409675	0.000837163
0.063259053	0.000139098	-0.002667855	0.000836976
0.063322175	0.000139781	-0.00185416	0.000837487
0.063385276	0.000140466	-0.000455987	0.000837089
0.063448355	0.000141154	0.001412595	0.00083717
0.063511408	0.000141845	-0.001051584	0.00083764
0.063574446	0.000142538	-0.000181329	0.000837223
0.063637462	0.000143233	0.000961086	0.00083752
0.063700458	0.000143931	0.003603897	0.000837304
0.063763426	0.000144631	-0.001692589	0.000837223
0.06382638	0.000145334	-0.001486427	0.000836877
0.063889312	0.000146039	0.000130052	0.000837385
0.063952223	0.000146747	0.00089935	0.00083693
0.064015108	0.000147457	0.001178282	0.000836641
0.064077977	0.000148169	-6.04565E-06	0.000836582
0.064140825	0.000148884	0.001309915	0.000836974
0.064203651	0.000149601	0.00033411	0.000836883
0.064266457	0.00015032	-0.000877148	0.000836842
0.064329236	0.000151042	-0.002354179	0.000836402
0.064392	0.000151766	0.00070582	0.000836742
0.064454742	0.000152492	-0.000791694	0.000836157
0.064517464	0.00015322	-0.00149882	0.000836414
0.064580158	0.000153951	-0.000996971	0.000836606
0.06464297	0.000155561	0.000565427	0.00083673
0.064705917	0.000155566	-0.002694012	0.000835737
0.064768906	0.000155576	-0.001244034	0.000835879
0.064831931	0.000155591	-0.003307432	0.00083562
0.064895005	0.00015561	-0.001455642	0.000836123
0.064958122	0.000155635	-0.00174947	0.000835741
0.065021281	0.000155664	-0.001778329	0.000836127
0.065084476	0.000155698	-0.00313656	0.00083535
0.06514772	0.000155737	-0.001815318	0.000836046
0.065211007	0.000155781	-0.002973691	0.000836026
0.065274336	0.000155829	-0.003129248	0.000835816
0.065337702	0.000155883	-0.002466192	0.000835848
0.065401116	0.000155941	-0.002246162	0.000835494
0.065464573	0.000156005	-0.001015842	0.00083599
0.065528072	0.000156073	-0.003352647	0.00083565
0.065591608	0.000156147	-0.003424628	0.000835749
0.065655192	0.000156225	-0.000600983	0.000835612
0.065718819	0.000156308	-0.002949995	0.000835436
0.065782488	0.000156396	-0.002695681	0.000835477
0.0658462	0.00015649	-0.000722533	0.000835221
0.065909948	0.000156588	-0.00056216	0.000835377
0.065973745	0.000156691	-0.001829391	0.000835376
0.066037585	0.000156799	-0.001498815	0.000835263
0.066101467	0.000156912	-0.000764965	0.000836087
0.066165385	0.00015703	0.000411012	0.000835887
0.066229352	0.000157153	0.000573184	0.000835728
0.066293362	0.000157282	0.000666251	0.000835929
0.066357414	0.000157415	0.000553305	0.000836003
0.066421502	0.000157553	0.002184004	0.000836083
0.06648564	0.000157696	0.001808502	0.00083591
0.066549819	0.000157844	0.002113037	0.000835867
0.066614041	0.000157997	0.002823186	0.000836187
0.0666783	0.000158155	0.003568255	0.000836012
0.066742607	0.000158318	0.002146576	0.000836003
0.066806957	0.000158487	0.001127782	0.000836097
0.066871349	0.00015866	0.003967145	0.00083617
0.066935778	0.000158838	0.004837312	0.000836386
0.067000255	0.000159021	0.004196772	0.000835966
0.067064775	0.000159209	0.002462771	0.000835794
0.067129338	0.000159402	0.005047932	0.000836142
0.067193937	0.0001596	0.003579459	0.000836162
0.067258584	0.000159804	0.003195409	0.000836415
0.067323274	0.000160012	0.003075771	0.000835653
0.067388007	0.000160225	0.004505595	0.000836183
0.067452782	0.000160443	0.005484734	0.000836065
0.067517593	0.000160666	0.004565708	0.000835933
0.067582453	0.000160894	0.003873111	0.000835653
0.067647356	0.000161127	0.005217511	0.000836188
0.067712301	0.000161364	0.0050705	0.000836127
0.067777282	0.000161607	0.003282207	0.000836095
0.067842313	0.000161855	0.003895628	0.000835954
0.067907385	0.000162108	0.003711267	0.000835812
0.067972501	0.000162365	0.003843009	0.000835778
0.068037652	0.000162628	0.001726718	0.000835545
0.068102853	0.000162895	0.002511228	0.000836025
0.068168095	0.000163167	0.003023308	0.000835478
0.068233381	0.000163444	0.005039686	0.000835622
0.068298702	0.000163726	0.003229961	0.000835604
0.068364073	0.000164013	0.001270251	0.000835007
0.068429486	0.000164305	0.002361448	0.000835704
0.068494941	0.000164601	0.003196239	0.000835469
0.068560433	0.000164903	0.002290461	0.000835488
0.068625974	0.000165209	0.001565657	0.000835389
0.068691557	0.00016552	0.003745297	0.000835318
0.068757182	0.000165835	0.002749004	0.000835396
0.068822844	0.000166156	0.003038625	0.000835258
0.068888555	0.000166481	0.001375261	0.000835043
0.068954308	0.000166811	0.002531075	0.000835435
0.069020104	0.000167146	0.003970919	0.000835169
0.069085942	0.000167485	0.001788271	0.00083498
0.069151816	0.000167829	0.002482613	0.000835204
0.069217739	0.000168178	0.004531227	0.000835168
0.069283705	0.000168532	0.003538393	0.000835506
0.069349714	0.00016889	0.003835533	0.000834943
0.069415758	0.000169252	0.001566587	0.000835074
0.069481852	0.00016962	0.003854372	0.000834984
0.069547987	0.000169992	0.004275432	0.000835126
0.069614166	0.000170368	0.004606851	0.000835643
0.06968038	0.00017075	0.002870351	0.000834583
0.069746644	0.000171135	0.006996203	0.000835072
0.06981295	0.000171526	0.003861871	0.000834874
0.069879298	0.00017192	0.003854332	0.000834669
0.069945683	0.00017232	0.004583438	0.000834714
0.070012117	0.000172723	0.00620609	0.000835275
0.070078593	0.000173132	0.004429403	0.000834763
0.070145112	0.000173544	0.005184607	0.000834424
0.070211666	0.000173961	0.005490234	0.00083501
0.07027827	0.000174383	0.004684761	0.00083449
0.070344916	0.000174809	0.004699633	0.000834271
0.070411605	0.000175239	0.002195714	0.000834085
0.07047833	0.000175674	0.004895699	0.000834876
0.070545104	0.000176113	0.005748527	0.000834368
0.07061192	0.000176557	0.004921201	0.000834178
0.070678779	0.000177004	0.004027093	0.000834032
0.07074568	0.000177456	0.002878438	0.000834159
0.070812618	0.000177913	0.00313355	0.0008342
0.070879604	0.000178373	0.00489428	0.00083362
0.070946633	0.000178838	0.001795413	0.000833669
0.071013705	0.000179307	0.002743222	0.000834248
0.071080812	0.00017978	0.004879103	0.000833525
0.071147969	0.000180257	0.003242975	0.000833554
0.071215168	0.000180739	0.00188239	0.000833351
0.071282409	0.000181224	0.002012249	0.000833944
0.071349687	0.000181714	0.004154464	0.000832799
0.071417014	0.000182208	0.002217584	0.000832558
0.071484383	0.000182706	0.001337901	0.000832563
0.071551795	0.000183208	0.002512213	0.00083325
0.071619242	0.000183714	0.002832019	0.000832363
0.071686739	0.000184224	0.000528954	0.000832782
0.071754278	0.000184738	0.000445551	0.000832161
0.07182186	0.000185256	0.002153901	0.000832548
0.071889478	0.000185778	0.002285063	0.000832514
0.071957145	0.000186304	0.001121839	0.000832288
0.072024854	0.000186834	0.001250963	0.000831684
0.072092606	0.000187367	0.000999839	0.000831901
0.072160394	0.000187905	0.003674704	0.000832279
0.072228231	0.000188446	0.000436248	0.000831699
0.072296111	0.000188992	-0.001247291	0.000831612
0.072364033	0.000189541	0.002431544	0.000832261
0.072431997	0.000190094	0.002589926	0.000831534
0.072499998	0.00019065	0.000428017	0.00083212
0.072568047	0.000191211	0.001170845	0.000831581
0.072636139	0.000191775	0.00028515	0.000831747
0.072704274	0.000192343	0.000716341	0.000831775
0.072772445	0.000192914	0.000422265	0.000831501
0.072840664	0.00019349	0.000611623	0.000831429
0.072908927	0.000194069	0.001743575	0.000831777
0.072977231	0.000194651	0.00349247	0.000831566
0.073045572	0.000195237	0.000469663	0.000831159
0.073113962	0.000195827	-0.000212068	0.000831399
0.073182394	0.00019642	-0.00044229	0.000831135
0.073250869	0.000197017	0.002002858	0.00083114
0.07331938	0.000197618	0.000885575	0.000830938
0.07338794	0.000198222	0.000872432	0.000830895
0.073456542	0.000198829	0.003350637	0.000831399
0.073525187	0.00019944	0.002345594	0.000831175
0.073593868	0.000200055	0.002265346	0.000830812
0.073662598	0.000200672	-7.57797E-05	0.00083105
0.073731371	0.000201294	0.002702895	0.000831356
0.073800186	0.000201918	0.002798553	0.000830878
0.073869037	0.000202547	0.004037639	0.000830586
0.073937937	0.000203178	0.002135923	0.000830586
0.07400688	0.000203813	0.002874021	0.000830829
0.074075865	0.000204451	0.002792234	0.000830364
0.074144893	0.000205092	0.000663165	0.000830204
0.074213956	0.000205737	-0.000565267	0.000830027
0.074283069	0.000206385	-9.60412E-05	0.000830184
0.074352224	0.000207036	0.002134731	0.000830483
0.074421422	0.000207691	-7.44998E-05	0.000829757
0.074490656	0.000208349	-9.69516E-05	0.000830082
0.074559939	0.000209009	0.001939771	0.000830041
0.074629264	0.000209674	-0.000491454	0.000829772
0.074698632	0.000210341	-0.002541148	0.000829156
0.074768036	0.000211011	-0.000659468	0.000829315
0.074837489	0.000211685	-1.85982E-06	0.0008294
0.074906984	0.000212362	-0.000583246	0.000829368
0.074976522	0.000213041	-0.002199689	0.000829293
0.075046186	0.000214601	-0.001645479	0.000829136
0.075115949	0.000214607	-9.206E-05	0.000829201
0.075185696	0.000214619	-0.000306878	0.000829187
0.075255427	0.000214637	-0.000978702	0.000828854
0.075325136	0.000214661	-0.002746099	0.000828571
0.075394837	0.000214691	-0.001090607	0.000829082
0.075464522	0.000214727	-0.00324904	0.000828797
0.075534191	0.000214769	-0.002570339	0.000828456
0.075603838	0.000214817	-0.00284658	0.000828636
0.075673476	0.000214871	-0.001523443	0.000828542
0.075743099	0.000214931	-0.001862839	0.000828712
0.075812706	0.000214997	-0.001185796	0.000828167
0.075882297	0.00021507	0.000501917	0.000827886
0.075951867	0.000215148	-0.001286159	0.000828232
0.076021427	0.000215233	-0.001034423	0.00082817
0.076090972	0.000215324	-0.002698229	0.000828129
0.076160501	0.000215421	-0.000492099	0.000828176
0.076230008	0.000215524	0.001665985	0.000828155
0.076299506	0.000215633	0.00137481	0.000828088
0.076368989	0.000215749	-0.002218873	0.000828226
0.076438456	0.00021587	0.001725853	0.000827859
0.0765079	0.000215998	0.002807808	0.000828544
0.076577336	0.000216132	0.000224134	0.000827862
0.076646757	0.000216272	0.002562613	0.000828137
0.076716161	0.000216419	0.001650642	0.000827908
0.076785544	0.000216571	0.004140755	0.000827984
0.076854917	0.00021673	0.001182995	0.000827853
0.076924276	0.000216895	0.000122862	0.000827826
0.076993618	0.000217066	0.002520797	0.000827804
0.077062938	0.000217243	0.001915567	0.00082789
0.07713225	0.000217426	0.001266969	0.000827439
0.077201546	0.000217616	0.001624421	0.000827822
0.077270826	0.000217812	0.002809583	0.000827667
0.077340084	0.000218014	0.002797648	0.000827726
0.077409333	0.000218222	0.001894421	0.000827132
0.077478567	0.000218437	-0.001487031	0.000826569
0.077547785	0.000218657	0.001225652	0.000827106
0.077616987	0.000218884	0.003876124	0.000827126
0.077686167	0.000219117	0.000997114	0.000826947
0.077755339	0.000219356	0.000382863	0.000827296
0.077824495	0.000219602	0.001803946	0.000826934
0.077893635	0.000219853	0.002116354	0.000826679
0.077962753	0.000220111	0.001469628	0.000826331
0.078031862	0.000220375	-2.54522E-05	0.000826742
0.078100956	0.000220645	0.000607368	0.000827047
0.078170034	0.000220921	0.000814669	0.000826348
0.078239089	0.000221203	0.000508557	0.000825933
0.078308136	0.000221491	-0.000379562	0.000826563
0.078377168	0.000221786	0.001484885	0.000826578
0.078446183	0.000222086	0.001846005	0.000826189
0.078515177	0.000222393	-0.001632131	0.00082559
0.078584162	0.000222706	-0.000889258	0.00082577
0.078653131	0.000223025	0.001174891	0.000825857
0.078722084	0.00022335	-0.000185498	0.00082572
0.078791016	0.000223681	-0.002676339	0.000825302
0.078859938	0.000224018	-0.000210499	0.000825737
0.078928845	0.000224361	-0.000271667	0.00082593
0.078997736	0.00022471	0.001996099	0.000826091
0.079066605	0.000225065	0.002271225	0.000825912
0.079135465	0.000225426	0.001047816	0.000825735
0.07920431	0.000225793	0.00285255	0.000826046
0.079273139	0.000226167	0.002660715	0.000825812
0.079341952	0.000226546	0.001023828	0.000825853
0.079410744	0.000226931	0.000392584	0.000825651
0.079479526	0.000227322	0.003988649	0.000826128
0.079548293	0.000227718	0.004069739	0.000825613
0.079617044	0.000228121	0.001778424	0.000825772
0.079685773	0.00022853	0.002763175	0.00082595
0.079754493	0.000228944	0.005352245	0.000826165
0.079823198	0.000229365	0.004616606	0.000825924
0.079891887	0.000229791	0.005142891	0.000825685
0.079960554	0.000230223	0.004825587	0.000826405
0.080029212	0.000230661	0.006552059	0.000826156
0.080097854	0.000231104	0.004451862	0.000825878
0.080166481	0.000231554	0.005530478	0.000826255
0.080235085	0.000232009	0.007537504	0.000826133
0.080303681	0.000232469	0.01000445	0.000826129
0.080372261	0.000232936	0.006997433	0.00082633
0.080440826	0.000233408	0.008817826	0.000826281
0.080509368	0.000233886	0.008904202	0.000826173
0.080577901	0.00023437	0.00965688	0.000826458
0.080646419	0.000234859	0.009330963	0.000825999
0.080714922	0.000235354	0.008840771	0.000826163
0.080783402	0.000235854	0.010058778	0.0008263
0.080851873	0.00023636	0.011151118	0.000826986
0.080920328	0.000236871	0.011316795	0.000826465
0.080988768	0.000237388	0.012333097	0.000826322
0.081057193	0.000237911	0.012295614	0.000826036
0.081125595	0.000238439	0.013538896	0.00082642
0.081193989	0.000238973	0.012474842	0.000826385
0.081262366	0.000239511	0.011612607	0.000826324
0.081330729	0.000240056	0.013764718	0.000826377
0.081399069	0.000240606	0.015025678	0.000826544
0.0814674	0.000241161	0.014089024	0.00082627
0.081535716	0.000241721	0.013515555	0.000826176
0.081604016	0.000242287	0.016140878	0.000826547
0.081672293	0.000242858	0.017571469	0.000826503
0.081740562	0.000243435	0.016528949	0.000826711
0.081808816	0.000244016	0.016809119	0.000826737
0.081877053	0.000244603	0.018966304	0.000827734
0.081945269	0.000245195	0.019531001	0.000826847
0.082013476	0.000245793	0.019103699	0.000827436
0.082081667	0.000246395	0.018738314	0.000826996
0.082149842	0.000247003	0.022889141	0.000826865
0.082217996	0.000247616	0.023348317	0.000827561
0.08228614	0.000248233	0.023452402	0.000827598
0.082354269	0.000248856	0.024580555	0.000827706
0.082422382	0.000249485	0.025010234	0.000827638
0.082490474	0.000250118	0.02653561	0.000828174
0.082558556	0.000250756	0.02612393	0.000828125
0.082626622	0.000251399	0.027534824	0.000828421
0.082694673	0.000252047	0.031194823	0.000828798
0.082762709	0.0002527	0.032985596	0.00082854
0.082830722	0.000253358	0.033483652	0.000829065
0.082898727	0.00025402	0.034774878	0.000829344
0.082966715	0.000254688	0.038735234	0.00082982
0.083034689	0.000255361	0.041816568	0.000830449
0.08310264	0.000256038	0.040531129	0.000830529
0.083170582	0.00025672	0.041578732	0.000830709
0.083238508	0.000257407	0.046577555	0.000831513
0.083306419	0.000258099	0.048657161	0.000831252
0.083374308	0.000258795	0.048232525	0.000831741
0.083442188	0.000259496	0.051840871	0.000832391
0.083510053	0.000260202	0.055715653	0.000832831
0.083577901	0.000260912	0.057801144	0.00083318
0.083645728	0.000261627	0.060575532	0.00083331
0.083713546	0.000262347	0.064525531	0.000833955
0.083781348	0.000263071	0.06681914	0.00083485
0.083849134	0.0002638	0.069437466	0.000834939
0.083916899	0.000264533	0.071827164	0.000835069
0.083984654	0.000265271	0.073944482	0.000835656
0.084052394	0.000266013	0.079343812	0.000836886
0.084120118	0.00026676	0.082143871	0.000837059
0.084187821	0.000267511	0.0848242	0.000837596
0.084255514	0.000268267	0.088510644	0.000838404
0.084323191	0.000269027	0.09041305	0.000839003
0.084390853	0.000269791	0.093914837	0.000839499
0.0844585	0.00027056	0.09810433	0.000840029
0.084526124	0.000271333	0.100289133	0.000840587
0.08459374	0.00027211	0.107046429	0.000841477
0.08466134	0.000272892	0.111806355	0.000843214
0.084728924	0.000273678	0.112203336	0.000842497
0.084796486	0.000274468	0.11824344	0.000844454
0.084864039	0.000275262	0.123969083	0.000844893
0.084931577	0.00027606	0.127574056	0.000845632
0.084999099	0.000276863	0.130561948	0.000846538
0.085066599	0.00027767	0.136736737	0.000847664
0.08513409	0.000278481	0.14505717	0.000848876
0.085201565	0.000279296	0.147350088	0.000849739
0.085269025	0.000280115	0.15320648	0.000851307
0.085336462	0.000280938	0.157755656	0.000851954
0.085403898	0.000282342	0.165108585	0.000853783
0.085471345	0.000282345	0.173732869	0.000855391
0.085538781	0.000282354	0.178172084	0.000856274
0.0856062	0.000282368	0.185818174	0.000857665
0.085673614	0.000282386	0.195152161	0.000859684
0.085741016	0.00028241	0.199888319	0.000860691
0.085808407	0.000282439	0.205744589	0.000862337
0.085875781	0.000282473	0.214268736	0.000864429
0.08594315	0.000282513	0.22462123	0.000866626
0.086010508	0.000282557	0.231323727	0.000867948
0.086077854	0.000282606	0.240259245	0.000870543
0.086145189	0.000282661	0.25190901	0.000873254
0.086212507	0.000282721	0.261008246	0.000875441
0.08627982	0.000282785	0.268423195	0.000876917
0.086347121	0.000282856	0.277967968	0.000879452
0.086414412	0.000282931	0.290001225	0.000883004
0.086481685	0.000283011	0.296760555	0.00088463
0.086548953	0.000283097	0.309044518	0.000887304
0.086616209	0.000283188	0.3189012	0.000890099
0.086683455	0.000283284	0.332933896	0.000894683
0.086750683	0.000283385	0.344151779	0.000897942
0.086817906	0.000283491	0.35661177	0.000900802
0.086885118	0.000283603	0.366478025	0.000903606
0.086952319	0.00028372	0.380814695	0.000907761
0.087019502	0.000283842	0.391768263	0.000911837
0.08708668	0.000283969	0.404645124	0.000915666
0.087153847	0.000284102	0.417353455	0.00092008
0.087221003	0.000284239	0.435518535	0.000925648
0.087288141	0.000284383	0.448368329	0.000929763
0.087355274	0.000284531	0.460462532	0.000933997
0.087422397	0.000284684	0.475961034	0.000939779
0.087489508	0.000284843	0.492095198	0.000945299
0.087556601	0.000285007	0.509341246	0.000950974
0.08762369	0.000285177	0.521461838	0.000955736
0.087690767	0.000285351	0.537440054	0.000962249
0.087757833	0.000285531	0.557425511	0.000970531
0.087824888	0.000285717	0.574504305	0.000976978
0.087891925	0.000285907	0.588236221	0.000983051
0.087958958	0.000286103	0.607345068	0.000991038
0.088025979	0.000286304	0.623789889	0.000999076
0.088092989	0.00028651	0.638096742	0.001004743
0.088159982	0.000286722	0.659400164	0.001014401
0.08822697	0.000286938	0.682985018	0.001025654
0.088293946	0.00028716	0.699627521	0.001034082
0.088360911	0.000287388	0.71636319	0.001043097
0.088427859	0.000287621	0.733753008	0.00105205
0.088494802	0.000287858	0.759025053	0.001065449
0.088561733	0.000288102	0.779356823	0.001077077
0.088628654	0.00028835	0.796522871	0.001086439
0.088695557	0.000288604	0.819386375	0.001100343
0.088762455	0.000288863	0.841156728	0.001113759
0.088829341	0.000289127	0.867550956	0.001130283
0.088896217	0.000289397	0.893804828	0.001147262
0.088963075	0.000289672	0.913815545	0.001161141
0.089029928	0.000289952	0.941486285	0.001180826
0.08909677	0.000290237	0.965221016	0.001197338
0.089163601	0.000290528	0.993294848	0.001218026
0.089230414	0.000290823	1.013285752	0.001234194
0.089297222	0.000291124	1.046039326	0.001260682
0.089364019	0.000291431	1.068901424	0.00128034
0.089430805	0.000291742	1.090142632	0.001297919
0.08949758	0.000292059	1.118678359	0.001322601
0.089564337	0.000292381	1.147968556	0.001350549
0.089631089	0.000292708	1.176980059	0.001378461
0.08969783	0.000293041	1.19868983	0.001399815
0.08976456	0.000293378	1.232724257	0.001434461
0.089831272	0.000293721	1.260891161	0.001465097
0.089897979	0.000294069	1.290425579	0.001497273
0.089964675	0.000294422	1.325310665	0.001537958
0.09003136	0.00029478	1.356116557	0.001575047
0.090098028	0.000295144	1.387002724	0.001611925
0.09016469	0.000295513	1.413629108	0.0016471
0.090231342	0.000295886	1.441644119	0.001685567
0.090297982	0.000296265	1.478274967	0.001735932
0.090364604	0.00029665	1.515242946	0.001788825
0.090431222	0.000297039	1.548729012	0.001838946
0.090497828	0.000297433	1.577951628	0.001885246
0.090564424	0.000297833	1.61112307	0.00193862
0.090631001	0.000298237	1.645263541	0.001996629
0.090697574	0.000298647	1.679998305	0.002056583
0.090764136	0.000299062	1.723404514	0.002136249
0.090830686	0.000299482	1.763501933	0.002212182
0.090897219	0.000299907	1.79611038	0.00227886
0.090963747	0.000300336	1.827469752	0.002343765
0.091030264	0.000300772	1.863055419	0.002420181
0.091096769	0.000301212	1.902134478	0.002505354
0.091163264	0.000301657	1.936266946	0.00258445
0.09122974	0.000302107	1.972621617	0.002672795
0.091296212	0.000302562	2.003889507	0.002751599
0.091362673	0.000303022	2.041394679	0.002848433
0.091429123	0.000303487	2.090028116	0.002981083
0.091495555	0.000303957	2.133289287	0.00310326
0.091561982	0.000304432	2.165631542	0.003201971
0.091628398	0.000304912	2.20766355	0.00333087
0.091694802	0.000305397	2.245709252	0.003452038
0.091761189	0.000305887	2.284784829	0.003585157
0.091827572	0.000306382	2.333087711	0.003752782
0.091893943	0.000306881	2.371008947	0.003894806
0.091960302	0.000307386	2.423727758	0.004095574
0.092026645	0.000307895	2.446773474	0.004186801
0.092092982	0.000308409	2.480557073	0.004325645
0.092159308	0.000308929	2.530508014	0.004542489
0.092225623	0.000309452	2.557778759	0.004659896
0.092291921	0.000309981	2.611823351	0.004914178
0.092358213	0.000310515	2.639745378	0.005048274
0.092424494	0.000311053	2.679828613	0.00525005
0.092490765	0.000311596	2.72674339	0.005494847
0.092557017	0.000312144	2.756238866	0.005658549
0.092623265	0.000312697	2.795304313	0.005879539
0.092689501	0.000313254	2.836452439	0.006119189
0.092755727	0.000313816	2.849930724	0.006203316
0.092821941	0.000314383	2.90527862	0.006550974
0.092888137	0.000314955	2.933072201	0.00673244
0.092954329	0.000315531	3.017747961	0.007316417
0.093020509	0.000316112	3.021656682	0.007344196
0.093086678	0.000316698	3.060723686	0.007633654
0.09315283	0.000317288	3.087046739	0.007829842
0.093218977	0.000317883	3.115848265	0.008058094
0.093285112	0.000318482	3.158808018	0.008408856
0.093351237	0.000319086	3.176563136	0.008558012
0.093417344	0.000319695	3.250673557	0.009212087
0.093483446	0.000320308	3.279558404	0.009470044
0.093549536	0.000320926	3.312804709	0.009790798
0.093615616	0.000321548	3.331290557	0.009976387
0.093681678	0.000322175	3.375247678	0.010426528
0.093747735	0.000322806	3.363449716	0.01029733
0.093813781	0.000323442	3.397808289	0.010658494
0.093879815	0.000324082	3.476460282	0.01153227
0.093945833	0.000324727	3.535288102	0.012219158
0.094011845	0.000325376	3.576830262	0.012733389
0.094077846	0.00032603	3.634698415	0.013481234
0.094143836	0.000326688	3.582883718	0.012793162
0.094209808	0.00032735	3.601211951	0.013025594
0.094275775	0.000328017	3.66129594	0.013839141
0.094341731	0.000328688	3.682332918	0.014143533
0.094407676	0.000329364	3.713002145	0.014575596
0.09447361	0.000330044	3.748416152	0.015077621
0.094539526	0.000330728	3.768868503	0.015398848
0.094605438	0.000331416	3.75850905	0.015236325
0.094671338	0.000332109	3.862443458	0.016896821
0.094737227	0.000332806	3.765965161	0.015357056
0.094803098	0.000333507	3.807217792	0.015999644
0.094868965	0.000334213	3.844288868	0.016601544
0.09493482	0.000334923	3.856178312	0.01679665
0.095000664	0.000335637	3.864830369	0.01694485
0.095066491	0.000336355	3.945209542	0.018355758
0.095132312	0.000337077	3.929556565	0.018067571
0.095198123	0.000337804	3.878041336	0.017151821
0.095263922	0.000338535	3.913065528	0.017784405
0.095329704	0.000339269	3.838662747	0.01650653
0.09539548	0.000340008	3.875492445	0.017102182
0.095461246	0.000340751	3.848894529	0.016655159
0.095527	0.000341498	3.952384523	0.018476883
0.095592737	0.000342249	3.909356299	0.017683662
0.095658469	0.000343005	4.030521388	0.019960468
0.09572419	0.000343764	3.959087817	0.018597609
0.095789928	0.000344872	3.88994085	0.017358884
0.095855722	0.000344876	3.887388594	0.017308146
0.095921548	0.000344886	3.863864807	0.016901492
0.0959874	0.0003449	3.878421375	0.017153104
0.096053277	0.00034492	3.927748086	0.018015785
0.09611918	0.000344945	3.952706022	0.018478124
0.096185103	0.000344976	3.872793726	0.017052302
0.096251057	0.000345011	3.80633353	0.015960811
0.096317037	0.000345052	3.806427234	0.015961089
0.096383043	0.000345097	3.778991331	0.015529458
0.096449068	0.000345148	3.785021739	0.015615617
0.096515125	0.000345205	3.774233056	0.015447713
0.096581207	0.000345266	3.844161555	0.016562421
0.096647316	0.000345333	3.739697729	0.014925518
0.096713443	0.000345405	3.754594475	0.015159643
0.096779603	0.000345482	3.726964245	0.014734601
0.096845788	0.000345564	3.637948304	0.013488283
0.096911999	0.000345652	3.601385441	0.013001107
0.096978229	0.000345745	3.648111093	0.013617648
0.097044491	0.000345843	3.605813999	0.013059922
0.097110779	0.000345947	3.594599978	0.012913514
0.097177092	0.000346056	3.518781537	0.011973061
0.097243425	0.00034617	3.510607559	0.01187451
0.09730979	0.000346289	3.446760646	0.011139969
0.09737618	0.000346414	3.379110596	0.010415233
0.097442596	0.000346544	3.390143413	0.010529449
0.097509032	0.000346679	3.354248443	0.010158737
0.097575499	0.00034682	3.351085125	0.010123555
0.097641992	0.000346966	3.322205623	0.009831201
0.097708511	0.000347117	3.289478944	0.009522358
0.097775055	0.000347274	3.258035607	0.009232798
0.097841619	0.000347436	3.171139342	0.008463624
0.097908214	0.000347603	3.138725879	0.008199623
0.097974836	0.000347776	3.102618957	0.007909058
0.098041483	0.000347954	3.107063664	0.007941781
0.098108149	0.000348137	3.053645368	0.007538811
0.098174847	0.000348326	3.010218008	0.007220521
0.098241571	0.00034852	3.002324976	0.00715885
0.09830832	0.000348719	2.933513202	0.006690029
0.098375089	0.000348924	2.913194783	0.00655493
0.09844189	0.000349134	2.863238888	0.006239891
0.098508716	0.000349349	2.831910475	0.006052571
0.098575569	0.00034957	2.791673508	0.005818244
0.09864244	0.000349796	2.773098913	0.005710852
0.098709343	0.000350028	2.739491642	0.005528078
0.098776272	0.000350264	2.705194472	0.005342682
0.098843227	0.000350507	2.642970171	0.005028704
0.098910201	0.000350754	2.605788089	0.004847753
0.098977207	0.000351007	2.569726856	0.004683267
0.099044239	0.000351265	2.525763955	0.00448263
0.099111296	0.000351529	2.494718684	0.004351967
0.099178373	0.000351798	2.469653709	0.004244176
0.099245481	0.000352072	2.422618618	0.004057867
0.099312616	0.000352352	2.391147214	0.003933616
0.099379776	0.000352637	2.342782486	0.003755642
0.099446961	0.000352927	2.290606379	0.003572926
0.099514166	0.000353223	2.259146858	0.003469727
0.099581403	0.000353524	2.213143421	0.00331657
0.099648665	0.00035383	2.204768582	0.003291857
0.099715954	0.000354142	2.146163781	0.003113792
0.099783261	0.000354459	2.100851447	0.002984861
0.0998506	0.000354782	2.068829051	0.002895871
0.099917966	0.000355109	2.02078838	0.002769859
0.099985356	0.000355442	1.978434336	0.002661941
0.100052766	0.00035578	1.949264386	0.002592735
0.100120208	0.000356124	1.913602663	0.002509013
0.100187676	0.000356473	1.890267639	0.002455588
0.100255169	0.000356827	1.847455525	0.002362959
0.100322682	0.000357187	1.798435751	0.002261273
0.100390227	0.000357552	1.767815511	0.002201403
0.100457797	0.000357922	1.738221326	0.002142246
0.100525393	0.000358297	1.699112673	0.002070966
0.100593008	0.000358678	1.669055812	0.002016375
0.100660655	0.000359063	1.629184455	0.001948256
0.100728328	0.000359455	1.605523578	0.001910381
0.100796027	0.000359851	1.570133876	0.001851805
0.100863745	0.000360253	1.530903521	0.001792328
0.100931495	0.00036066	1.496191904	0.001741912
0.10099927	0.000361072	1.464566301	0.001697207
0.101067071	0.000361489	1.431302783	0.001651599
0.101134898	0.000361912	1.395663286	0.001606265
0.101202744	0.000362339	1.364709345	0.001567263
0.101270622	0.000362772	1.341759285	0.001540607
0.101338526	0.00036321	1.308507861	0.001501759
0.101406456	0.000363654	1.276190128	0.001464112
0.101474404	0.000364102	1.245357641	0.001431343
0.101542385	0.000364556	1.214922705	0.001399488
0.101610391	0.000365015	1.185116211	0.001370103
0.101678423	0.000365479	1.155618967	0.001342039
0.101746474	0.000365948	1.134276612	0.001321911
0.101814558	0.000366422	1.104675587	0.001294425
0.101882667	0.000366902	1.078025694	0.001271759
0.101950801	0.000367386	1.04716212	0.001246141
0.102018955	0.000367876	1.019602564	0.001224371
0.102087141	0.00036837	0.993438517	0.001203469
0.102155353	0.00036887	0.961222165	0.00117993
0.10222359	0.000369375	0.942616227	0.00116606
0.102291846	0.000369885	0.91755644	0.001148956
0.102360135	0.0003704	0.89383234	0.001132173
0.102428449	0.00037092	0.865269523	0.001114592
0.102496789	0.000371445	0.84282932	0.00110047
0.102565148	0.000371975	0.822192394	0.001086927
0.102633539	0.00037251	0.797042785	0.001072203
0.102701956	0.00037305	0.773190223	0.001058993
0.102770398	0.000373595	0.751918176	0.001047553
0.102838866	0.000374145	0.73652454	0.001038993
0.102907354	0.0003747	0.716055515	0.001028398
0.102975873	0.00037526	0.689841591	0.001015507
0.103044418	0.000375825	0.672933621	0.001007108
0.103112989	0.000376395	0.650119459	0.000996538
0.103181578	0.00037697	0.632153346	0.000987557
0.1032502	0.000377549	0.612102877	0.000979357
0.103318848	0.000378134	0.598003414	0.000972577
0.103387521	0.000378723	0.577593361	0.000963957
0.103456214	0.000379317	0.561912045	0.000957511
0.103524938	0.000379916	0.539083276	0.000948182
0.103593689	0.00038052	0.527828101	0.000943736
0.103662464	0.000381129	0.511037311	0.000937665
0.103731259	0.000381743	0.495246664	0.000931545
0.103800087	0.000382361	0.476300242	0.000924754
0.103868939	0.000382984	0.465518011	0.000921529
0.103937818	0.000383612	0.447753635	0.000915132
0.104006716	0.000384245	0.430850239	0.000909644
0.104075645	0.000384883	0.418419449	0.000904754
0.104144601	0.000385525	0.405963044	0.000900614
0.104213582	0.000386172	0.390253254	0.00089631
0.104282582	0.000386824	0.376065136	0.000892072
0.104351614	0.00038748	0.361415052	0.0008876
0.104420672	0.000388141	0.351026439	0.000884433
0.104489756	0.000388807	0.340527734	0.000881178
0.104558866	0.000389477	0.325931848	0.000877082
0.104627994	0.000390152	0.315693689	0.000873959
0.104697155	0.000390832	0.304828448	0.000871279
0.104766341	0.000391516	0.292918	0.000867883
0.104835553	0.000392205	0.281171904	0.000865064
0.104904784	0.000392898	0.272831558	0.00086237
0.104974047	0.000393596	0.262236783	0.000860107
0.105043336	0.000394299	0.252930781	0.00085727
0.10511265	0.000395006	0.241234226	0.000854935
0.105181984	0.000395718	0.234034657	0.000852909
0.10525135	0.000396434	0.224023866	0.000850715
0.105320741	0.000397154	0.215962533	0.00084867
0.105390159	0.00039788	0.207387902	0.000846451
0.105459595	0.000398609	0.197613375	0.000844372
0.105529063	0.000399343	0.19357056	0.000843479
0.105598557	0.000400082	0.184009475	0.000841122
0.105668077	0.000400825	0.174766512	0.000839533
0.105737616	0.000401572	0.168972641	0.000837539
0.105807187	0.000402324	0.162825375	0.000836825
0.105876784	0.00040308	0.154841483	0.00083515
0.105946406	0.000403841	0.148272978	0.000833554
0.106016047	0.000404605	0.14532462	0.000832454
0.106085721	0.000405375	0.1385272	0.000831254
0.106155426	0.000406642	0.131951557	0.000830198
0.106225198	0.000406646	0.126410794	0.000829401
0.106294958	0.000406656	0.123468828	0.000828326
0.106364709	0.000406672	0.11836273	0.000826692
0.106434449	0.000406694	0.112107	0.000825866
0.106504165	0.000406722	0.108370347	0.000824678
0.106573883	0.000406757	0.103927987	0.000824006
0.106643591	0.000406798	0.102292165	0.000823864
0.106713289	0.000406845	0.097226143	0.000822402
0.106782976	0.000406898	0.093849121	0.00082221
0.106852653	0.000406958	0.091425769	0.000821433
0.106922319	0.000407024	0.088140738	0.000820337
0.106991974	0.000407096	0.079669705	0.000819541
0.107061605	0.000407175	0.078389899	0.000818735
0.10713124	0.00040726	0.075568198	0.000818044
0.107200863	0.000407351	0.072089256	0.000817404
0.107270477	0.000407448	0.067567263	0.00081685
0.107340079	0.000407552	0.066023967	0.000816394
0.107409671	0.000407662	0.066206515	0.000816016
0.107479253	0.000407779	0.061790735	0.00081553
0.107548824	0.000407901	0.059410863	0.000814932
0.107618371	0.00040803	0.055973027	0.000814174
0.107687921	0.000408166	0.054627882	0.000813513
0.10775746	0.000408308	0.053829073	0.0008136
0.107826989	0.000408456	0.049650934	0.000812661
0.107896507	0.000408611	0.048258962	0.000812403
0.107966015	0.000408771	0.046932255	0.000812056
0.108035512	0.000408939	0.043482977	0.000812022
0.108104998	0.000409112	0.041520633	0.000811061
0.108174474	0.000409293	0.039451223	0.000810632
0.108243926	0.000409479	0.038890219	0.000810986
0.108313381	0.000409672	0.036265008	0.000810608
0.108382825	0.000409871	0.032407894	0.0008094
0.108452259	0.000410077	0.030700022	0.000809017
0.108521682	0.000410289	0.029522662	0.000809005
0.108591095	0.000410507	0.028114917	0.000808288
0.108660497	0.000410732	0.025579714	0.000808136
0.108729889	0.000410963	0.026469765	0.000807675
0.108799256	0.000411201	0.027171167	0.000808032
0.108868627	0.000411445	0.02368818	0.000807484
0.108937987	0.000411695	0.021206561	0.000807061
0.109007336	0.000411952	0.021250167	0.000806785
0.109076675	0.000412215	0.02222497	0.000806418
0.109146003	0.000412485	0.018868442	0.000806158
0.109215321	0.000412761	0.015571577	0.00080587
0.109284628	0.000413044	0.016216731	0.000806055
0.109353911	0.000413332	0.016561406	0.000805344
0.109423197	0.000413628	0.014526284	0.0008053
0.109492472	0.000413929	0.014141452	0.000805641
0.109561737	0.000414237	0.01356316	0.000805368
0.109630992	0.000414552	0.012074176	0.00080513
0.109700235	0.000414873	0.011832919	0.00080489
0.109769469	0.0004152	0.010481148	0.000804374
0.109838691	0.000415533	0.010965138	0.00080441
0.109907903	0.000415873	0.012017614	0.000804577
0.109977092	0.00041622	0.011444067	0.000803863
0.110046283	0.000416572	0.010353496	0.000804112
0.110115463	0.000416931	0.011215279	0.000804007
0.110184633	0.000417297	0.010880599	0.000803974
0.110253792	0.000417669	0.009647891	0.000803337
0.110322941	0.000418047	0.007481767	0.000803196
0.110392079	0.000418431	0.008410252	0.000803242
0.110461207	0.000418822	0.009694961	0.000803064
0.110530311	0.000419219	0.007344759	0.000802893
0.110599418	0.000419622	0.00747954	0.000802614
0.110668514	0.000420032	0.008522719	0.000803219
0.110737599	0.000420448	0.009368229	0.000802832
0.110806674	0.000420871	0.006671529	0.000802687
0.110875738	0.000421299	0.004623886	0.000802526
0.110944792	0.000421734	0.008392646	0.000802718
0.111013835	0.000422175	0.007961357	0.00080265
0.111082855	0.000422623	0.007227285	0.000802093
0.111151877	0.000423077	0.006322395	0.000802131
0.111220889	0.000423537	0.006246228	0.000802179
0.11128989	0.000424003	0.008306492	0.000802043
0.11135888	0.000424475	0.00537044	0.000801521
0.11142786	0.000424954	0.005290119	0.000801669
0.11149683	0.000425439	0.005086632	0.000801217
0.111565788	0.00042593	0.007467312	0.000801651
0.111634737	0.000426428	0.004103349	0.000801403
0.111703661	0.000426931	0.002521006	0.000801195
0.111772588	0.000427441	0.00468905	0.000801275
0.111841505	0.000427957	0.00420907	0.000801239
0.111910411	0.000428479	0.000543267	0.000800807
0.111979306	0.000429007	0.002646291	0.000800875
0.112048191	0.000429541	0.00325057	0.00080059
0.112117066	0.000430082	0.003172746	0.000800398
0.11218593	0.000430628	0.003651776	0.000800433
0.11225477	0.000431181	0.000806393	0.000800449
0.112323612	0.00043174	0.003149164	0.000800654
0.112392445	0.000432305	0.001797665	0.000800304
0.112461266	0.000432876	-0.000151256	0.000799901
0.112530077	0.000433452	0.000479428	0.000800079
0.112598878	0.000434035	0.003462001	0.000800264
0.112667668	0.000434624	0.001511619	0.0008001
0.112736447	0.00043522	0.001887265	0.000799959
0.112805203	0.00043582	0.001540339	0.000799745
0.112873961	0.000436427	0.001061257	0.000799472
0.112942709	0.00043704	0.000376252	0.000799664
0.113011446	0.000437659	-0.000720995	0.000799494
0.113080173	0.000438284	-0.001046071	0.000799364
0.113148889	0.000438915	0.001534467	0.000799605
0.113217594	0.000439552	0.002529512	0.000799362
0.113286289	0.000440194	0.001724121	0.000798958
0.113354974	0.000440843	0.001168302	0.000799548
0.113423634	0.000441497	7.52507E-05	0.000799279
0.113492298	0.000442157	0.000268442	0.000799349
0.113560951	0.000442824	-0.00178158	0.00079935
0.113629593	0.000443495	0.000104466	0.000798925
0.113698224	0.000444173	0.003088065	0.00079925
0.113766845	0.000444857	0.003074135	0.000798731
0.113835456	0.000445546	0.001321468	0.000799691
0.113904056	0.000446241	0.002679837	0.000799027
0.113972632	0.000446942	0.002596559	0.000799511
0.114041211	0.000447648	0.003376899	0.000799116
0.114109779	0.000448361	0.000570399	0.000798679
0.114178337	0.000449079	0.00232843	0.000798913
0.114246884	0.000449802	0.001155698	0.000799029
0.114315421	0.000450532	0.001912804	0.000798695
0.114383947	0.000451267	0.000476426	0.00079826
0.114452463	0.000452007	0.001855393	0.000798492
0.114520955	0.000452753	0.004618482	0.000798622
0.114589449	0.000453505	0.002462237	0.000798445
0.114657933	0.000454263	0.001033945	0.000798435
0.114726406	0.000455026	0.002084213	0.000797822
0.114794869	0.000455794	0.003303738	0.000798682
0.114863321	0.000456568	0.00356718	0.000798564
0.114931763	0.000457348	0.000649785	0.000798199
0.115000194	0.000458133	0.00292783	0.000798535
0.115068615	0.000458924	0.003046698	0.000798412
0.115137012	0.00045972	0.001910357	0.000798218
0.115205411	0.000460521	0.001984855	0.000797789
0.1152738	0.000461328	0.00165129	0.000797807
0.115342178	0.00046214	0.001977881	0.000798176
0.115410546	0.000462958	0.002100211	0.000797859
0.115478903	0.000463781	-0.000210127	0.000797642
0.11554725	0.00046461	0.001430065	0.000797755
0.115615586	0.000465444	0.001811525	0.00079785
0.115683899	0.000466283	0.000253935	0.000797732
0.115752214	0.000467127	-0.000985201	0.000797082
0.115820518	0.000467977	0.002003823	0.000797968
0.115888812	0.000468832	0.000376828	0.000797416
0.115957095	0.000469692	9.78565E-05	0.000797496
0.116025368	0.000470558	0.001392465	0.000797397
0.11609363	0.000471429	0.000637133	0.000797157
0.116161882	0.000472305	0.001664298	0.000797704
0.11623011	0.000473186	-0.000955459	0.000797492
0.116298341	0.000474072	-0.000348683	0.00079711
0.116366561	0.000474963	0.002350798	0.000797511
0.11643477	0.00047586	0.002784017	0.000797191
0.116502969	0.000476762	0.001851139	0.000797204
0.116571169	0.000477492	0.001238865	0.000797303
0.116639365	0.000477499	0.00173887	0.000797275
0.116707552	0.000477512	0.000483741	0.000797063
0.116775729	0.00047753	0.000370201	0.000797468
0.116843883	0.000477554	0.00049574	0.000797293
0.116912041	0.000477584	0.00173887	0.000797275
0.116980189	0.00047762	0.002030336	0.000797426
0.117048328	0.000477661	0.001322192	0.000797298
0.117116458	0.000477709	0.003043837	0.000796932
0.117184578	0.000477762	0.003720702	0.000797319
0.117252688	0.000477821	0.003634162	0.000797516
0.117320789	0.000477886	0.002992509	0.000797012
0.117388867	0.000477957	0.001479437	0.000797199
0.117456949	0.000478034	0.004093365	0.000797658
0.117525022	0.000478116	0.005226486	0.000797377
0.117593085	0.000478204	0.003791381	0.000797418
0.117661138	0.000478299	0.004726232	0.000797739
0.117729182	0.000478399	0.006274922	0.000797629
0.117797216	0.000478505	0.004674268	0.000797485
0.117865241	0.000478617	0.004497014	0.00079707
0.117933244	0.000478735	0.004404279	0.000797319
0.11800125	0.000478859	0.005838335	0.000797807
0.118069246	0.000478989	0.004339954	0.000797169
0.118137233	0.000479124	0.004632271	0.00079732
0.118205211	0.000479266	0.002992428	0.000797346
0.118273179	0.000479414	0.007180425	0.000797348
0.118341137	0.000479567	0.004538966	0.000797235
0.118409086	0.000479727	0.003117499	0.000797172
0.118477026	0.000479892	0.004057802	0.000797441
0.118544943	0.000480063	0.0045868	0.000797013
0.118612863	0.000480241	0.003492798	0.000796984
0.118680774	0.000480424	0.002675039	0.000797068
0.118748675	0.000480613	0.002883475	0.000797224
0.118816567	0.000480808	0.004985831	0.00079748
0.11888445	0.00048101	0.002845045	0.000796866
0.118952323	0.000481217	0.002355011	0.000796649
0.119020186	0.00048143	0.003685264	0.000797102
0.119088027	0.000481649	0.00447407	0.00079675
0.119155872	0.000481874	0.004445244	0.000796816
0.119223707	0.000482105	0.002966958	0.000796551
0.119291532	0.000482342	0.002107648	0.000797138
0.119359348	0.000482585	0.004885471	0.000797113
0.119427155	0.000482834	0.003713701	0.000796368
0.119494952	0.000483089	0.00174368	0.000796414
0.119562739	0.00048335	0.004808287	0.000797066
0.119630505	0.000483617	0.005125214	0.000796675
0.119698273	0.00048389	0.003569602	0.000796697
0.119766032	0.000484169	0.003473405	0.000796805
0.119833782	0.000484454	0.002960591	0.000796602
0.119901522	0.000484745	0.00263711	0.000796376
0.119969252	0.000485042	0.003021576	0.000795945
0.120036973	0.000485345	0.002784526	0.000796189
0.120104685	0.000485654	0.004787378	0.000796219
0.120172387	0.000485968	0.006272227	0.000796099
0.120240066	0.000486289	0.002310457	0.000796343
0.120307749	0.000486616	0.004036975	0.000795927
0.120375423	0.000486949	0.003749114	0.000796584
0.120443087	0.000487287	0.00335481	0.000796593
0.120510741	0.000487632	0.003252258	0.000796753
0.120578386	0.000487983	0.001740707	0.000796273
0.120646022	0.00048834	0.003043956	0.000796264
0.120713648	0.000488702	0.004226348	0.000796237
0.120781252	0.000489071	0.00353394	0.000795814
0.120848859	0.000489445	0.004171434	0.000795842
0.120916456	0.000489826	0.003851223	0.000796091
0.120984044	0.000490212	0.006477602	0.000796114
0.121051623	0.000490604	0.00405897	0.00079558
0.121119192	0.000491003	0.003524321	0.000795724
0.121186751	0.000491407	0.005526847	0.000795755
0.121254302	0.000491817	0.006242339	0.000795832
0.121321829	0.000492233	0.005197109	0.000795914
0.12138936	0.000492655	0.003146529	0.000795438
0.121456882	0.000493083	0.005796787	0.00079592
0.121524394	0.000493517	0.003834702	0.000795387
0.121591897	0.000493956	0.004769266	0.000795182
0.12165939	0.000494402	0.00423821	0.000795467
0.121726873	0.000494853	0.00534144	0.000795919
0.121794347	0.000495311	0.004916874	0.000795327
0.121861812	0.000495774	0.002007937	0.000795296
0.121929254	0.000496243	0.002139766	0.000794739
0.1219967	0.000496718	0.005631654	0.000795404
0.122064136	0.000497199	0.0029291	0.000795194
0.122131562	0.000497686	0.001529337	0.000794837
0.122198979	0.000498178	0.002807795	0.00079451
0.122266387	0.000498677	0.003674386	0.000795012
0.122333785	0.000499181	0.002974044	0.000794501
0.122401174	0.000499691	0.002520296	0.000794501
0.12246854	0.000500207	0.001163399	0.000794308
0.12253591	0.000500728	2.94941E-05	0.000793837
0.12260327	0.000501256	0.001084129	0.000794121
0.12267062	0.000501789	-6.73974E-05	0.000793661
0.122737961	0.000502328	-0.000531313	0.000793668
0.122805293	0.000502873	0.002891582	0.000794078
0.122872615	0.000503423	-0.00015323	0.000793904
0.122939928	0.000503979	-0.000677444	0.000793666
0.123007218	0.000504541	-0.0011816	0.000793746
0.123074512	0.000505109	0.000467008	0.000793468
0.123141796	0.000505682	-0.000148125	0.000793806
0.12320907	0.000506262	-0.002345705	0.000793862
0.123276336	0.000506847	0.000310821	0.00079366
0.123343591	0.000507437	0.00059818	0.000793528
0.123410837	0.000508033	0.000966963	0.000793958
0.123478074	0.000508635	-0.001422109	0.000793001
0.123545301	0.000509243	-0.000858123	0.00079293
0.123612506	0.000509856	0.000875644	0.00079359
0.123679714	0.000510475	-0.000762706	0.0007932
0.123746913	0.000511099	-0.00117014	0.000792843
0.123814102	0.00051173	6.86427E-05	0.000793151
0.123881282	0.000512365	0.001631096	0.000792881
0.123948452	0.000513007	0.000396284	0.000793182
0.124015612	0.000513654	-0.000832429	0.000792443
0.124082764	0.000514306	-0.000354517	0.00079285
0.124149892	0.000514964	0.00100046	0.000792568
0.124217025	0.000515628	-0.001677291	0.000792313
0.124284147	0.000516297	-0.000902867	0.000792393
0.12435126	0.000516972	0.001427901	0.000792065
0.124418364	0.000517652	0.002138672	0.000792234
0.124485458	0.000518337	0.000803471	0.000792126
0.124552543	0.000519029	-0.000801916	0.000792095
0.124619618	0.000519725	0.000833351	0.000791778
0.124686671	0.000520427	0.001079893	0.000791718
0.124753727	0.000521135	0.00044599	0.000791973
0.124820774	0.000521848	-0.00049463	0.000791574
0.124887811	0.000522567	0.001387248	0.000791902
0.124954839	0.00052329	0.000380394	0.000791826
0.125021857	0.00052402	0.000294742	0.000791362
0.125088866	0.000524754	-0.001881241	0.000791361
0.125155865	0.000525495	-0.001348452	0.000791169
0.125222855	0.00052624	0.001039431	0.000791555
0.125289822	0.000526991	-0.000308396	0.000790801
0.125356793	0.000527747	-0.000112458	0.000790772
0.125423754	0.000528508	0.000128749	0.000791278
0.125490706	0.000529275	0.001531915	0.0007912
0.125557648	0.000530047	-0.002155967	0.00079083
0.125624581	0.000530824	-0.002105731	0.000790799
0.125691504	0.000531607	-0.001814148	0.00079057
0.125758417	0.000532395	-0.000644438	0.000790261
0.125825309	0.000533188	-0.001873668	0.000790327
0.125892204	0.000533986	-0.002620523	0.000790232
0.125959089	0.00053479	-0.000448557	0.000789998
0.126025965	0.000535598	-0.00170271	0.00079008
0.126092831	0.000536412	-0.002312511	0.00078948
0.126159688	0.000537232	-0.003949777	0.000789522
0.126226535	0.000538056	-0.002222121	0.000789376
0.126293373	0.000538885	-0.001275965	0.000789813
0.126360188	0.00053972	-0.004119946	0.000789535
0.126427007	0.000540559	-0.003818803	0.000789347
0.126493816	0.000541404	-0.001090317	0.000789744
0.126560616	0.000542254	-0.003227583	0.000789165
0.126627406	0.000543109	-0.00293648	0.000788937
0.126694187	0.000543969	-0.003807877	0.000789154
0.126760958	0.000544834	-0.001754999	0.000788806
0.12682772	0.000545704	-0.002500392	0.000788711
0.126894472	0.000546579	-0.003466508	0.000788895
0.126961213	0.000546998	-0.002914977	0.000788551
0.127027967	0.000546998	0.000133378	0.000788608
0.127094722	0.000546998	-0.000633479	0.000789132
0.127161476	0.000546998	-0.003605033	0.000788563
0.127228231	0.000546998	-0.003272893	0.00078803
0.127294985	0.000546998	-0.001944467	0.000788505
0.127361739	0.000546998	-0.003134293	0.000788362
0.127428494	0.000546998	-0.003932907	0.000788163
0.127495236	0.000546998	-0.001028347	0.000788353
0.12756199	0.000546999	-0.001268196	0.000788083
0.127628744	0.000546999	-0.002564125	0.000788332
0.127695499	0.000546999	-0.002208247	0.000788018
0.127762253	0.000546999	-0.002947315	0.000787828
0.127829008	0.000546999	-0.00016708	0.000787631
0.127895762	0.000547	-0.002137089	0.000787602
0.127962517	0.000547	-0.001572938	0.000787901
0.128029258	0.000547	-0.000572513	0.000787976
0.128096013	0.000547001	-0.000367594	0.000788454
0.128162767	0.000547001	-0.00143134	0.00078707
0.128229521	0.000547001	-0.001726307	0.000787161
0.128296276	0.000547002	-0.001766491	0.000787232
0.12836303	0.000547002	0.000383465	0.000787754
0.128429785	0.000547003	-0.001026798	0.00078719
0.128496539	0.000547003	-0.00058232	0.000787703
0.128563294	0.000547003	-0.000877006	0.000787329
0.128630035	0.000547004	-0.001586074	0.000787027
0.12869679	0.000547004	-0.00366502	0.000787486
0.128763544	0.000547005	-0.00436382	0.000786624
0.128830298	0.000547005	-0.00366717	0.000786885
0.128897053	0.000547006	-0.003438677	0.000787113
0.128963807	0.000547007	-0.003116047	0.000786311
0.129030562	0.000547007	-0.0021747	0.000786744
0.129097316	0.000547008	-0.002658036	0.000786535
0.129164058	0.000547008	-0.00172322	0.000785769
0.129230812	0.000547009	-0.003704027	0.00078626
0.129297567	0.00054701	-0.004981764	0.000785854
0.129364321	0.00054701	-0.00422534	0.000785892
0.129431075	0.000547011	-0.002486937	0.000786059
0.12949783	0.000547012	-0.003901746	0.000785921
0.129564584	0.000547012	-0.004447506	0.000785568
0.129631339	0.000547013	-0.001403793	0.000785664
0.12969808	0.000547014	-0.004469571	0.000785951
0.129764835	0.000547015	-0.004526655	0.000785479
0.129831589	0.000547016	-0.004244727	0.000785811
0.129898344	0.000547016	-0.004318397	0.000785627
0.129965098	0.000547017	-0.004179539	0.000785725
0.130031852	0.000547018	-0.003027713	0.000785378
0.130098607	0.000547019	-0.003924365	0.000785474
0.130165361	0.00054702	-0.002246995	0.000785863
0.130232116	0.000547021	0.000127835	0.000785685
0.130298857	0.000547022	-0.004242227	0.000785349
0.130365612	0.000547023	-0.003743001	0.000785039
0.130432366	0.000547024	-0.004209236	0.000784776
0.130499121	0.000547025	-0.000296311	0.000785485
0.130565875	0.000547026	-0.003749659	0.000785365
0.130632629	0.000547027	-0.004245266	0.000784982
0.130699384	0.000547028	-0.000580398	0.000785153
0.130766138	0.000547029	-0.000859639	0.000785187
0.13083288	0.00054703	-0.003082996	0.000785505
0.130899634	0.000547031	-0.002218451	0.000784784
0.130966389	0.000547032	-0.00081169	0.000785019
0.131033143	0.000547033	0.000445067	0.00078521
0.131099898	0.000547034	-2.68118E-05	0.000785457
0.131166652	0.000547036	0.000567502	0.000784996
0.131233406	0.000547037	-9.58289E-05	0.000784852
0.131300161	0.000547038	0.000901736	0.000784835
0.131366903	0.000547039	-0.001309336	0.000784774
0.131433657	0.00054704	-0.00024297	0.000784851
0.131500411	0.000547042	0.000784545	0.000785092
0.131567166	0.000547043	0.001238629	0.00078495
0.13163392	0.000547044	0.000729719	0.000784618
0.131700675	0.000547046	0.000849442	0.000784636
0.131767429	0.000547047	0.001485234	0.000784289
0.131834184	0.000547048	-0.000830067	0.000784338
0.131900938	0.00054705	-7.69609E-05	0.000783734
0.13196768	0.000547051	-0.000816093	0.000783685
0.132034434	0.000547053	-0.000110003	0.000784215
0.132101188	0.000547054	-0.000647798	0.000784133
0.132167943	0.000547055	-6.71179E-05	0.00078382
0.132234697	0.000547057	-0.000394133	0.000784299
0.132301452	0.000547058	0.001362906	0.000783995
0.132368206	0.00054706	-0.001370972	0.000783706
0.132434961	0.000547061	-0.00309906	0.000783719
0.132501702	0.000547063	-0.003343187	0.000783366
0.132568457	0.000547065	-0.000138816	0.00078345
0.132635211	0.000547066	-0.002145114	0.000783864
0.132701965	0.000547068	-0.001953141	0.000783745
0.13276872	0.000547069	-0.002963127	0.00078336
0.132835474	0.000547071	0.002634248	0.000783809
0.132902229	0.000547073	-0.002995226	0.000783334
0.132968983	0.000547074	-0.002417213	0.000783527
0.133035725	0.000547076	-0.003828068	0.000783482
0.133102479	0.000547078	-0.000101555	0.000783519
0.133169234	0.00054708	-0.000914814	0.000783332
0.133235988	0.000547081	-0.003132336	0.000783419
0.133302742	0.000547083	0.000160326	0.000782989
0.133369497	0.000547085	0.001549284	0.000783327
0.133436251	0.000547087	0.00034667	0.000783334
0.133503006	0.000547089	-0.002681907	0.000782727
0.13356976	0.00054709	-0.001951246	0.000783238
0.133636502	0.000547092	0.001631435	0.000783276
0.133703256	0.000547094	-0.000110699	0.000782927
0.133770011	0.000547096	-0.002754551	0.000782864
0.133836765	0.000547098	0.00218486	0.000783487
0.133903519	0.0005471	0.001302788	0.000783479
0.133970274	0.000547102	0.00046905	0.000782614
0.134037028	0.000547104	0.000421549	0.000782965
0.134103783	0.000547106	0.002283442	0.000782827
0.134170524	0.000547108	0.003068812	0.000784002
0.134237279	0.00054711	0.001400064	0.000783557
0.134304033	0.000547112	0.001918203	0.000783467
0.134370788	0.000547114	0.0027122	0.000782977
0.134437542	0.000547116	0.003923152	0.00078352
0.134504296	0.000547118	0.002472924	0.00078294
0.134571051	0.00054712	0.002037771	0.000783486
0.134637805	0.000547122	0.003938612	0.000783649
0.134704547	0.000547125	0.004284134	0.000783344
0.134771301	0.000547127	0.003065608	0.000783727
0.134838056	0.000547129	0.002961631	0.000783099
0.13490481	0.000547131	0.004066684	0.000783247
0.134971565	0.000547133	0.004285668	0.000783112
0.135038319	0.000547136	0.002106979	0.000783074
0.135105074	0.000547138	0.000921737	0.000782473
0.135171828	0.00054714	0.003674829	0.000783166
0.135238582	0.000547143	0.005290016	0.000782907
0.135305324	0.000547145	0.002413159	0.000782931
0.135372078	0.000547147	0.001324707	0.000782407
0.135438833	0.00054715	0.003004315	0.000783211
0.135505587	0.000547152	0.002657493	0.000783011
0.135572342	0.000547154	-0.000403269	0.000782419
0.135639096	0.000547157	9.89885E-05	0.0007822
0.135705851	0.000547159	0.002805131	0.000782275
0.135772605	0.000547162	0.002320944	0.000782896
0.135839347	0.000547164	0.001269942	0.000782441
0.135906101	0.000547167	0.001563918	0.000782949
0.135972855	0.000547169	0.002671501	0.000782634
0.13603961	0.000547172	0.001869437	0.000782301
0.136106364	0.000547174	0.000775047	0.000782471
0.136173119	0.000547177	-7.64723E-06	0.000782037
0.136239873	0.000547179	0.002598578	0.000782265
0.136306628	0.000547182	0.002063807	0.000782457
0.136373369	0.000547185	0.000357613	0.000781903
0.136440124	0.000547187	-1.96633E-05	0.000781677
0.136506878	0.00054719	0.001732637	0.000782385
0.136573632	0.000547193	0.00128734	0.000782339
0.136640387	0.000547195	-0.000292269	0.000781342
0.136707141	0.000547198	-0.000515738	0.000781434
0.136773896	0.000547201	0.0026126	0.000781888
0.13684065	0.000547204	0.002796863	0.000781958
0.136907405	0.000547206	0.000971521	0.000781891
0.136974146	0.000547209	0.002756269	0.000781616
0.137040901	0.000547212	0.003684851	0.000781779
0.137107655	0.000547215	0.003631881	0.000781581
0.137174409	0.000547218	0.001858791	0.000781711
0.137241164	0.000547221	0.002751193	0.000781573
0.137307918	0.000547223	0.002903068	0.000781617
0.137374673	0.000547226	0.00387096	0.000781618
0.137441427	0.000547229	0.003777072	0.000781814
0.137508169	0.000547232	0.00387096	0.000781618
0.137574923	0.000547235	0.004641702	0.000781925
0.137641678	0.000547238	0.002713798	0.000781505
0.137708432	0.000547241	0.001610057	0.000781589
0.137775186	0.000547244	0.004649562	0.000781506
0.137841941	0.000547247	0.006788586	0.000781707
0.137908695	0.00054725	0.003572166	0.000781572
0.13797545	0.000547253	0.003732505	0.000781198
0.138042191	0.000547256	0.004944725	0.000781278
0.138108946	0.00054726	0.004406697	0.000781196
0.1381757	0.000547263	0.000877112	0.000781079
0.138242455	0.000547266	0.004196441	0.000780912
0.138309209	0.000547269	0.004308566	0.000780385
