Wave-Number (cm-1)	u(Wave-Number) (cm-1)	Absorbance	u(Absorbance)
0.040320413	6.20221E-05	-0.002982534	0.0008556
0.040384721	6.21162E-05	-0.001189794	0.000855103
0.040449027	6.22103E-05	-0.001249349	0.000856019
0.040513335	6.23044E-05	-0.002163041	0.000855047
0.04057764	6.23985E-05	-0.001885246	0.000855517
0.040641949	6.24926E-05	-0.001061663	0.000855071
0.040706254	6.25867E-05	-0.003244511	0.000854683
0.040770562	6.26808E-05	-0.002110214	0.000855559
0.040834867	6.2775E-05	-0.001272562	0.000854666
0.040899176	6.28691E-05	-0.002465688	0.000854759
0.040963481	6.29632E-05	-0.003101511	0.000854205
0.041027789	6.30574E-05	-0.001447387	0.000854347
0.041092095	6.31516E-05	-0.003550577	0.00085429
0.041156403	6.32457E-05	-0.001854436	0.000854675
0.041220708	6.33399E-05	-0.002614721	0.000854259
0.041285017	6.34341E-05	-0.002402889	0.000853898
0.041349322	6.35283E-05	-0.002606402	0.000853654
0.04141363	6.36225E-05	-0.00286457	0.000854482
0.041477936	6.37167E-05	-0.002581199	0.000853474
0.041542244	6.38109E-05	-0.002738474	0.000853579
0.041606549	6.39051E-05	-0.002291857	0.000853442
0.041670858	6.39993E-05	-0.000552764	0.000853308
0.041735163	6.40935E-05	-0.001544974	0.000853539
0.041799471	6.41878E-05	-0.000458476	0.000853245
0.04186378	6.4282E-05	-0.001467972	0.000853052
0.041928085	6.43763E-05	-0.002512038	0.00085359
0.041992393	6.44705E-05	-0.002916559	0.000853155
0.042056699	6.45648E-05	-0.001568833	0.000852956
0.042121007	6.4659E-05	-0.003768751	0.000852804
0.042185312	6.47533E-05	-0.00238001	0.000852849
0.04224962	6.48476E-05	-0.002486856	0.00085341
0.042313926	6.49419E-05	-0.001158138	0.000852735
0.042378234	6.50362E-05	-0.001892312	0.00085214
0.042442539	6.51305E-05	-0.002629403	0.000852255
0.042506848	6.52248E-05	-0.003054689	0.000852922
0.042571153	6.53191E-05	-0.003914593	0.000852359
0.042635461	6.54134E-05	-0.003481789	0.00085272
0.042699767	6.55077E-05	-0.00229033	0.000851865
0.042764075	6.56021E-05	-0.002863569	0.00085122
0.04282838	6.56964E-05	-0.003196839	0.000852582
0.042892689	6.57908E-05	-0.001421491	0.000851824
0.042956994	6.58851E-05	-0.002206346	0.000852351
0.043021302	6.59795E-05	-0.004892305	0.000851175
0.043085608	6.60738E-05	-0.003033194	0.000851821
0.043149916	6.61682E-05	-0.00320453	0.000851557
0.043214221	6.62626E-05	-0.002790443	0.000851441
0.04327853	6.63569E-05	-0.002633566	0.000851336
0.043342835	6.64513E-05	-0.002890781	0.000851346
0.043407143	6.65457E-05	-0.002738241	0.000851949
0.043471452	6.66401E-05	-0.001646456	0.000851053
0.043535757	6.67345E-05	-0.001004199	0.000851002
0.043600065	6.68289E-05	-0.002259259	0.000851031
0.04366437	6.69233E-05	-0.002436922	0.000851421
0.043728679	6.70178E-05	-0.000402058	0.000850761
0.043792984	6.71122E-05	-0.001203188	0.000850864
0.043857292	6.72066E-05	-0.004239593	0.000850574
0.043921598	6.73011E-05	-0.00313259	0.000850102
0.043985906	6.73955E-05	-0.001630215	0.000850663
0.044050211	6.749E-05	-0.002491549	0.000850051
0.04411452	6.75844E-05	-0.002719112	0.000849987
0.044178825	6.76789E-05	-0.003431662	0.000850681
0.044243133	6.77733E-05	-0.003447919	0.00085026
0.044307439	6.78678E-05	-0.002232515	0.000850093
0.044371747	6.79623E-05	-0.002278609	0.000849746
0.044436052	6.80568E-05	-0.000679073	0.000849539
0.044500361	6.81513E-05	-0.002266024	0.000850062
0.044564666	6.82458E-05	-0.002608446	0.000849535
0.044628974	6.83403E-05	-0.002358042	0.000849367
0.04469328	6.84348E-05	-0.001716437	0.000850126
0.044757588	6.85293E-05	-0.002141181	0.000849168
0.044821893	6.86238E-05	-0.002174132	0.000849946
0.044886202	6.87183E-05	-0.002917374	0.00084985
0.044950507	6.88128E-05	-0.001672002	0.000848854
0.045014815	6.89074E-05	-0.004684391	0.000848986
0.045079124	6.90019E-05	-0.00352594	0.000849071
0.045143429	6.90965E-05	-0.003882315	0.000848987
0.045207737	6.9191E-05	-0.001752905	0.000849232
0.045272042	6.92856E-05	-0.003344317	0.000848788
0.045336351	6.93801E-05	-0.002214309	0.000848948
0.045400656	6.94747E-05	-0.001563107	0.000849159
0.045464964	6.95693E-05	-0.004664887	0.000849511
0.04552927	6.96638E-05	-0.002920965	0.000848129
0.045593578	6.97584E-05	-0.003667257	0.000848735
0.045657883	6.9853E-05	-0.003348386	0.000848683
0.045722192	6.99476E-05	-0.001939217	0.000848602
0.045786497	7.00422E-05	-0.005069178	0.000848115
0.045850805	7.01368E-05	-0.000995153	0.000848133
0.045915111	7.02314E-05	-0.001609446	0.000848813
0.045979419	7.0326E-05	-0.002131088	0.000848623
0.046043724	7.04206E-05	-0.000921721	0.000848353
0.046108033	7.05153E-05	-0.002398016	0.000848371
0.046172338	7.06099E-05	-0.000825737	0.000848343
0.046236646	7.07045E-05	-0.000838947	0.000848028
0.046300952	7.07991E-05	-0.00337084	0.000848107
0.04636526	7.08938E-05	-0.001576953	0.000848037
0.046429565	7.09884E-05	-0.000698172	0.000847558
0.046493874	7.10831E-05	-0.001454218	0.000847901
0.046558179	7.11777E-05	-0.001994388	0.000847241
0.046622487	7.12724E-05	-0.002752153	0.000847532
0.046686796	7.13671E-05	-0.002937434	0.00084771
0.046751101	7.14617E-05	-0.000390505	0.000847245
0.046815409	7.15564E-05	-0.001215244	0.000847473
0.046879714	7.16511E-05	-0.002091794	0.000848004
0.046944023	7.17458E-05	-0.001217362	0.00084742
0.047008328	7.18405E-05	-0.000484326	0.000848061
0.047072636	7.19352E-05	-0.000809472	0.000847202
0.047136942	7.20299E-05	-0.000673627	0.00084738
0.04720125	7.21246E-05	-0.000731503	0.00084715
0.047265555	7.22193E-05	0.000783085	0.000847484
0.047329864	7.2314E-05	0.000438044	0.000846961
0.047394169	7.24087E-05	0.001130196	0.000847414
0.047458477	7.25034E-05	0.001079226	0.000847448
0.047522783	7.25982E-05	-0.001071634	0.00084684
0.047587091	7.26929E-05	0.000528115	0.000846954
0.047651396	7.27876E-05	-0.000451263	0.000846963
0.047715705	7.28824E-05	0.00118042	0.000846681
0.04778001	7.29771E-05	0.000551575	0.000846831
0.047844318	7.30719E-05	-0.000495848	0.000846617
0.047908624	7.31666E-05	-0.00095969	0.000846604
0.047972932	7.32614E-05	-1.82875E-05	0.000846674
0.048037237	7.33561E-05	-0.00141639	0.000847016
0.048101545	7.34509E-05	-0.000937744	0.000846375
0.048165851	7.35457E-05	0.000291111	0.000846682
0.048230159	7.36404E-05	-0.001445368	0.000846821
0.048294467	7.37352E-05	-0.000799709	0.000846927
0.048358773	7.383E-05	-5.54922E-05	0.000846752
0.048423081	7.39248E-05	0.001274704	0.000846887
0.048487386	7.40196E-05	0.000639962	0.000847418
0.048551695	7.41144E-05	-0.000625016	0.000846595
0.048616	7.42092E-05	-0.000832369	0.000846519
0.048680308	7.4304E-05	0.001048539	0.000845856
0.048744614	7.43988E-05	0.000520219	0.00084653
0.048808922	7.44936E-05	0.000627999	0.00084678
0.048873227	7.45884E-05	0.000191227	0.000846857
0.048937536	7.46833E-05	0.001095864	0.000846307
0.049001841	7.47781E-05	0.000849059	0.000846203
0.049066149	7.48729E-05	0.000614286	0.000846736
0.049130455	7.49678E-05	0.001940821	0.000846658
0.049194763	7.50626E-05	0.000576925	0.000846116
0.049259068	7.51575E-05	0.000169765	0.000846388
0.049323377	7.52523E-05	0.001046486	0.00084575
0.049387682	7.53472E-05	0.000565257	0.000846178
0.04945199	7.5442E-05	0.000371398	0.000846146
0.049516295	7.55369E-05	0.001072491	0.00084643
0.049580604	7.56317E-05	0.000116913	0.000846315
0.049644909	7.57266E-05	0.00208992	0.000845753
0.049709217	7.58215E-05	0.001168152	0.000846044
0.049773523	7.59164E-05	0.002796781	0.000845658
0.049837831	7.60112E-05	0.00089391	0.000845851
0.049902139	7.61061E-05	0.001492416	0.000845507
0.049966445	7.6201E-05	0.000923344	0.000846046
0.050030753	7.62959E-05	0.001745619	0.000845928
0.050095058	7.63908E-05	-0.000113223	0.000844969
0.050159367	7.64857E-05	0.002565724	0.000845704
0.050223672	7.65806E-05	0.000774446	0.000845663
0.05028798	7.66755E-05	-0.001304668	0.000845976
0.050352286	7.67704E-05	0.001075954	0.000845945
0.050416594	7.68653E-05	0.000383201	0.000845388
0.050480899	7.69603E-05	0.002210489	0.000845351
0.050545208	7.70552E-05	0.001253996	0.000845826
0.050609513	7.71501E-05	0.001332369	0.000845881
0.050673821	7.72451E-05	0.000418401	0.000845204
0.050738127	7.734E-05	0.002016567	0.000845319
0.050802435	7.74349E-05	0.001654465	0.000845238
0.05086674	7.75299E-05	0.001454402	0.000844889
0.050931049	7.76248E-05	0.000942744	0.000845712
0.050995354	7.77198E-05	0.001377012	0.00084553
0.051059662	7.78147E-05	0.000336235	0.000844937
0.051123967	7.79097E-05	3.92204E-05	0.000844867
0.051188276	7.80046E-05	0.001022512	0.000845176
0.051252581	7.80996E-05	0.001841812	0.000844953
0.051316889	7.81946E-05	0.001827994	0.000844908
0.051381195	7.82895E-05	0.001334909	0.000844701
0.051445503	7.83845E-05	0.001466092	0.000844828
0.051509811	7.84795E-05	0.001436466	0.000844633
0.05157412	7.85745E-05	0.001033715	0.00084442
0.051638422	7.86695E-05	0.000299172	0.000845015
0.05170273	7.87645E-05	0.00295627	0.000845284
0.051767039	7.88595E-05	0.001765612	0.000845003
0.051831347	7.89545E-05	0.001557073	0.000845517
0.051895649	7.90495E-05	0.002257571	0.000844516
0.051959966	7.98448E-05	0.002033347	0.000844879
0.052024293	7.98528E-05	0.003981027	0.000844442
0.052088629	7.98671E-05	0.002379436	0.000844809
0.052152966	7.98875E-05	0.002905764	0.000844139
0.052217319	7.99142E-05	0.003164089	0.000844181
0.05228168	7.99472E-05	0.002656565	0.000844518
0.05234605	7.99864E-05	0.000332381	0.000844031
0.052410423	8.00319E-05	0.001575106	0.000844488
0.05247481	8.00837E-05	0.001868079	0.000844346
0.052539205	8.01418E-05	0.001515976	0.000844099
0.05260361	8.02062E-05	0.001921916	0.00084383
0.052668016	8.02769E-05	0.002587826	0.000843708
0.052732438	8.0354E-05	0.000740389	0.000843867
0.052796868	8.04374E-05	0.003131744	0.000843881
0.052861307	8.05271E-05	0.001332053	0.000843901
0.052925748	8.06232E-05	0.00297504	0.000843772
0.052990204	8.07256E-05	0.000629136	0.000844101
0.053054668	8.08343E-05	0.003318534	0.000844186
0.053119141	8.09494E-05	0.00186383	0.000844135
0.053183623	8.10708E-05	0.001661791	0.000843682
0.053248107	8.11985E-05	0.003083439	0.000843433
0.053312606	8.13325E-05	0.000578225	0.000843441
0.053377113	8.14728E-05	0.002666566	0.000843175
0.053441629	8.16194E-05	0.002097256	0.000843606
0.053506148	8.17723E-05	0.001551961	0.000843328
0.053570681	8.19315E-05	0.000769079	0.000842675
0.053635223	8.20969E-05	0.0012552	0.000843258
0.053699773	8.22685E-05	-0.000764801	0.000842948
0.053764326	8.24464E-05	0.000463042	0.000842772
0.053828894	8.26305E-05	0.003104119	0.000842618
0.05389347	8.28208E-05	0.000862411	0.000842188
0.053958055	8.30172E-05	-0.000121438	0.000842362
0.054022643	8.32198E-05	5.97182E-05	0.000842454
0.054087245	8.34285E-05	0.001234606	0.000842207
0.054151855	8.36433E-05	0.002676166	0.000842422
0.054216475	8.38641E-05	0.000203834	0.000842624
0.054281096	8.4091E-05	0.001435052	0.000841967
0.054345733	8.4324E-05	0.000153186	0.000842658
0.054410378	8.45629E-05	0.003115668	0.000842557
0.054475032	8.48078E-05	0.000661816	0.000842427
0.054539688	8.50586E-05	0.001669226	0.000842131
0.054604359	8.53153E-05	0.003143228	0.000842059
0.054669038	8.55779E-05	0.000494226	0.000842379
0.054733726	8.58463E-05	0.000640199	0.000841963
0.054798423	8.61206E-05	0.001536314	0.0008419
0.054863122	8.64006E-05	0.001550064	0.000841944
0.054927836	8.66863E-05	0.001086164	0.000841827
0.054992558	8.69778E-05	0.001458253	0.000841846
0.05505729	8.72749E-05	0.001672328	0.000841651
0.055122023	8.75777E-05	0.001425412	0.000842293
0.055186771	8.7886E-05	0.000601708	0.000841617
0.055251528	8.81999E-05	-0.000918445	0.000841616
0.055316294	8.85194E-05	-0.000448408	0.000841941
0.055381062	8.88443E-05	0.000335106	0.000841528
0.055445844	8.91746E-05	0.002402369	0.000841912
0.055510636	8.95104E-05	5.89802E-05	0.000841393
0.055575436	8.98515E-05	0.001606986	0.000841375
0.055640238	9.01979E-05	0.002246312	0.000841909
0.055705055	9.05497E-05	-3.57032E-05	0.000841084
0.055769881	9.09067E-05	9.42536E-05	0.000841263
0.055834715	9.12688E-05	0.000529551	0.000841718
0.055899552	9.16362E-05	0.000668696	0.000841042
0.055964403	9.20086E-05	-1.31622E-05	0.000840593
0.056029263	9.23862E-05	0.000571047	0.000841319
0.056094132	9.27688E-05	0.000612463	0.00084092
0.056159003	9.31563E-05	0.001431675	0.000841279
0.056223889	9.35489E-05	-0.000303509	0.000840838
0.056288784	9.39464E-05	-0.000433323	0.000840659
0.056353687	9.43487E-05	-0.000359552	0.000840716
0.056418599	9.47559E-05	0.000569772	0.00083952
0.056483513	9.51678E-05	-0.000232922	0.000840579
0.056548442	9.55845E-05	-0.000806073	0.000839901
0.056613379	9.60059E-05	-0.000868682	0.000840049
0.056678325	9.6432E-05	-0.00092457	0.000839927
0.056743274	9.68626E-05	-0.002562111	0.000839481
0.056808237	9.72979E-05	-0.001832763	0.00083942
0.056873209	9.77377E-05	-0.001887237	0.000839456
0.05693819	9.8182E-05	-0.001956986	0.000839871
0.057003172	9.86308E-05	-0.001998548	0.000839214
0.05706817	9.90839E-05	-0.002090944	0.000839064
0.057133177	9.95415E-05	-0.000984735	0.000839334
0.057198191	0.000100003	-0.003568289	0.000838937
0.057263209	0.00010047	-0.002657642	0.00083886
0.057328241	0.00010094	-0.003434021	0.000838533
0.057393282	0.000101415	-0.002975898	0.000838965
0.057458331	0.000101894	-0.002793698	0.00083895
0.057523383	0.000102376	-0.001763052	0.000839005
0.057588449	0.000102864	-0.002850222	0.000838672
0.057653524	0.000103355	-0.002995755	0.000838716
0.057718608	0.00010385	-0.002402099	0.000838902
0.057783694	0.000104349	-0.003890819	0.000838257
0.057848795	0.000104852	-0.00261806	0.000837993
0.057913905	0.000105359	-0.003745399	0.000838214
0.057979023	0.00010587	0.00016436	0.000838311
0.05804415	0.000106385	-0.004116987	0.000838512
0.058109279	0.000106903	-0.002135888	0.000837937
0.058174423	0.000107425	-0.003354374	0.000838165
0.058239575	0.000107951	-0.002519931	0.000837718
0.058304736	0.000108481	-0.003917197	0.000838432
0.0583699	0.000109014	-0.001862876	0.000837914
0.058435078	0.000109551	-0.003238149	0.000837826
0.058500265	0.000110091	-0.003576536	0.000837525
0.058565461	0.000110635	-0.002154838	0.000837845
0.058630659	0.000111183	-0.001161852	0.000837872
0.058695871	0.000111734	-0.002623564	0.00083721
0.058761093	0.000112288	-0.00184393	0.000838007
0.058826323	0.000112846	-0.00275939	0.0008373
0.058891555	0.000113408	-0.002769875	0.000837097
0.058956802	0.000113972	-0.001092635	0.000837458
0.059022058	0.00011454	-0.002322561	0.000837326
0.059087322	0.000115111	-0.001710611	0.000837604
0.059152589	0.000115686	-0.001815986	0.000836939
0.059217871	0.000116263	0.000475804	0.000837579
0.059283161	0.000116844	0.000576548	0.000837618
0.059348459	0.000117428	-0.003074708	0.000836356
0.059413761	0.000118015	-0.001878608	0.000837085
0.059479077	0.000118606	-0.002236282	0.000836693
0.059544401	0.000119199	-0.001345129	0.000836681
0.059609734	0.000119795	-0.003173914	0.000836474
0.059675076	0.000120395	5.87493E-05	0.000836909
0.05974042	0.000120997	-0.000825311	0.00083681
0.059805779	0.000121602	0.000688912	0.000836231
0.059871147	0.000122211	-0.002632354	0.00083596
0.059936523	0.000122822	-0.001882238	0.000836616
0.060001901	0.000123436	3.47324E-05	0.000836348
0.060067295	0.000124053	-0.000644916	0.000836638
0.060132697	0.000124673	-0.0010861	0.000836144
0.060198107	0.000125295	-0.000238024	0.00083637
0.06026352	0.00012592	-0.00119862	0.000835747
0.060328948	0.000126548	-0.004092701	0.000836192
0.060394384	0.000127179	0.000748273	0.000836664
0.060459829	0.000127813	-0.002459063	0.000836055
0.060525277	0.000128449	-0.001105097	0.000836052
0.060590739	0.000129088	-0.001740342	0.000835059
0.06065621	0.000129729	-0.002182025	0.000835455
0.060721689	0.000130373	-0.001880228	0.000835726
0.060787171	0.00013102	-0.003008846	0.000835321
0.060852667	0.000131669	0.000691557	0.000835653
0.060918172	0.000132321	-0.002053577	0.000835631
0.060983686	0.000132975	-0.002401099	0.000835286
0.061049202	0.000133632	-0.002064163	0.000835429
0.061114733	0.000134291	-0.000631059	0.000835217
0.061180273	0.000134953	-0.002763945	0.000835316
0.061245821	0.000135617	-0.001526597	0.00083565
0.061311378	0.000136284	-0.002761753	0.000835628
0.061376937	0.000136953	-0.002428223	0.000835304
0.061442511	0.000137624	-0.002464761	0.000835276
0.061508094	0.000138298	-0.001970947	0.000835733
0.061573685	0.000138974	-0.001512857	0.000835118
0.061639278	0.000139652	-0.002795292	0.000834711
0.061704887	0.000140333	-0.001575202	0.000835264
0.061770504	0.000141016	-0.000998324	0.00083478
0.061836129	0.000141701	-0.001627623	0.000834412
0.061901757	0.000142388	-0.002357499	0.000835049
0.0619674	0.000143078	5.3862E-05	0.000834662
0.062033051	0.00014377	-0.001042949	0.000834861
0.062098711	0.000144464	-0.002141988	0.00083475
0.062164374	0.00014516	-0.00167666	0.00083507
0.062230051	0.000145858	-0.001342227	0.000834902
0.062295738	0.000147672	0.001378702	0.000834522
0.062361436	0.000147676	-0.000186481	0.000834246
0.06242713	0.000147684	-0.001734649	0.000834639
0.062492832	0.000147698	-0.00193476	0.000834562
0.062558537	0.000147717	-0.001547692	0.000834203
0.062624244	0.000147741	-0.000910461	0.000834461
0.062689946	0.00014777	-0.001155414	0.000834466
0.062755658	0.000147805	0.000299047	0.000834657
0.062821371	0.000147845	-0.001963132	0.000834424
0.062887087	0.000147889	-0.000673509	0.000834566
0.062952805	0.00014794	-0.000148258	0.000834429
0.063018519	0.000147995	-0.001022944	0.000834066
0.063084242	0.000148056	-0.001508241	0.000833501
0.063149967	0.000148122	-0.001099057	0.000833856
0.063215694	0.000148193	-0.000516447	0.000834098
0.063281417	0.000148269	-0.001047759	0.000834031
0.063347148	0.000148351	0.001563394	0.000834139
0.063412882	0.000148438	0.000788467	0.000833866
0.063478618	0.00014853	-0.000155571	0.000833861
0.06354435	0.000148628	-0.000395542	0.000833914
0.063610091	0.000148731	0.002543596	0.000833653
0.063675833	0.000148839	-0.001705355	0.000833371
0.063741578	0.000148953	0.001287186	0.000833799
0.063807319	0.000149072	-0.001082549	0.000833637
0.063873069	0.000149196	-3.8733E-05	0.000833732
0.063938821	0.000149326	-0.002013477	0.000834041
0.064004575	0.000149461	-6.59613E-05	0.00083323
0.064070324	0.000149601	0.000602943	0.000833467
0.064136083	0.000149747	0.000201249	0.000833679
0.064201844	0.000149898	-0.000330146	0.000833611
0.064267607	0.000150054	0.000925132	0.000833464
0.064333365	0.000150215	0.000498255	0.000833432
0.064399133	0.000150382	0.00026643	0.000833376
0.064464902	0.000150555	-0.001576135	0.000833078
0.064530674	0.000150732	-2.66071E-05	0.000833568
0.064596449	0.000150915	-0.000436918	0.000833317
0.064662219	0.000151104	0.000893262	0.000833016
0.064727997	0.000151297	-0.000486431	0.00083283
0.064793778	0.000151496	0.00127775	0.000833337
0.064859561	0.0001517	-2.49549E-05	0.000833255
0.06492534	0.00015191	0.002207262	0.000833248
0.064991128	0.000152125	0.001334583	0.000833143
0.065056918	0.000152345	-0.000132997	0.000833846
0.06512271	0.00015257	0.002653762	0.000833007
0.065188498	0.000152801	0.001535146	0.000833636
0.065254295	0.000153037	0.001655675	0.000833453
0.065320093	0.000153278	0.000198819	0.00083342
0.065385894	0.000153524	0.003043122	0.000833273
0.065451691	0.000153776	0.002971675	0.000833372
0.065517497	0.000154033	0.001698907	0.000832852
0.065583305	0.000154295	0.002083724	0.000833172
0.065649115	0.000154562	0.001122493	0.000832814
0.065714921	0.000154835	0.003092048	0.000833189
0.065780735	0.000155112	0.001503057	0.000833189
0.065846552	0.000155395	0.001553107	0.000832792
0.065912371	0.000155683	0.002545072	0.000833026
0.065978186	0.000155976	0.004806445	0.000833265
0.066044009	0.000156275	0.003298105	0.000833314
0.066109835	0.000156578	0.00178793	0.000833106
0.066175663	0.000156887	0.002971675	0.000833372
0.066241493	0.0001572	0.002308916	0.000833025
0.06630732	0.000157519	0.003238544	0.000832936
0.066373154	0.000157843	0.001908441	0.000832923
0.066438991	0.000158172	0.003617438	0.00083274
0.06650483	0.000158506	0.00329084	0.00083311
0.066570665	0.000158844	0.002620325	0.000832873
0.066636509	0.000159188	0.00211794	0.000832994
0.066702355	0.000159537	0.003512522	0.000832705
0.066768203	0.000159891	0.001936667	0.000832228
0.066834047	0.00016025	0.002145204	0.000832611
0.0668999	0.000160613	0.001196679	0.000832973
0.066965755	0.000160982	0.002624869	0.000832505
0.067031612	0.000161355	0.00415731	0.000832699
0.067097465	0.000161734	0.002617134	0.000832614
0.067163327	0.000162117	0.004562374	0.000832747
0.06722919	0.000162505	0.003748629	0.000832706
0.067295057	0.000162898	0.003246266	0.000832827
0.067360919	0.000163295	0.003700409	0.000832165
0.067426789	0.000163698	0.002808769	0.000832333
0.067492662	0.000164105	0.001776225	0.000832074
0.067558537	0.000164517	0.002588277	0.000832113
0.067624408	0.000164934	0.002419166	0.00083238
0.067690288	0.000165355	0.002270254	0.000832062
0.067756169	0.000165781	0.003344697	0.000832034
0.067822053	0.000166212	0.003813013	0.000831779
0.06788794	0.000166647	0.003853985	0.000832117
0.067953822	0.000167087	0.003846687	0.000831913
0.068019713	0.000167531	0.004611011	0.00083235
0.068085606	0.00016798	0.003201661	0.000832544
0.068151501	0.000168434	0.002457899	0.000831835
0.068217392	0.000168892	0.00131281	0.000831962
0.068283292	0.000169354	0.001321872	0.000831541
0.068349194	0.000169822	0.001833974	0.000831569
0.068415098	0.000170293	0.003332901	0.00083251
0.068480998	0.000170769	0.004262469	0.000831485
0.068546907	0.000171249	0.004273675	0.000831946
0.068612818	0.000171734	0.003461266	0.000831594
0.068678731	0.000172223	0.003614762	0.000831545
0.06874464	0.000172717	0.004213827	0.000831569
0.068810558	0.000173215	0.002768761	0.000831683
0.068876478	0.000173717	0.00346885	0.000831485
0.0689424	0.000174223	0.001039995	0.000831
0.069008318	0.000174734	0.002986473	0.000831333
0.069074245	0.000175249	0.002634579	0.00083146
0.069140174	0.000175768	0.003109788	0.000831408
0.069206105	0.000176291	0.003540094	0.000831386
0.069272032	0.000176819	0.003386984	0.000831123
0.069337967	0.00017735	0.004086557	0.000831237
0.069403905	0.000177886	0.003922134	0.000830825
0.069469845	0.000178426	0.001914045	0.00083105
0.069535788	0.00017897	0.002542169	0.00083095
0.069601726	0.000179518	0.003248824	0.000830954
0.069667673	0.00018007	0.003495459	0.000831104
0.069733622	0.000180626	0.002583303	0.000830975
0.069799573	0.000181185	0.003835872	0.000831141
0.06986552	0.000181749	0.003226378	0.000830969
0.069931476	0.000182317	0.00095405	0.000830125
0.069997434	0.000182889	0.001109858	0.000830333
0.070063394	0.000183465	0.002984213	0.000830453
0.070129351	0.000184044	0.002613439	0.000830851
0.070195315	0.000184628	0.002660341	0.000829889
0.070261282	0.000185215	0.003242062	0.00083044
0.070327252	0.000185806	0.003380552	0.000830298
0.070393217	0.0001864	0.002999013	0.000830547
0.070459191	0.000186999	0.002872487	0.000830216
0.070525167	0.000187601	0.004187827	0.000830392
0.070591145	0.000188207	0.001685622	0.00083006
0.070657119	0.000188817	0.002548807	0.000829651
0.070723102	0.00018943	0.001179742	0.000829668
0.070789087	0.000190047	-5.94396E-05	0.000829962
0.070855074	0.000190668	0.001701308	0.000829843
0.070921057	0.000191292	0.00220247	0.000829413
0.070987049	0.00019192	0.001793946	0.000830041
0.071053042	0.000192551	0.002157619	0.000829442
0.071119039	0.000193186	0.003067363	0.000829882
0.071185037	0.000193825	0.002683379	0.000829564
0.071251031	0.000194467	0.001681066	0.000829392
0.071317034	0.000195112	0.002224048	0.000829295
0.071383039	0.000195761	0.001343238	0.000829767
0.071449047	0.000196413	0.003368058	0.000829685
0.07151505	0.000197069	0.003089067	0.000829661
0.071581062	0.000197728	0.003016156	0.000829915
0.071647076	0.00019839	0.002075539	0.000829599
0.071713092	0.000199056	0.003299481	0.000829265
0.071779105	0.000199725	0.000627874	0.000828997
0.071845125	0.000200398	0.00223608	0.000829236
0.071911149	0.000201074	0.001561181	0.0008288
0.071977174	0.000201753	0.00188871	0.000828689
0.072043195	0.000202435	0.000979542	0.000828768
0.072109225	0.00020312	0.002002175	0.000828667
0.072175257	0.000203809	0.002484909	0.000828867
0.072241291	0.000204501	0.003357832	0.000828865
0.072307321	0.000205196	0.00337107	0.000828908
0.07237336	0.000205894	0.002336552	0.00082917
0.072439401	0.000206596	0.002949932	0.000828616
0.072505444	0.0002073	0.002929765	0.000829041
0.072571484	0.000208008	0.001945371	0.000828086
0.072637531	0.000208719	0.003531027	0.000828546
0.072703582	0.00020978	0.003466384	0.000828434
0.072769628	0.000209786	0.002750309	0.000828849
0.07283567	0.000209797	0.002777763	0.000827955
0.0729017	0.000209813	0.001125258	0.000828158
0.072967732	0.000209833	0.003094325	0.000828006
0.073033759	0.000209859	0.002997724	0.000828378
0.073099781	0.000209889	0.001756717	0.000828158
0.073165792	0.000209924	0.001287793	0.000828
0.073231804	0.000209965	0.000819182	0.000827843
0.073297811	0.00021001	0.001553802	0.000828084
0.073363814	0.000210061	0.000663143	0.000827329
0.073429805	0.000210116	0.000792284	0.000827656
0.073495798	0.000210177	0.002841125	0.000827965
0.073561785	0.000210242	0.000535911	0.000827207
0.073627768	0.000210313	-0.000486606	0.000827002
0.07369374	0.000210388	4.47905E-05	0.000827271
0.073759713	0.000210469	-0.000653758	0.000826548
0.073825681	0.000210554	0.000962973	0.000827031
0.073891644	0.000210645	-0.000850513	0.000827188
0.073957596	0.000210741	-0.000804849	0.000826544
0.07402355	0.000210842	-0.000302234	0.000826421
0.074089498	0.000210948	-0.000364466	0.000826513
0.074155442	0.000211059	-0.000378193	0.000826368
0.074221374	0.000211175	0.000116603	0.000826814
0.074287308	0.000211296	0.002812326	0.000826597
0.074353237	0.000211422	-0.000249701	0.000826694
0.074419161	0.000211554	-0.001499749	0.000826128
0.07448508	0.00021169	-0.001096259	0.000826274
0.074550988	0.000211832	-0.000746315	0.000825944
0.074616897	0.000211979	-0.001096885	0.000826172
0.074682802	0.000212131	-0.001991507	0.000825887
0.074748701	0.000212288	0.000312625	0.000826174
0.07481459	0.00021245	0.000248698	0.000826063
0.074880479	0.000212617	-0.001275673	0.000825778
0.074946364	0.00021279	-0.002268718	0.000825761
0.075012244	0.000212967	-0.00025703	0.000825778
0.075078113	0.00021315	-0.00161407	0.000825947
0.075143983	0.000213338	0.000950361	0.000825708
0.075209848	0.000213531	0.001015332	0.000825922
0.075275708	0.000213729	0.000859518	0.00082541
0.075341558	0.000213932	0.002227172	0.000826157
0.075407408	0.00021414	0.001581974	0.000825911
0.075473254	0.000214354	0.002469382	0.000825283
0.075539094	0.000214572	0.001552809	0.000825521
0.075604924	0.000214796	0.00206593	0.000825239
0.075670755	0.000215024	0.000481484	0.000825349
0.075736581	0.000215258	0.002171543	0.000825681
0.075802402	0.000215497	0.00348425	0.000825852
0.075868212	0.000215741	0.000989393	0.000825836
0.075934023	0.000215991	0.000126938	0.000825069
0.07599983	0.000216245	0.00148251	0.000824801
0.076065631	0.000216504	0.002440904	0.000824995
0.076131428	0.000216769	0.000830594	0.00082502
0.076197213	0.000217038	-3.68672E-05	0.000825023
0.076263	0.000217313	0.00084645	0.000825367
0.076328782	0.000217592	0.00134966	0.000825347
0.076394559	0.000217877	0.002087656	0.000824918
0.076460324	0.000218167	0.000332784	0.000824171
0.076526092	0.000218462	-0.000795528	0.000824395
0.076591854	0.000218761	0.001747567	0.000824884
0.076657611	0.000219066	0.003407089	0.000824725
0.076723358	0.000219376	0.000921	0.000823942
0.076789105	0.000219691	0.002526611	0.000824786
0.076854848	0.000220011	0.00208538	0.000824715
0.076920586	0.000220336	0.003113039	0.000824355
0.076986312	0.000220666	0.001166594	0.000824649
0.07705204	0.000221001	0.001991958	0.000824215
0.077117763	0.00022134	0.003400732	0.000824219
0.077183481	0.000221685	0.003077421	0.000824531
0.077249188	0.000222035	0.000266436	0.000823757
0.077314897	0.00022239	0.000732344	0.000823912
0.0773806	0.000222749	0.00147325	0.000823889
0.077446299	0.000223114	0.0013963	0.000823736
0.077511986	0.000223483	0.000693509	0.000823785
0.077577675	0.000223857	0.003544054	0.000823616
0.077643359	0.000224237	0.002405573	0.000824099
0.077709038	0.000224621	0.000654686	0.000823657
0.077774712	0.00022501	0.001421244	0.000823719
0.077840375	0.000225403	0.00242714	0.00082378
0.077906039	0.000225802	0.002651699	0.000823634
0.077971698	0.000226205	0.001909435	0.000823555
0.078037353	0.000226614	0.00232848	0.000823946
0.078102996	0.000227027	0.002901176	0.000823472
0.078168641	0.000227444	0.002549564	0.000823497
0.078234281	0.000227867	0.003292124	0.000823576
0.078299915	0.000228294	0.003769885	0.000823572
0.078365539	0.000228726	0.003062613	0.000823317
0.078431164	0.000229163	0.005371379	0.000823809
0.078496784	0.000229605	0.005212982	0.000824167
0.0785624	0.000230051	0.004916519	0.000823696
0.078628004	0.000230502	0.005648826	0.000823834
0.078693609	0.000230957	0.006240412	0.000823808
0.07875921	0.000231417	0.00634344	0.000823946
0.078824805	0.000231882	0.005410558	0.00082307
0.07889039	0.000232352	0.007449138	0.000823742
0.078955976	0.000232826	0.007738508	0.000823708
0.079021557	0.000233304	0.007463368	0.000823119
0.079087133	0.000233788	0.006433308	0.000823275
0.079152697	0.000234275	0.009166845	0.000823858
0.079218264	0.000234768	0.008445726	0.000823762
0.079283825	0.000235264	0.009316376	0.000823762
0.079349381	0.000235766	0.008814801	0.000823472
0.079414933	0.000236272	0.009760265	0.000823526
0.079480473	0.000236782	0.010597962	0.000823702
0.079546015	0.000237297	0.010865744	0.000823785
0.079611552	0.000237816	0.010118168	0.000823346
0.079677084	0.00023834	0.010266874	0.000823608
0.079742605	0.000238868	0.011632744	0.000823751
0.079808127	0.0002394	0.012488083	0.000823712
0.079873644	0.000239937	0.013662708	0.000823467
0.079939156	0.000240478	0.01337124	0.000824015
0.080004657	0.000241024	0.013190865	0.000823926
0.08007016	0.000241574	0.014708441	0.000823717
0.080135658	0.000242128	0.013065322	0.000823647
0.08020115	0.000242686	0.016000659	0.00082381
0.080266632	0.000243249	0.015746047	0.000823768
0.080332115	0.000243816	0.017088152	0.000824087
0.080397593	0.000244387	0.017019019	0.000824493
0.080463066	0.000244963	0.01701956	0.000823977
0.080528528	0.000245542	0.019551009	0.000823997
0.080593991	0.000246126	0.017985601	0.000824076
0.08065945	0.000246714	0.018991717	0.000824202
0.080724903	0.000247306	0.021763636	0.000824382
0.080790346	0.000247903	0.0206335	0.000824592
0.080855789	0.000248503	0.021492782	0.000824298
0.080921228	0.000249108	0.023596357	0.000825382
0.080986662	0.000249716	0.025814954	0.000825254
0.081052091	0.000250329	0.026491655	0.000825288
0.081117509	0.000250946	0.026571234	0.000825341
0.081182928	0.000251566	0.026941892	0.000825363
0.081248342	0.000252191	0.029473083	0.000826086
0.081313752	0.00025282	0.031261415	0.000826088
0.08137915	0.000253453	0.030980847	0.000825901
0.08144455	0.000254089	0.033730206	0.000826286
0.081509944	0.00025473	0.035119359	0.000826919
0.081575334	0.000255375	0.037951149	0.000826525
0.081640713	0.000256023	0.037413147	0.000826712
0.081706093	0.000256675	0.039509071	0.000827428
0.081771468	0.000257331	0.042518417	0.000827724
0.081836838	0.000257992	0.043416912	0.000827679
0.081902197	0.000258655	0.045715678	0.000828175
0.081967558	0.000259323	0.047478365	0.00082854
0.082032913	0.000259995	0.049720363	0.00082887
0.082098264	0.00026067	0.052624853	0.000829157
0.082163603	0.000261349	0.053953116	0.000830028
0.082228944	0.000262032	0.057559373	0.000830043
0.08229428	0.000262718	0.059224053	0.000830657
0.082359611	0.000263408	0.061915573	0.000830674
0.082424931	0.000264102	0.065433834	0.000831642
0.082490252	0.0002648	0.067239751	0.000831965
0.082555568	0.000265501	0.073381348	0.000832773
0.082620879	0.000266206	0.072706998	0.000833312
0.082686186	0.000266914	0.075600117	0.000833456
0.082751481	0.000267626	0.080972189	0.000833697
0.082816778	0.000268342	0.084253995	0.000834562
0.08288207	0.000269061	0.087956448	0.000835008
0.082947357	0.000269784	0.09026426	0.000836182
0.083012632	0.00027051	0.093543109	0.000836696
0.083077927	0.000271378	0.099700167	0.000837557
0.083143241	0.000271384	0.101455273	0.000837528
0.083208568	0.000271394	0.104545997	0.000837856
0.083273902	0.00027141	0.110300059	0.00083973
0.083339257	0.00027143	0.11500787	0.000839937
0.083404625	0.000271456	0.117559004	0.000841346
0.083470006	0.000271486	0.123245194	0.000841615
0.083535395	0.000271521	0.127335894	0.000842914
0.083600804	0.000271561	0.131516864	0.000843648
0.083666227	0.000271606	0.136391796	0.000845038
0.083731663	0.000271656	0.140588235	0.000845748
0.083797106	0.000271711	0.14898673	0.000846863
0.08386257	0.000271771	0.1561752	0.000848012
0.083928046	0.000271836	0.160764036	0.000849426
0.083993537	0.000271906	0.169072441	0.000851152
0.084059035	0.00027198	0.174517201	0.000852304
0.084124552	0.00027206	0.181011387	0.000853531
0.084190084	0.000272145	0.186717913	0.000854662
0.084255629	0.000272235	0.19300458	0.000856428
0.084321187	0.00027233	0.201719259	0.000858491
0.084386753	0.00027243	0.210754127	0.000860389
0.084452339	0.000272535	0.218305925	0.000861517
0.084517938	0.000272645	0.226804671	0.000864052
0.084583551	0.00027276	0.236831545	0.000866027
0.084649172	0.00027288	0.244998243	0.000868297
0.084714812	0.000273005	0.250602182	0.000869399
0.084780465	0.000273135	0.261794964	0.00087193
0.084846133	0.00027327	0.273183859	0.00087492
0.084911808	0.000273411	0.283378518	0.000877656
0.084977502	0.000273556	0.293447339	0.000880172
0.08504321	0.000273706	0.303635676	0.000883041
0.085108932	0.000273862	0.314287593	0.00088585
0.085174661	0.000274022	0.324024067	0.000888071
0.08524041	0.000274188	0.337390718	0.000892007
0.085306173	0.000274359	0.34637859	0.000894415
0.085371949	0.000274535	0.35923012	0.000898753
0.085437733	0.000274716	0.373561205	0.0009028
0.085503536	0.000274902	0.385450397	0.000906497
0.085569354	0.000275093	0.398106589	0.000910202
0.085635184	0.000275289	0.411390854	0.000914695
0.085701022	0.00027549	0.426823594	0.000919085
0.08576688	0.000275697	0.440713904	0.000924409
0.085832752	0.000275908	0.455481966	0.000929098
0.085898637	0.000276125	0.472942392	0.000934052
0.085964535	0.000276346	0.485632023	0.000939169
0.086030441	0.000276573	0.501192071	0.000945246
0.086096367	0.000276805	0.515988036	0.000951157
0.086162307	0.000277042	0.536420618	0.000957938
0.08622826	0.000277284	0.54999902	0.000963494
0.086294221	0.000277531	0.565440151	0.00096991
0.086360201	0.000277783	0.580095067	0.00097575
0.086426195	0.00027804	0.59997735	0.000984509
0.086492203	0.000278302	0.623886114	0.000994317
0.086558217	0.00027857	0.640444142	0.001002202
0.086624252	0.000278842	0.657950537	0.001010323
0.086690301	0.00027912	0.678000506	0.001020126
0.086756363	0.000279402	0.695328088	0.001028487
0.086822432	0.00027969	0.716070405	0.001039034
0.086888521	0.000279983	0.739396217	0.00105137
0.086954624	0.00028028	0.757295642	0.001060707
0.08702074	0.000280583	0.779197505	0.001073104
0.087086864	0.000280891	0.80561234	0.001088585
0.087153008	0.000281204	0.826755227	0.001101129
0.087219165	0.000281522	0.850469259	0.001115113
0.087285336	0.000281844	0.870337377	0.001127821
0.087351514	0.000282172	0.89477696	0.001143368
0.087417712	0.000282505	0.92208582	0.001163486
0.087483924	0.000282843	0.946624419	0.001180036
0.087550149	0.000283186	0.971821205	0.001198717
0.087616388	0.000283534	1.001691616	0.001220928
0.087682634	0.000283887	1.028842416	0.001242434
0.087748901	0.000284245	1.05278197	0.001262544
0.08781518	0.000284608	1.074662805	0.001280302
0.087881474	0.000284975	1.10462331	0.001306533
0.087947774	0.000285348	1.133068021	0.00133282
0.088014095	0.000285726	1.164087335	0.001361083
0.088080429	0.000286108	1.195132435	0.001392325
0.088146777	0.000286496	1.220787495	0.00141844
0.088213132	0.000286888	1.250917003	0.00144914
0.088279507	0.000287286	1.277991301	0.001478784
0.088345895	0.000287688	1.311119103	0.00151677
0.088412298	0.000288095	1.339463603	0.001550551
0.088478707	0.000288507	1.375709563	0.00159396
0.088545137	0.000288924	1.410153059	0.001637031
0.08861158	0.000289346	1.438522482	0.001675218
0.088678036	0.000289773	1.475168713	0.001726159
0.0887445	0.000290204	1.502998596	0.001764693
0.088810984	0.000290641	1.543589519	0.001826632
0.088877481	0.000291082	1.565548093	0.001859791
0.088943992	0.000291528	1.602592757	0.001918998
0.089010511	0.000291978	1.645513974	0.001988438
0.089077049	0.000292434	1.676414817	0.002043364
0.089143601	0.000292894	1.709444527	0.002104017
0.089210166	0.00029336	1.746390224	0.00217244
0.089276746	0.000293829	1.77972472	0.002237696
0.089343332	0.000294304	1.813119017	0.002305412
0.089409938	0.000294783	1.851486837	0.002387567
0.089476558	0.000295267	1.881626197	0.002452782
0.089543192	0.000295756	1.933038895	0.002568767
0.089609833	0.00029625	1.966064488	0.002649469
0.089676493	0.000296748	2.003199808	0.00274188
0.089743168	0.000297251	2.040994054	0.002837974
0.089809856	0.000297758	2.071749689	0.002921576
0.089876551	0.00029827	2.111437622	0.003031084
0.089943266	0.000298787	2.143467494	0.003123237
0.090009995	0.000299308	2.210420257	0.003329003
0.090076737	0.000299834	2.249304668	0.003453953
0.090143487	0.000300365	2.281697962	0.00356225
0.090210256	0.0003009	2.322334661	0.003702664
0.09027704	0.00030144	2.348635225	0.003797457
0.090343836	0.000301984	2.396230256	0.003974421
0.090410641	0.000302533	2.425273465	0.004087541
0.090477465	0.000303086	2.474940034	0.004285896
0.090544302	0.000303644	2.520986316	0.004484989
0.090611154	0.000304206	2.557321823	0.004645775
0.090678012	0.000304773	2.597079979	0.0048307
0.09074489	0.000305344	2.629522208	0.004981105
0.090811783	0.00030592	2.656293142	0.005114499
0.090878688	0.0003065	2.713616375	0.005409847
0.090945608	0.000307085	2.715711054	0.005419868
0.091012534	0.000307674	2.770646751	0.005720282
0.091079481	0.000308268	2.836442915	0.006107191
0.091146441	0.000308865	2.847856645	0.006165875
0.091213414	0.000309468	2.901255403	0.006501713
0.091280395	0.000310074	2.936991855	0.006734392
0.091347396	0.000310685	2.942185934	0.006765923
0.091414411	0.0003113	2.998961049	0.007156653
0.091481439	0.00031192	3.030037315	0.007374959
0.091548474	0.000312543	3.032070409	0.007393369
0.09161553	0.000313172	3.117548416	0.008049197
0.091682599	0.000313804	3.178165611	0.008536702
0.091749681	0.000314441	3.166327788	0.008448195
0.091816771	0.000315081	3.20595892	0.008782039
0.091883881	0.000315726	3.260553691	0.009274639
0.091951004	0.000316376	3.262113454	0.009289487
0.092018141	0.000317029	3.275301018	0.009397171
0.092085286	0.000317687	3.421857055	0.010884485
0.09215245	0.000318349	3.388283104	0.010526729
0.092219628	0.000319015	3.433254951	0.011009174
0.092286819	0.000319685	3.434374854	0.011010835
0.092354018	0.000320359	3.532739999	0.012148403
0.092421236	0.000321037	3.51583184	0.011946492
0.092488469	0.000321719	3.541436069	0.0122522
0.092555715	0.000322406	3.539150548	0.012225894
0.092622974	0.000323096	3.594511131	0.0129131
0.092690241	0.000323791	3.712351015	0.014512737
0.092757527	0.000324489	3.66940724	0.013913381
0.092824828	0.000325192	3.72702744	0.014734495
0.092892142	0.000325899	3.748816322	0.015045923
0.092959463	0.000326609	3.708991204	0.014474102
0.093026804	0.000327323	3.709727809	0.014475932
0.093094159	0.000328042	3.774451957	0.015448043
0.093161527	0.000328764	3.788283533	0.015659448
0.093228903	0.00032949	3.851067941	0.016661829
0.093296298	0.000330221	3.801773171	0.015875183
0.093363707	0.000330955	3.889134424	0.017313833
0.093431136	0.000332122	3.88395783	0.017212863
0.09349858	0.000332126	3.811969328	0.016013523
0.093566036	0.000332136	3.80561085	0.015922351
0.093633498	0.000332151	3.831869068	0.016332923
0.093700966	0.000332173	3.806141068	0.015923921
0.093768434	0.000332199	3.955438826	0.018488363
0.093835913	0.000332231	3.923804089	0.01791151
0.093903399	0.000332269	3.982397501	0.018981061
0.09397089	0.000332313	3.875829553	0.017062169
0.094038381	0.000332362	3.912540841	0.017694744
0.094105884	0.000332416	3.933524691	0.018081992
0.094173392	0.000332476	3.902896148	0.017531025
0.094240907	0.000332542	3.940631186	0.018199636
0.094308427	0.000332614	3.885128519	0.017216859
0.094375947	0.000332691	3.882536041	0.017166737
0.094443479	0.000332774	3.934419287	0.018085329
0.094511017	0.000332862	3.841124023	0.016475665
0.094578561	0.000332956	3.872127044	0.017009149
0.094646104	0.000333056	3.832839788	0.016335936
0.09471366	0.000333161	3.846708507	0.016570224
0.094781221	0.000333273	3.824971665	0.01619962
0.094848788	0.000333389	3.815675756	0.016061053
0.094916355	0.000333512	3.795947769	0.015751681
0.094983934	0.00033364	3.93151967	0.018029423
0.095051518	0.000333774	3.788100283	0.015624133
0.095119109	0.000333914	3.7017793	0.014336623
0.095186699	0.000334059	3.702390982	0.014338118
0.095254301	0.00033421	3.660920915	0.013755064
0.095321909	0.000334367	3.688090258	0.014128021
0.095389523	0.00033453	3.732466002	0.014779787
0.095457136	0.000334698	3.705234343	0.014374824
0.095524761	0.000334872	3.582819014	0.012721013
0.095592393	0.000335052	3.584351846	0.012747858
0.09566003	0.000335238	3.56299409	0.012472668
0.095727666	0.000335429	3.483310919	0.011523305
0.095795315	0.000335626	3.463056223	0.0112967
0.09586297	0.000335829	3.481885106	0.011501233
0.09593063	0.000336037	3.456945115	0.011211446
0.095998297	0.000336251	3.45068893	0.011145744
0.096065962	0.000336471	3.376278884	0.010346151
0.09613364	0.000336697	3.332305306	0.009902366
0.096201324	0.000336929	3.233492434	0.008978613
0.096269014	0.000337166	3.271870685	0.009326436
0.096336703	0.000337409	3.213107829	0.00880075
0.096404404	0.000337658	3.186420348	0.008566721
0.096472111	0.000337912	3.177368301	0.0084912
0.096539824	0.000338172	3.100546815	0.007868609
0.096607537	0.000338438	3.093195151	0.007815211
0.096675261	0.00033871	3.042206708	0.007425884
0.096742992	0.000338988	3.003417573	0.007143352
0.096810728	0.000339271	2.960512988	0.006849018
0.096878464	0.00033956	2.936633415	0.006691566
0.096946212	0.000339854	2.892167759	0.006398613
0.097013966	0.000340155	2.859862284	0.006201471
0.097081725	0.000340461	2.829741011	0.006022618
0.097149484	0.000340773	2.797238911	0.005831051
0.097217256	0.00034109	2.738085692	0.005503233
0.097285033	0.000341414	2.704997481	0.005324332
0.097352816	0.000341743	2.662920408	0.005112054
0.097420598	0.000342077	2.643061113	0.005012466
0.097488393	0.000342418	2.613269289	0.004868302
0.097556194	0.000342764	2.575105112	0.004691319
0.097624	0.000343115	2.545711188	0.004555073
0.097691812	0.000343473	2.472619837	0.0042445
0.097759624	0.000343836	2.446428998	0.004139119
0.097827447	0.000344205	2.39779874	0.003946691
0.097895277	0.000344579	2.373467016	0.00385608
0.097963113	0.000344959	2.330351101	0.003698681
0.098030948	0.000345345	2.280567136	0.003525653
0.098098795	0.000345736	2.25175013	0.003431003
0.098166648	0.000346133	2.19971067	0.003264017
0.098234507	0.000346536	2.166416994	0.003165843
0.098302365	0.000346944	2.113581328	0.003010371
0.098370235	0.000347358	2.08769857	0.002937329
0.098438112	0.000347777	2.04640471	0.002827261
0.098505994	0.000348202	2.009765133	0.002731695
0.098573875	0.000348633	1.979441753	0.002656116
0.098641769	0.000349069	1.938286279	0.002555559
0.098709669	0.000349511	1.896727366	0.002461518
0.098777575	0.000349958	1.851270714	0.002361493
0.098845479	0.000350411	1.826863268	0.002312698
0.098913397	0.000350869	1.787535754	0.002231672
0.09898132	0.000351333	1.757251113	0.002170564
0.099049249	0.000351803	1.718408904	0.002098868
0.099117177	0.000352277	1.677930504	0.00202549
0.099185117	0.000352758	1.646808216	0.001972189
0.099253064	0.000353244	1.610909918	0.001911438
0.099321016	0.000353735	1.572498609	0.001850689
0.099388974	0.000354232	1.537475944	0.00179616
0.099456931	0.000354734	1.505071296	0.001748979
0.099524901	0.000355242	1.484537983	0.001719608
0.099592877	0.000355755	1.440281912	0.001659508
0.099660858	0.000356273	1.407948666	0.001616836
0.099728839	0.000356797	1.382078538	0.001583349
0.099796832	0.000357326	1.347564171	0.001540933
0.099864831	0.000357861	1.316480852	0.00150525
0.099932835	0.000358401	1.278756609	0.001461355
0.100000839	0.000358946	1.255657212	0.001436888
0.100068856	0.000359497	1.226427657	0.001406642
0.100136878	0.000360053	1.198520587	0.001377847
0.100204906	0.000360614	1.16422087	0.001345329
0.100272934	0.000361181	1.139017626	0.001320869
0.100340973	0.000361753	1.109660916	0.001294861
0.100409019	0.00036233	1.074805897	0.001264475
0.10047707	0.000362912	1.05449283	0.00124728
0.100545121	0.0003635	1.03404327	0.00123068
0.100613184	0.000364093	1.007504312	0.001209894
0.100681253	0.000364691	0.979933925	0.001188398
0.100749328	0.000365294	0.952244135	0.00116862
0.100817402	0.000365902	0.923179598	0.001148213
0.100885488	0.000366516	0.901732523	0.00113401
0.10095358	0.000367135	0.872973109	0.001114935
0.101021678	0.000367759	0.849089938	0.00109974
0.101089782	0.000368388	0.83007846	0.001087739
0.101157886	0.000369022	0.806871892	0.001074482
0.101226001	0.000369661	0.781085936	0.001059089
0.101294123	0.000370305	0.763947481	0.001049143
0.10136225	0.000370954	0.74101066	0.001037565
0.101430376	0.000371609	0.722221175	0.001027879
0.101498515	0.000372268	0.696432933	0.001014145
0.10156666	0.000372933	0.677763816	0.001005002
0.101634811	0.000373602	0.660716744	0.000996553
0.10170296	0.000374276	0.642555243	0.000989176
0.101771123	0.000374956	0.623030122	0.000979905
0.101839291	0.00037564	0.606295338	0.000972608
0.101907465	0.000376329	0.587303307	0.000964431
0.101975638	0.000377023	0.56565964	0.000955389
0.102043824	0.000377722	0.546904844	0.000947992
0.102112015	0.000378426	0.534613407	0.000942758
0.102180212	0.000379135	0.519262819	0.000936859
0.102248409	0.000379849	0.500723778	0.000930553
0.102316618	0.000380567	0.487423818	0.000925738
0.102384833	0.00038129	0.471243122	0.000919926
0.102453053	0.000382019	0.454176474	0.0009136
0.102521273	0.000382751	0.441289382	0.000908936
0.102589505	0.000383489	0.424047103	0.000903465
0.102657743	0.000384231	0.41071424	0.000899448
0.102725987	0.000384979	0.399278321	0.000895313
0.102794237	0.00038573	0.382616584	0.000890808
0.102862486	0.000386487	0.368804511	0.00088594
0.102930748	0.000387248	0.359123847	0.000883151
0.102999015	0.000388014	0.346368398	0.000880312
0.103067288	0.000388785	0.331954696	0.000875677
0.10313556	0.00038956	0.321271284	0.000872846
0.103203845	0.00039034	0.312692525	0.000869859
0.103272136	0.000391124	0.301573043	0.000867413
0.103340432	0.000391913	0.289245762	0.000864153
0.103408728	0.000392707	0.280829726	0.000861654
0.103477036	0.000393505	0.270372501	0.000858698
0.10354535	0.000394307	0.262703107	0.000856708
0.10361367	0.000395115	0.252050244	0.00085425
0.103681989	0.000395926	0.245589844	0.000852042
0.10375032	0.000396742	0.233879331	0.000850123
0.103818668	0.000397702	0.225025042	0.000848036
0.103887017	0.000397708	0.215637799	0.000845734
0.103955343	0.000397719	0.208554686	0.000843777
0.104023658	0.000397737	0.200545712	0.00084282
0.104091956	0.00039776	0.193965784	0.000840565
0.104160237	0.000397789	0.183110558	0.000838542
0.104228495	0.000397823	0.176693304	0.000837188
0.104296742	0.000397864	0.172421867	0.000836429
0.104364972	0.00039791	0.164826864	0.000833975
0.104433186	0.000397963	0.157333467	0.00083307
0.104501383	0.000398021	0.153114917	0.000832079
0.104569562	0.000398085	0.150097737	0.000830839
0.104637725	0.000398155	0.140176423	0.000829297
0.104705858	0.000398231	0.134578245	0.000827416
0.104773987	0.000398312	0.131821837	0.000826893
0.104842099	0.0003984	0.124883395	0.00082568
0.104910194	0.000398493	0.119347627	0.000825332
0.104978273	0.000398593	0.115573689	0.000823699
0.105046334	0.000398698	0.113154921	0.000823526
0.105114379	0.00039881	0.107907982	0.00082251
0.105182406	0.000398927	0.105425046	0.000821075
0.105250404	0.00039905	0.099798114	0.000820784
0.105318398	0.000399179	0.096699534	0.000819819
0.105386374	0.000399314	0.090147984	0.000819229
0.105454334	0.000399455	0.086905007	0.000817961
0.105522277	0.000399602	0.082015924	0.000817628
0.105590203	0.000399755	0.07824576	0.000816726
0.105658113	0.000399914	0.078245904	0.000815664
0.105726005	0.000400079	0.071328628	0.000815269
0.105793867	0.00040025	0.069985581	0.000814319
0.105861726	0.000400427	0.06655935	0.00081394
0.105929568	0.00040061	0.065589263	0.000813709
0.105997392	0.000400799	0.061563539	0.000812316
0.1060652	0.000400994	0.059313704	0.000812373
0.106132991	0.000401194	0.057846552	0.000812099
0.106200765	0.000401401	0.054452685	0.000811434
0.106268522	0.000401614	0.049167689	0.000810532
0.106336262	0.000401833	0.050268712	0.000810354
0.106403972	0.000402058	0.045986904	0.000810276
0.106471679	0.000402289	0.042966326	0.000809828
0.106539368	0.000402526	0.042911263	0.00080905
0.106607041	0.000402768	0.041125519	0.000808851
0.106674696	0.000403017	0.040894727	0.000808288
0.106742335	0.000403272	0.039888898	0.000807958
0.106809957	0.000403533	0.035940451	0.000807261
0.106877562	0.0004038	0.034053516	0.00080709
0.106945137	0.000404073	0.032726202	0.00080687
0.107012708	0.000404352	0.030857615	0.000806643
0.107080262	0.000404636	0.028562366	0.000806489
0.107147799	0.000404927	0.027877446	0.000805873
0.10721532	0.000405224	0.02691136	0.000805635
0.107282823	0.000405527	0.026563313	0.000805357
0.10735031	0.000405836	0.023691493	0.000805031
0.107417779	0.000406151	0.022833793	0.000804631
0.107485219	0.000406471	0.023622995	0.000804678
0.107552655	0.000406798	0.019303596	0.000804041
0.107620074	0.000407131	0.019416595	0.000804019
0.107687476	0.00040747	0.020753047	0.000804656
0.107754861	0.000407814	0.020706607	0.000803946
0.107822229	0.000408165	0.020166755	0.000803499
0.10788958	0.000408522	0.017236207	0.000803329
0.107956915	0.000408884	0.016124639	0.00080295
0.108024232	0.000409253	0.016144353	0.000802693
0.10809152	0.000409627	0.016612431	0.000802888
0.108158804	0.000410008	0.013422904	0.00080294
0.10822607	0.000410394	0.014584246	0.000802404
0.10829332	0.000410786	0.015209391	0.000802304
0.108360553	0.000411185	0.014453357	0.000801804
0.108427769	0.000411589	0.011272904	0.000802198
0.108494968	0.000411999	0.011756684	0.000801117
0.108562151	0.000412415	0.012654678	0.000801718
0.108629303	0.000412836	0.012960291	0.000801866
0.108696451	0.000413264	0.009901241	0.000801362
0.108763583	0.000413698	0.010097111	0.000801772
0.108830697	0.000414137	0.009749081	0.000801458
0.108897795	0.000414583	0.010350275	0.000800934
0.108964876	0.000415034	0.008522862	0.000800486
0.10903194	0.000415491	0.008583793	0.000800835
0.109098987	0.000415954	0.007611193	0.000800722
0.109166004	0.000416422	0.0084943	0.000800263
0.109233017	0.000416897	0.009333065	0.000800315
0.109300013	0.000417377	0.008717979	0.000800557
0.109366993	0.000417864	0.007255492	0.000800028
0.109433955	0.000418356	0.006141061	0.000799814
0.109500901	0.000418853	0.005773343	0.000799756
0.109567829	0.000419357	0.006151646	0.000799855
0.109634741	0.000419866	0.006604818	0.000800245
0.109701636	0.000420381	0.005686152	0.000799185
0.109768501	0.000420902	0.005466572	0.000799131
0.109835362	0.000421428	0.00576038	0.000799475
0.109902206	0.000421961	0.005441276	0.000799147
0.109969033	0.000422499	0.005185941	0.000799067
0.110035843	0.000423042	0.003513431	0.000799303
0.110102637	0.000423592	0.003916711	0.00079881
0.110169413	0.000424147	0.003784065	0.000798749
0.110236173	0.000424708	0.002350158	0.000798645
0.110302903	0.000425274	0.004572255	0.000798733
0.110369628	0.000425846	0.004241377	0.000798701
0.110436337	0.000426424	0.003019947	0.000798511
0.110503029	0.000427007	0.002796727	0.000797743
0.110569704	0.000427596	0.001404441	0.000798379
0.110636362	0.00042819	0.002802676	0.000797882
0.110703003	0.00042879	0.000394187	0.000798203
0.110769628	0.000429396	0.001023849	0.00079838
0.110836222	0.000430007	0.000972277	0.000798173
0.110902813	0.000430624	0.002334325	0.000797651
0.110969386	0.000431246	0.002108102	0.000798032
0.111035943	0.000431874	0.001994126	0.000797578
0.111102483	0.000432507	0.000240224	0.000797584
0.111169005	0.000433146	0.00217686	0.000797607
0.111235511	0.00043379	0.002298732	0.000797626
0.111302	0.00043444	0.002793774	0.000797267
0.111368472	0.000435095	0.002136707	0.00079768
0.111434915	0.000435756	0.002576698	0.000797451
0.111501353	0.000436422	0.004739002	0.000797431
0.111567775	0.000437093	0.001324358	0.000797475
0.111634179	0.00043777	0.000948895	0.000797377
0.111700567	0.000438452	0.001578194	0.000797553
0.111766937	0.00043914	0.002075727	0.00079767
0.111833291	0.000439833	0.002786275	0.000797701
0.111899628	0.000440531	0.002445881	0.000797629
0.111965935	0.000441234	0.001936534	0.000797233
0.112032238	0.000441943	0.00192741	0.000797429
0.112098525	0.000442658	0.001381989	0.000796771
0.112164794	0.000443377	0.000516712	0.000796934
0.112231046	0.000444102	0.002493633	0.000797122
0.112297281	0.000444832	0.002051584	0.000796636
0.1123635	0.000445567	0.002491032	0.000796266
0.112429702	0.000446307	0.003490488	0.000796544
0.112495874	0.000447053	0.003141147	0.000796524
0.112562041	0.000447804	0.002779291	0.000796275
0.112628192	0.00044856	0.002075426	0.000795955
0.112694326	0.000449321	0.001809871	0.000795932
0.112760443	0.000450087	0.001995834	0.000795768
0.112826544	0.000450858	0.003599538	0.000796332
0.112892627	0.000451635	0.003692434	0.000796084
0.112958693	0.000452416	0.00366684	0.000795957
0.113024743	0.000453203	0.002218783	0.000796294
0.113090762	0.000453995	0.003839919	0.000796563
0.113156778	0.000454791	0.001405946	0.000796185
0.113222777	0.000455593	0.00082746	0.000796025
0.113288759	0.0004564	0.002303277	0.000795622
0.113354724	0.000457212	0.002088414	0.000795852
0.113420672	0.000458028	0.001225718	0.000795491
0.113486603	0.00045885	0.001806997	0.000795791
0.113552517	0.000459677	0.001066059	0.000795449
0.113618401	0.000460508	0.000490869	0.00079543
0.113684282	0.000461345	0.000980205	0.000795313
0.113750145	0.000462186	0.000775737	0.000795299
0.113815992	0.000463032	0.00178534	0.000795472
0.113881821	0.000463883	0.00310684	0.000795309
0.113947634	0.000464739	-0.000231063	0.000794793
0.11401343	0.0004656	0.002626624	0.000795515
0.114079209	0.000466465	0.002978479	0.000795675
0.114144958	0.000467336	0.001277193	0.000795411
0.114210781	0.000468092	0.001188535	0.000795135
0.114276658	0.000468099	0.002486031	0.000795318
0.114342562	0.000468111	0.003458906	0.000794804
0.114408494	0.000468129	0.001696469	0.000795196
0.114474454	0.000468153	0.001117474	0.000795369
0.114540442	0.000468183	0.003858891	0.000795076
0.114606457	0.000468218	5.60552E-05	0.000794802
0.114672501	0.00046826	0.001450871	0.000795018
0.11473856	0.000468306	0.000916845	0.000795163
0.114804659	0.000468359	0.001687128	0.000795107
0.114870787	0.000468417	0.002215495	0.000794681
0.114936942	0.000468482	0.002409458	0.000795271
0.115003125	0.000468552	0.000509441	0.000794802
0.115069336	0.000468627	0.003375829	0.000794808
0.115135574	0.000468709	0.002950246	0.000795075
0.115201841	0.000468796	0.002223585	0.000795435
0.115268123	0.000468889	0.002697652	0.000794948
0.115334445	0.000468988	0.003139007	0.000795051
0.115400796	0.000469093	0.003116813	0.000794733
0.115467174	0.000469203	0.002899232	0.000794822
0.11553358	0.00046932	0.002621024	0.000794901
0.115600014	0.000469442	0.005623119	0.000795017
0.115666476	0.00046957	0.004742193	0.00079495
0.115732966	0.000469704	0.003817214	0.000794912
0.115799471	0.000469844	0.003554935	0.000794696
0.115866016	0.000469989	0.004095415	0.0007945
0.11593259	0.00047014	0.003286071	0.000795197
0.115999191	0.000470298	0.005215788	0.000794797
0.11606582	0.000470461	0.00401233	0.000794837
0.116132477	0.00047063	0.005222787	0.000795078
0.116199162	0.000470805	0.004549646	0.000794501
0.116265875	0.000470986	0.00520044	0.000795092
0.116332616	0.000471172	0.003321608	0.000794415
0.116399372	0.000471365	0.003004869	0.000794803
0.116466168	0.000471563	0.002922368	0.000794144
0.116532992	0.000471767	0.003417533	0.000794308
0.116599845	0.000471978	0.004223152	0.000794136
0.116666725	0.000472194	0.005372493	0.000794699
0.116733633	0.000472415	0.002640401	0.000794747
0.116800569	0.000472643	0.003027485	0.000794457
0.116867533	0.000472877	0.005129163	0.000794661
0.116934512	0.000473117	0.005045371	0.000794333
0.117001531	0.000473362	0.006355434	0.000794607
0.117068579	0.000473614	0.002676154	0.000794298
0.117135654	0.000473871	0.004735006	0.000794338
0.117202757	0.000474134	0.003973719	0.00079415
0.117269888	0.000474403	0.003564602	0.000794453
0.117337047	0.000474678	0.003021647	0.000793845
0.117404234	0.000474959	0.002887435	0.000793929
0.117471436	0.000475246	0.002798292	0.000793654
0.117538679	0.000475538	0.002731201	0.000793696
0.117605949	0.000475837	0.00235795	0.000793551
0.117673248	0.000476141	0.002715297	0.000793658
0.117740574	0.000476452	0.003337723	0.000794121
0.117807928	0.000476768	0.003191044	0.000793645
0.11787531	0.00047709	0.001438866	0.000793653
0.11794272	0.000477418	0.001543231	0.000793966
0.118010158	0.000477752	0.002846047	0.000793766
0.118077611	0.000478092	0.003641326	0.000793836
0.118145104	0.000478437	0.001571211	0.000794232
0.118212626	0.000478789	0.002642148	0.00079342
0.118280175	0.000479146	0.003433774	0.000793682
0.118347753	0.000479509	0.002652076	0.000793178
0.118415358	0.000479879	0.002262625	0.000793327
0.118482991	0.000480254	0.003804242	0.000793356
0.118550652	0.000480634	0.001437006	0.000793182
0.118618328	0.000481021	0.004423496	0.000793017
0.118686044	0.000481413	0.002987267	0.000792968
0.118753789	0.000481812	0.003820134	0.000793393
0.118821561	0.000482216	0.00387129	0.000793314
0.118889362	0.000482626	0.003603097	0.000793151
0.11895719	0.000483042	0.001973454	0.000792847
0.119025046	0.000483464	0.003564655	0.000793458
0.11909293	0.000483891	0.003178635	0.000793085
0.119160829	0.000484324	0.00378823	0.000792988
0.119228769	0.000484764	0.002006566	0.00079226
0.119296736	0.000485208	0.003031928	0.000792941
0.119364732	0.000485659	0.002620208	0.000793103
0.119432755	0.000486116	0.003140571	0.000792731
0.119500807	0.000486578	0.002831186	0.000792736
0.119568886	0.000487046	0.003131243	0.000792312
0.119636993	0.00048752	0.002872848	0.000792568
0.119705128	0.000487999	0.003577546	0.000793025
0.119773278	0.000488485	0.004266679	0.000792453
0.119841468	0.000488976	0.004745436	0.000792579
0.119909687	0.000489473	0.002023115	0.000791968
0.119977933	0.000489975	0.00230262	0.000792358
0.120046208	0.000490483	-5.09218E-05	0.000791805
0.12011451	0.000490997	0.002020193	0.000791828
0.12018284	0.000491517	0.003093307	0.000791959
0.120251198	0.000492043	0.003125115	0.000792033
0.120319571	0.000492574	0.001789784	0.000792349
0.120387985	0.00049311	0.002402494	0.000791731
0.120456427	0.000493653	0.001634295	0.000792116
0.120524896	0.000494201	0.000465516	0.000792423
0.120593394	0.000494755	0.000344708	0.000791699
0.120661919	0.000495314	0.0031299	0.000791795
0.120730472	0.000495879	0.001875211	0.000791778
0.120799053	0.00049645	0.000510778	0.000791548
0.120867649	0.000497026	0.001995213	0.000791327
0.120936286	0.000497608	0.00284079	0.000791222
0.121004951	0.000498195	0.000802382	0.000791085
0.121073644	0.000498788	-0.000419517	0.000791425
0.121142364	0.000499387	0.002045465	0.000791295
0.121211112	0.000499991	0.00054598	0.000791338
0.121279889	0.000500601	0.002452967	0.000791182
0.121348693	0.000501216	-0.000237957	0.000790749
0.121417525	0.000501837	0.001305056	0.000790771
0.121486372	0.000502463	0.000495674	0.000790901
0.12155526	0.000503095	-0.000253114	0.000790805
0.121624175	0.000503732	0.000400196	0.000790398
0.121693119	0.000504375	0.001204526	0.000790834
0.121762091	0.000505024	0.002682572	0.000790476
0.12183109	0.000505677	0.002416015	0.000790454
0.121900117	0.000506337	-5.69849E-05	0.000790543
0.121969172	0.000507001	0.000249537	0.000790258
0.122038242	0.000507671	0.002808795	0.000790632
0.122107353	0.000508347	0.001203833	0.000790131
0.122176492	0.000509028	8.83176E-06	0.000789753
0.122245659	0.000509714	0.001218491	0.000789608
0.122314853	0.000510406	0.001340042	0.000790562
0.122384076	0.000511103	0.003429217	0.000789636
0.122453326	0.000511805	0.001470219	0.000790153
0.122522604	0.000512513	0.001213534	0.000789704
0.122591897	0.000513226	0.001087901	0.000789549
0.122661231	0.000513944	0.000987525	0.000789611
0.122730593	0.000514668	0.000139554	0.000789112
0.122799983	0.000515397	0.001037572	0.000789346
0.1228694	0.000516131	0.001534849	0.000789598
0.122938846	0.000516871	0.000791505	0.000788939
0.123008319	0.000517616	0.001474212	0.000789355
0.123077821	0.000518366	0.001283423	0.000789287
0.12314735	0.000519121	0.001243285	0.000789359
0.123216894	0.000519882	0.000375254	0.000788778
0.123286479	0.000520647	-0.001378148	0.000788705
0.123356092	0.000521418	0.000275086	0.000788608
0.123425732	0.000522194	0.000721233	0.00078889
0.123495401	0.000522975	-0.000336049	0.000788475
0.123565097	0.000523762	-0.000141252	0.000789146
0.123634822	0.000524553	0.000460538	0.000788306
0.123704574	0.00052535	8.49332E-05	0.000788074
0.123774341	0.000526152	-0.000220775	0.000788357
0.123844149	0.000526958	-0.002975767	0.00078784
0.123913985	0.00052777	0.000385507	0.000787655
0.123983849	0.000528587	4.49695E-05	0.000787913
0.12405374	0.000529409	-0.000690667	0.000787859
0.12412366	0.000530236	-0.000565497	0.000787781
0.124193607	0.000531068	0.000931341	0.000787874
0.124263583	0.000531905	-0.000430649	0.000787976
0.124333573	0.000532747	-0.002116786	0.000788048
0.124403604	0.000533594	-0.002633969	0.000787349
0.124473663	0.000534446	-0.001705464	0.000787607
0.12454375	0.000535303	0.000135339	0.000787345
0.124613916	0.00053592	-0.00127368	0.000786782
0.124684088	0.00053592	-0.001508587	0.000786882
0.12475426	0.00053592	0.000260639	0.000786572
0.124824432	0.00053592	-0.001179332	0.000787048
0.124894604	0.00053592	-0.00242922	0.000787361
0.124964763	0.00053592	-0.001233007	0.000786479
0.125034935	0.00053592	-0.00049472	0.000787133
0.125105107	0.000535921	-0.000244359	0.000786746
0.125175279	0.000535921	-0.00066396	0.000786682
0.125245451	0.000535921	-0.00145284	0.000786523
0.125315623	0.000535921	-9.90545E-05	0.000786285
0.125385795	0.000535921	-0.001048106	0.000786411
0.125455967	0.000535922	-0.001706132	0.000786079
0.125526126	0.000535922	-0.002100791	0.000786231
0.125596298	0.000535922	-0.000359083	0.000786632
0.12566647	0.000535923	0.001160483	0.000786477
0.125736642	0.000535923	-0.000448648	0.00078627
0.125806814	0.000535923	0.001469711	0.000785869
0.125876986	0.000535924	-0.001935659	0.000786083
0.125947158	0.000535924	-0.000583194	0.000786076
0.12601733	0.000535924	-0.002013779	0.000785531
0.126087488	0.000535925	-0.001412116	0.00078622
0.12615766	0.000535925	0.001254771	0.000785816
0.126227833	0.000535926	0.001519941	0.000786069
0.126298005	0.000535926	0.001509334	0.000785566
0.126368177	0.000535927	-0.001864642	0.000785669
0.126438349	0.000535928	-0.000950744	0.000785056
0.126508521	0.000535928	-0.000955443	0.000784921
0.126578693	0.000535929	-0.002471379	0.000785307
0.126648865	0.000535929	-0.001264818	0.000785066
0.126719023	0.00053593	-0.001419795	0.000785255
0.126789195	0.000535931	-0.000631864	0.000785182
0.126859367	0.000535931	-0.000397134	0.000784852
0.126929539	0.000535932	-0.000466911	0.000784803
0.126999712	0.000535933	-0.00131418	0.000784867
0.127069884	0.000535933	-0.002180094	0.00078462
0.127140056	0.000535934	-0.002683531	0.000784793
0.127210228	0.000535935	-0.002293352	0.000784276
0.127280386	0.000535936	-0.001810553	0.000784253
0.127350558	0.000535937	-0.001776411	0.000784508
0.12742073	0.000535937	-0.003495926	0.000784055
0.127490902	0.000535938	-0.00287386	0.0007839
0.127561074	0.000535939	-0.002433168	0.000784408
0.127631246	0.00053594	-0.002767216	0.000784569
0.127701418	0.000535941	-0.004062584	0.000784085
0.127771591	0.000535942	-0.001664927	0.000783795
0.127841749	0.000535943	-0.001227897	0.000784168
0.127911921	0.000535944	-0.003997571	0.000783999
0.127982093	0.000535945	-0.004205333	0.000783852
0.128052265	0.000535946	-0.003023413	0.000783992
0.128122437	0.000535947	-0.002047788	0.000783756
0.128192609	0.000535948	-0.003291042	0.000783837
0.128262781	0.000535949	-0.002846961	0.000783424
0.128332953	0.00053595	-0.00355549	0.000784046
0.128403125	0.000535952	-0.003485018	0.000783865
0.128473284	0.000535953	-0.00310041	0.000783443
0.128543456	0.000535954	-0.003189098	0.000783315
0.128613628	0.000535955	-0.003378693	0.000783478
0.1286838	0.000535956	-0.001778419	0.000783452
0.128753972	0.000535958	-0.003281304	0.000783876
0.128824144	0.000535959	-0.00205613	0.000783256
0.128894316	0.00053596	0.0003411	0.000783428
0.128964488	0.000535961	0.000500417	0.000783606
0.129034647	0.000535963	0.000769339	0.000783532
0.129104819	0.000535964	-0.001427987	0.000783097
0.129174991	0.000535966	-0.000633568	0.000782607
0.129245163	0.000535967	-0.001249105	0.000783124
0.129315335	0.000535968	-0.000242539	0.000783467
0.129385507	0.00053597	0.001224215	0.000782699
0.129455679	0.000535971	0.000870827	0.000782687
0.129525851	0.000535973	0.001356055	0.000783077
0.12959601	0.000535974	0.00127637	0.000782897
0.129666182	0.000535976	-0.000157389	0.000783185
0.129736354	0.000535977	0.000203704	0.000783007
0.129806526	0.000535979	-2.43686E-05	0.000782552
0.129876698	0.00053598	5.08267E-05	0.000782184
0.12994687	0.000535982	0.001537751	0.000782368
0.130017042	0.000535984	0.002784509	0.000782242
0.130087214	0.000535985	0.001766682	0.000782319
0.130157386	0.000535987	0.000378568	0.000782486
0.130227545	0.000535989	0.000965521	0.000782491
0.130297717	0.00053599	0.000570663	0.000781864
0.130367889	0.000535992	0.000431105	0.000782179
0.130438061	0.000535994	-0.000844833	0.000781775
0.130508233	0.000535996	0.000165296	0.000782159
0.130578405	0.000535997	0.002878682	0.000782046
0.130648577	0.000535999	0.00016321	0.000781886
0.130718749	0.000536001	0.000235384	0.00078175
0.130788908	0.000536003	-0.001103987	0.000782072
0.13085908	0.000536005	-0.001335645	0.000781575
0.130929252	0.000536007	0.001129837	0.000781885
0.130999424	0.000536009	-0.000806324	0.00078134
0.131069596	0.000536011	-0.000544461	0.000780813
0.131139768	0.000536013	0.000392568	0.000781332
0.13120994	0.000536015	-0.000463734	0.000781266
0.131280112	0.000536017	-0.000865808	0.000781331
0.131350271	0.000536019	-0.00121659	0.000781593
0.131420443	0.000536021	0.000404462	0.000781691
0.131490615	0.000536023	0.000702542	0.000781736
0.131560787	0.000536025	-0.001232526	0.000781191
0.131630959	0.000536027	-0.000420595	0.000780874
0.131701131	0.000536029	0.00102331	0.000781218
0.131771303	0.000536031	0.000642864	0.000781727
0.131841475	0.000536033	-5.56979E-05	0.00078074
0.131911647	0.000536036	-5.96246E-05	0.000781474
0.131981806	0.000536038	0.001681798	0.000781591
0.132051978	0.00053604	0.001405848	0.000781486
0.13212215	0.000536042	0.001656644	0.000780874
0.132192322	0.000536045	0.003279385	0.000780974
0.132262494	0.000536047	0.003004212	0.000781373
0.132332666	0.000536049	0.002730935	0.000781541
0.132402838	0.000536051	-0.000166026	0.000781311
0.13247301	0.000536054	0.00126673	0.000781297
0.132543168	0.000536056	0.001547286	0.000780439
0.13261334	0.000536059	0.002666658	0.000780253
0.132683512	0.000536061	0.000790239	0.000780722
0.132753685	0.000536063	0.003201285	0.000780564
0.132823857	0.000536066	0.003487609	0.000780754
0.132894029	0.000536068	0.004134057	0.000780769
0.132964201	0.000536071	0.003246983	0.000780948
0.133034373	0.000536073	0.001997044	0.000781031
0.133104531	0.000536076	0.000100466	0.000780827
0.133174703	0.000536079	0.003395474	0.000780719
0.133244875	0.000536081	0.00218045	0.000780597
0.133315047	0.000536084	0.003763928	0.000780859
0.133385219	0.000536086	0.004528038	0.00078039
0.133455391	0.000536089	0.003253945	0.000780761
0.133525564	0.000536092	0.004021477	0.000780563
0.133595736	0.000536094	0.002609951	0.000780516
0.133665908	0.000536097	0.001877464	0.00078051
0.133736066	0.0005361	0.000329454	0.000780275
0.133806238	0.000536103	0.001113247	0.000779975
0.13387641	0.000536105	0.002767864	0.000779871
0.133946582	0.000536108	0.003859454	0.000780434
0.134016754	0.000536111	0.002840429	0.000780237
0.134086926	0.000536114	0.003430329	0.000779783
0.134157098	0.000536117	0.000763842	0.000779734
0.13422727	0.00053612	0.001700911	0.000779751
0.134297429	0.000536123	0.00231573	0.00077951
0.134367601	0.000536126	0.002718299	0.000779947
0.134437773	0.000536128	0.002764861	0.000779599
0.134507945	0.000536131	0.003047548	0.000779516
0.134578117	0.000536134	0.001212549	0.000779322
0.134648289	0.000536137	-0.00033719	0.000779045
0.134718461	0.00053614	0.001906765	0.000779761
0.134788633	0.000536144	0.001036582	0.000779566
0.134858792	0.000536147	8.06181E-05	0.00077938
0.134928964	0.00053615	0.002248503	0.000779186
0.134999136	0.000536153	0.00327884	0.000779739
0.135069308	0.000536156	0.003818895	0.000779362
0.13513948	0.000536159	0.002268423	0.000779356
0.135209652	0.000536162	0.001940988	0.000779056
0.135279824	0.000536166	0.00187687	0.000779506
0.135349996	0.000536169	0.00353295	0.000779173
0.135420168	0.000536172	0.001393551	0.000779119
0.135490327	0.000536175	0.002260692	0.000779042
0.135560499	0.000536179	0.003009134	0.000778947
0.135630671	0.000536182	0.00288001	0.000778844
0.135700843	0.000536185	0.002451399	0.000778925
0.135771015	0.000536189	0.001064335	0.000778548
0.135841187	0.000536192	0.002327314	0.000778865
0.135911359	0.000536195	0.001765005	0.0007788
0.135981531	0.000536199	0.002096776	0.000778642
0.13605169	0.000536202	0.003987373	0.000779304
0.136121862	0.000536206	0.005287808	0.000778689
0.136192034	0.000536209	0.005322771	0.000779216
0.136262206	0.000536213	0.004511616	0.0007788
0.136332378	0.000536216	0.003361804	0.00077823
0.13640255	0.00053622	0.003875164	0.00077837
0.136472722	0.000536223	0.003562412	0.000778198
0.136542894	0.000536227	0.003013139	0.000778489
0.136613053	0.00053623	0.003836123	0.000778531
0.136683225	0.000536234	0.005650688	0.000778786
0.136753397	0.000536238	0.004974343	0.000778517
0.136823569	0.000536241	0.00668966	0.000778195
0.136893741	0.000536245	0.003399164	0.000778298
