Wave-Number (cm-1)	u(Wave-Number) (cm-1)	Absorbance	u(Absorbance)
0.040886334	6.31999E-05	-0.000863253	0.000956892
0.040951545	6.32951E-05	-0.002661253	0.000956593
0.041016752	6.33904E-05	-0.002999365	0.00095705
0.041081963	6.34856E-05	-0.00472674	0.000956822
0.041147171	6.35809E-05	-0.004091507	0.000956499
0.041212382	6.36761E-05	-0.001740985	0.000956105
0.04127759	6.37714E-05	-0.00330431	0.000955931
0.041342801	6.38667E-05	-0.004146741	0.000955924
0.041408009	6.3962E-05	-0.002905736	0.000956169
0.04147322	6.40573E-05	-0.00563713	0.000955881
0.041538428	6.41526E-05	-0.005140895	0.000956164
0.041603639	6.42479E-05	-0.004207542	0.000956839
0.041668846	6.43433E-05	-0.003072425	0.000956055
0.041734057	6.44386E-05	-0.003251336	0.000955641
0.041799265	6.45339E-05	-0.004342142	0.000955895
0.041864476	6.46293E-05	-0.002978289	0.000955979
0.041929684	6.47246E-05	-0.001894348	0.000955546
0.041994895	6.482E-05	-0.002678627	0.000956173
0.042060103	6.49154E-05	-0.000682679	0.000955817
0.042125314	6.50108E-05	0.000459912	0.000955958
0.042190522	6.51061E-05	0.001108767	0.000955937
0.042255733	6.52015E-05	0.001296935	0.000955787
0.04232094	6.52969E-05	0.001296935	0.000955787
0.042386151	6.53923E-05	0.003156414	0.000955918
0.042451362	6.54878E-05	0.00174492	0.000954933
0.04251657	6.55832E-05	0.002370707	0.000955116
0.042581781	6.56786E-05	0.002754504	0.000956363
0.042646989	6.57741E-05	0.004199089	0.000955273
0.0427122	6.58695E-05	0.00201612	0.00095658
0.042777408	6.5965E-05	0.003960141	0.000955712
0.042842619	6.60604E-05	0.004532876	0.000955442
0.042907827	6.61559E-05	0.003924718	0.000954311
0.042973038	6.62514E-05	0.004535765	0.000955502
0.043038245	6.63469E-05	0.003561033	0.000955533
0.043103456	6.64424E-05	0.004261742	0.000955223
0.043168664	6.65379E-05	0.003447092	0.000955873
0.043233875	6.66334E-05	0.002136722	0.000955675
0.043299083	6.67289E-05	0.002524422	0.000954931
0.043364294	6.68244E-05	0.003164852	0.000954731
0.043429502	6.69199E-05	0.003714709	0.000955348
0.043494713	6.70155E-05	0.001850888	0.000954414
0.043559921	6.7111E-05	0.002709534	0.000954722
0.043625132	6.72066E-05	0.000205134	0.000954612
0.043690339	6.73021E-05	0.000593348	0.00095387
0.04375555	6.73977E-05	0.000715898	0.00095371
0.043820758	6.74932E-05	-0.000750311	0.000954262
0.043885969	6.75888E-05	-0.001430336	0.000953508
0.043951177	6.76844E-05	-0.001135477	0.000952841
0.044016388	6.778E-05	-0.004590115	0.000952889
0.044081599	6.78756E-05	-0.002815137	0.000952089
0.044146807	6.79712E-05	-0.002853081	0.000952733
0.044212018	6.80668E-05	-0.003868359	0.000952375
0.044277226	6.81624E-05	-0.004824485	0.000951849
0.044342437	6.82581E-05	-0.004843075	0.000951374
0.044407644	6.83537E-05	-0.003154467	0.000951684
0.044472855	6.84493E-05	-0.005758456	0.000951859
0.044538063	6.8545E-05	-0.003990808	0.000951737
0.044603274	6.86406E-05	-0.00519598	0.000951411
0.044668482	6.87363E-05	-0.005138147	0.000951242
0.044733693	6.88319E-05	-0.002134117	0.00095216
0.044798901	6.89276E-05	-0.005201807	0.000952089
0.044864112	6.90233E-05	-0.003764854	0.000950944
0.04492932	6.9119E-05	-0.005258473	0.00095146
0.044994531	6.92147E-05	-0.002948073	0.000951213
0.045059738	6.93104E-05	-0.003436093	0.000950316
0.045124949	6.94061E-05	-0.003279791	0.000950987
0.045190157	6.95018E-05	-0.000102004	0.000951342
0.045255368	6.95975E-05	-0.003279406	0.000951783
0.045320576	6.96932E-05	-0.003296687	0.000950572
0.045385787	6.97889E-05	-0.002020567	0.000951027
0.045450995	6.98847E-05	-0.001321376	0.000950777
0.045516206	6.99804E-05	-0.000648257	0.000950671
0.045581414	7.00761E-05	-0.000609305	0.000950824
0.045646625	7.01719E-05	-0.000650845	0.000951349
0.045711836	7.02677E-05	0.002019513	0.00095107
0.045777043	7.03634E-05	0.00228844	0.000951287
0.045842254	7.04592E-05	0.002659988	0.00095093
0.045907462	7.0555E-05	0.001358779	0.000951472
0.045972673	7.06508E-05	0.002847077	0.000950782
0.046037881	7.07465E-05	0.003510228	0.00095044
0.046103092	7.08423E-05	0.00262602	0.000950896
0.0461683	7.09381E-05	0.003566801	0.000950272
0.046233511	7.10339E-05	0.003292025	0.000950613
0.046298719	7.11298E-05	0.0034959	0.000950144
0.04636393	7.12256E-05	0.002193342	0.000949949
0.046429137	7.13214E-05	0.001819422	0.000950246
0.046494348	7.14172E-05	0.003557912	0.000949419
0.046559556	7.15131E-05	0.002436552	0.000950309
0.046624767	7.16089E-05	0.001186397	0.000949828
0.046689975	7.17048E-05	0.001042812	0.000949512
0.046755186	7.18006E-05	0.000870997	0.000949281
0.046820394	7.18965E-05	0.000922491	0.000948996
0.046885605	7.19923E-05	-0.000609174	0.000949354
0.046950813	7.20882E-05	0.000561402	0.000948854
0.047016024	7.21841E-05	-0.002238849	0.000948144
0.047081231	7.228E-05	-0.002523906	0.000948249
0.047146442	7.23758E-05	-0.002085707	0.000947962
0.04721165	7.24717E-05	-0.003953621	0.000947861
0.047276861	7.25676E-05	-0.002849802	0.000948142
0.047342072	7.26635E-05	-0.00303702	0.000947499
0.04740728	7.27594E-05	-0.004359951	0.000947333
0.047472491	7.28554E-05	-0.005537051	0.00094675
0.047537699	7.29513E-05	-0.004135177	0.000947337
0.04760291	7.30472E-05	-0.006727528	0.000946604
0.047668118	7.31431E-05	-0.006776495	0.000947006
0.047733329	7.32391E-05	-0.006503251	0.000946608
0.047798536	7.3335E-05	-0.00740209	0.000946534
0.047863747	7.3431E-05	-0.005021692	0.000946039
0.047928955	7.35269E-05	-0.006128093	0.000945948
0.047994166	7.36229E-05	-0.004792167	0.000945192
0.048059374	7.37188E-05	-0.005574058	0.000946053
0.048124585	7.38148E-05	-0.006700795	0.000945435
0.048189793	7.39108E-05	-0.005977839	0.000945708
0.048255004	7.40068E-05	-0.00495385	0.000945501
0.048320212	7.41027E-05	-0.003366143	0.000946545
0.048385423	7.41987E-05	-0.003400139	0.000945421
0.04845063	7.42947E-05	-0.003715813	0.000945731
0.048515841	7.43907E-05	-0.004087533	0.00094651
0.048581049	7.44867E-05	-0.003667318	0.000945572
0.04864626	7.45827E-05	-0.002474154	0.000945415
0.048711468	7.46788E-05	-0.002932651	0.000945657
0.048776679	7.47748E-05	-0.001188026	0.000945368
0.048841887	7.48708E-05	0.000498135	0.000945856
0.048907098	7.49668E-05	0.000574141	0.000945796
0.048972309	7.50629E-05	-0.001981371	0.000944965
0.049037517	7.51589E-05	0.001131437	0.000945902
0.049102727	7.5255E-05	0.002829491	0.000945656
0.049167935	7.5351E-05	0.001342493	0.000945553
0.049233146	7.54471E-05	0.002147316	0.000945221
0.049298354	7.55431E-05	0.003049313	0.000945665
0.049363565	7.56392E-05	0.002992578	0.000945466
0.049428773	7.57353E-05	0.002150276	0.00094534
0.049493984	7.58313E-05	0.001308584	0.000945215
0.049559192	7.59274E-05	0.002477104	0.000945508
0.049624403	7.60235E-05	0.003078526	0.00094479
0.049689611	7.61196E-05	0.002327498	0.000945201
0.049754822	7.62157E-05	0.002369131	0.000944803
0.049820029	7.63118E-05	0.000850099	0.000945456
0.04988524	7.64079E-05	0.00168549	0.000944796
0.049950448	7.6504E-05	0.00099922	0.000945217
0.050015659	7.66001E-05	0.000912122	0.0009448
0.050080867	7.66962E-05	0.00058911	0.000944206
0.050146078	7.67924E-05	0.000105734	0.000944467
0.050211286	7.68885E-05	-0.00261504	0.000944136
0.050276497	7.69846E-05	-0.002070002	0.000943765
0.050341705	7.70807E-05	-0.001890524	0.000943745
0.050406916	7.71769E-05	-0.001952589	0.000943854
0.050472123	7.7273E-05	-0.002426507	0.000943926
0.050537334	7.73692E-05	-0.00307959	0.000943356
0.050602545	7.74653E-05	-0.003585388	0.000943755
0.050667753	7.75615E-05	-0.00326083	0.000942596
0.050732964	7.76577E-05	-0.005469186	0.000943076
0.050798172	7.77538E-05	-0.005329175	0.000943025
0.050863383	7.785E-05	-0.005718205	0.000942732
0.050928591	7.79462E-05	-0.003863782	0.000941869
0.050993802	7.80424E-05	-0.005222416	0.00094252
0.05105901	7.81386E-05	-0.007703532	0.000942559
0.05112422	7.82347E-05	-0.006530347	0.000942352
0.051189428	7.83309E-05	-0.006761324	0.000942295
0.051254639	7.84271E-05	-0.006547527	0.000942066
0.051319847	7.85233E-05	-0.005129384	0.000941967
0.051385058	7.86196E-05	-0.00430991	0.000942702
0.051450266	7.87158E-05	-0.004987447	0.000942035
0.051515477	7.8812E-05	-0.006860726	0.000942493
0.051580685	7.89082E-05	-0.005817198	0.00094215
0.051645896	7.90044E-05	-0.00418046	0.000942059
0.051711104	7.91007E-05	-0.003129957	0.000942733
0.051776315	7.91969E-05	-0.002165541	0.000942214
0.051841522	7.92931E-05	-0.002783237	0.000942099
0.051906733	7.93894E-05	-0.001529499	0.000941953
0.051971941	7.94856E-05	-0.002486741	0.000942828
0.052037152	7.95819E-05	-0.000894771	0.000942236
0.05210236	7.96781E-05	0.00010538	0.000942171
0.052167571	7.97744E-05	0.000920973	0.000942433
0.052232782	7.98707E-05	0.001507322	0.000942757
0.052297993	7.99669E-05	0.001709308	0.000942598
0.052363198	8.00632E-05	0.001939443	0.000942537
0.052428409	8.01595E-05	0.004542748	0.00094309
0.052493619	8.02558E-05	0.003351497	0.000942393
0.05255883	8.0352E-05	0.00379611	0.000942648
0.052624035	8.04483E-05	0.004529775	0.000942616
0.052689246	8.05446E-05	0.005032305	0.000943069
0.052754457	8.06409E-05	0.00356757	0.000942283
0.052819668	8.07372E-05	0.004390728	0.000942241
0.052884873	8.08335E-05	0.004168281	0.000942113
0.052950084	8.09298E-05	0.00388928	0.000942756
0.053015295	8.24878E-05	0.004925764	0.000942486
0.053080506	8.24951E-05	0.004348073	0.000942093
0.053145711	8.25088E-05	0.002936634	0.00094278
0.053210922	8.25288E-05	0.003979048	0.000941778
0.053276133	8.25551E-05	0.000859389	0.000941999
0.053341345	8.25879E-05	0.001630076	0.000941453
0.05340655	8.2627E-05	0.002200039	0.000942151
0.053471761	8.26725E-05	0.001599418	0.000941779
0.053536973	8.27245E-05	0.000554088	0.000941577
0.053602185	8.27829E-05	0.001585095	0.000941187
0.05366739	8.28478E-05	-0.000984492	0.000941043
0.053732602	8.29191E-05	-2.94434E-06	0.000941353
0.053797814	8.29969E-05	-0.004516026	0.000941184
0.053863026	8.30811E-05	-0.001962449	0.000940852
0.053928238	8.31718E-05	-0.002428109	0.000940619
0.053993444	8.3269E-05	-0.001188748	0.000941084
0.054058656	8.33726E-05	-0.003555471	0.000940547
0.054123868	8.34827E-05	-0.002959925	0.000940917
0.054189081	8.35993E-05	-0.002817718	0.000940985
0.054254287	8.37223E-05	-0.003319339	0.000940182
0.0543195	8.38518E-05	-0.004255435	0.000940021
0.054384712	8.39877E-05	-0.005213887	0.000939998
0.054449925	8.41301E-05	-0.003035432	0.000940317
0.054515131	8.42789E-05	-0.003328613	0.000940369
0.054580344	8.44341E-05	-0.002783427	0.000940119
0.054645557	8.45957E-05	-0.005207831	0.000940352
0.05471077	8.47637E-05	-0.001965475	0.000940075
0.054775977	8.49381E-05	-0.001463204	0.000940219
0.05484119	8.51189E-05	-0.002245005	0.000940175
0.054906404	8.5306E-05	-0.002467068	0.000940589
0.054971617	8.54994E-05	-0.001664777	0.000940378
0.055036824	8.56991E-05	-0.00096439	0.000940787
0.055102038	8.59051E-05	-0.000128353	0.00094091
0.055167251	8.61173E-05	0.001022051	0.000940727
0.055232465	8.63358E-05	1.75837E-05	0.000940555
0.055297672	8.65605E-05	0.002274409	0.000941007
0.055362886	8.67914E-05	0.002052262	0.000940339
0.0554281	8.70284E-05	0.002689502	0.000941163
0.055493314	8.72716E-05	0.003154074	0.000940737
0.055558528	8.75209E-05	0.004300309	0.000941284
0.055623736	8.77762E-05	0.004660781	0.00094082
0.05568895	8.80376E-05	0.005726778	0.000941191
0.055754164	8.8305E-05	0.005374031	0.000941468
0.055819379	8.85783E-05	0.006507049	0.000941001
0.055884587	8.88576E-05	0.003863408	0.000941386
0.055949801	8.91428E-05	0.005784948	0.000941266
0.056015016	8.94339E-05	0.006285708	0.000941417
0.056080231	8.97309E-05	0.008406402	0.000941023
0.056145439	9.00336E-05	0.005748559	0.000941718
0.056210654	9.03421E-05	0.007280058	0.000941362
0.056275869	9.06563E-05	0.006019036	0.000941022
0.056341084	9.09763E-05	0.006090166	0.000940905
0.056406293	9.13018E-05	0.003611801	0.000940739
0.056471508	9.1633E-05	0.002318737	0.00094037
0.056536723	9.19698E-05	0.002335257	0.000940778
0.056601938	9.23121E-05	0.005314331	0.00094079
0.056667148	9.26599E-05	0.002165935	0.00094055
0.056732363	9.30132E-05	0.002875252	0.000940174
0.056797579	9.33719E-05	0.00284482	0.000940017
0.056862794	9.37359E-05	0.000424793	0.000940115
0.056928004	9.41053E-05	-0.000391139	0.000940096
0.056993219	9.448E-05	-0.000388366	0.000940274
0.057058435	9.48599E-05	0.000416249	0.000939582
0.057123651	9.52451E-05	-0.000596382	0.000939838
0.057188867	9.56354E-05	-0.001179419	0.000939397
0.057254077	9.60308E-05	-0.00321492	0.000939681
0.057319293	9.64313E-05	-0.002728333	0.000939119
0.057384509	9.68369E-05	-0.002738168	0.000939067
0.057449726	9.72475E-05	-0.003987863	0.000938378
0.057514936	9.7663E-05	-0.003314684	0.000938982
0.057580152	9.80834E-05	-0.002518014	0.000938417
0.057645369	9.85087E-05	-0.003150595	0.000938197
0.057710586	9.89389E-05	-0.002466769	0.000938854
0.057775796	9.93737E-05	-0.00281861	0.000938474
0.057841013	9.98134E-05	-0.000982515	0.000938465
0.05790623	0.000100258	-0.003753075	0.000938969
0.057971447	0.000100707	-0.004078989	0.00093839
0.058036658	0.00010116	-0.002306286	0.000938549
0.058101875	0.000101619	-0.001076002	0.000938957
0.058167092	0.000102081	-0.001697398	0.00093831
0.058232309	0.000102549	-0.000748352	0.000938222
0.05829752	0.00010302	0.000604837	0.000938775
0.058362738	0.000103497	-0.00035019	0.000939165
0.058427955	0.000103977	9.5596E-05	0.000938397
0.058493173	0.000104462	0.000947285	0.000938446
0.058558384	0.000104951	0.00092189	0.000939125
0.058623602	0.000105444	0.003069145	0.00093876
0.05868882	0.000105942	0.002855785	0.000938627
0.058754038	0.000106444	0.002127984	0.000938419
0.058819256	0.00010695	0.003343519	0.000939205
0.058884467	0.000107459	0.004713244	0.000938852
0.058949686	0.000107973	0.003973779	0.000938591
0.059014904	0.000108492	0.004784251	0.000938736
0.059080122	0.000109014	0.004944026	0.000938912
0.059145334	0.000109539	0.007459653	0.000938806
0.059210553	0.000110069	0.006062521	0.000938396
0.059275771	0.000110603	0.005453497	0.000939114
0.05934099	0.000111141	0.007095045	0.00093855
0.059406202	0.000111682	0.005441035	0.000938102
0.059471421	0.000112227	0.004767423	0.00093881
0.05953664	0.000112776	0.004834792	0.000938517
0.059601859	0.000113328	0.006535575	0.000937786
0.059667072	0.000113884	0.004977716	0.000938765
0.059732291	0.000114444	0.003319867	0.000937964
0.05979751	0.000115007	0.005417709	0.0009383
0.059862729	0.000115574	0.004311285	0.000937128
0.059927942	0.000116145	0.001784216	0.000937611
0.059993162	0.000116718	0.004169334	0.000937359
0.060058381	0.000117296	0.002812474	0.000937284
0.060123601	0.000117877	0.001407071	0.000936951
0.060188814	0.000118461	0.000292793	0.000936988
0.060254034	0.000119048	0.000188915	0.000936771
0.060319254	0.000119639	-0.000912132	0.000936383
0.060384473	0.000120233	-0.003036632	0.000936323
0.060449693	0.00012083	-0.000528179	0.000936439
0.060514907	0.000121431	-0.002829883	0.000936102
0.060580127	0.000122034	-0.003328871	0.000936256
0.060645347	0.000122641	-0.002358021	0.00093597
0.060710568	0.000123251	-0.003174101	0.000936253
0.060775782	0.000123864	-0.004674329	0.000935531
0.060841002	0.00012448	-0.002782439	0.000935531
0.060906223	0.0001251	-0.004168239	0.000936083
0.060971443	0.000125722	-0.00329718	0.000935104
0.061036658	0.000126347	-0.005004305	0.000935257
0.061101878	0.000126975	-0.004369116	0.000935174
0.061167099	0.000127606	-0.003223642	0.000935165
0.06123232	0.00012824	-0.00189827	0.00093561
0.061297535	0.000128877	-0.002057713	0.00093526
0.061362756	0.000129517	-0.004365152	0.000934698
0.061427977	0.00013016	-0.001556591	0.000935284
0.061493198	0.000130805	-0.001686769	0.000935089
0.061558413	0.000131453	0.000337531	0.000934633
0.061623635	0.000132104	-0.001954682	0.000935476
0.061688856	0.000132758	-0.000696762	0.000934908
0.061754078	0.000133414	0.000454026	0.000935077
0.061819293	0.000134073	-0.000979395	0.000934891
0.061884515	0.000134735	0.000580546	0.000935572
0.061949736	0.0001354	0.000847899	0.000935185
0.062014958	0.000136067	0.00292174	0.000935289
0.06208018	0.000136736	0.000390096	0.000935067
0.062145396	0.000137408	0.002735895	0.000935613
0.062210618	0.000138083	0.00286437	0.000935156
0.06227584	0.00013876	0.003097159	0.000935391
0.062341062	0.00013944	0.004062783	0.000935232
0.062406278	0.000140122	0.004576303	0.000935308
0.062471501	0.000140807	0.004086298	0.000935035
0.062536723	0.000141494	0.004086298	0.000935035
0.062601946	0.000142184	0.004065594	0.000934456
0.062667162	0.000142876	0.004005008	0.000934622
0.062732385	0.00014357	0.004376615	0.000934928
0.062797608	0.000144267	0.003441518	0.000934765
0.062862831	0.000144966	0.001651067	0.000934676
0.062928047	0.000145668	0.001130297	0.000934074
0.06299327	0.000146371	0.003910121	0.000933983
0.063058493	0.000147077	0.001470925	0.000933749
0.063123717	0.000147786	0.001340101	0.000933554
0.063188934	0.000148496	-5.62279E-06	0.000933657
0.063254157	0.000149209	0.000935513	0.00093387
0.06331938	0.000149924	-0.000783912	0.000933318
0.063384604	0.000151656	-0.002086186	0.000933803
0.063449823	0.000151661	-0.001178835	0.000933035
0.063515048	0.000151672	-0.001174034	0.000932737
0.063580275	0.000151687	-0.00152698	0.000932835
0.063645503	0.000151707	-0.004255063	0.000932312
0.063710732	0.000151732	-0.00477506	0.000932836
0.063775956	0.000151761	-0.003522919	0.000932918
0.063841188	0.000151796	-0.005535991	0.000931902
0.06390642	0.000151836	-0.004944838	0.000931969
0.063971653	0.000151881	-0.005481451	0.000931683
0.064036882	0.000151931	-0.005954846	0.000930764
0.064102117	0.000151985	-0.005917206	0.000931496
0.064167354	0.000152045	-0.008140745	0.000930655
0.064232592	0.00015211	-0.00560522	0.000930959
0.064297824	0.00015218	-0.00504663	0.000931227
0.064363064	0.000152255	-0.005102199	0.000931095
0.064428305	0.000152335	-0.006438509	0.000931316
0.064493547	0.00015242	-0.005809726	0.000930826
0.064558784	0.00015251	-0.004498299	0.000931327
0.064624028	0.000152605	-0.005654167	0.000931056
0.064689273	0.000152705	-0.005413663	0.000930634
0.06475452	0.00015281	-0.003339533	0.000930894
0.064819761	0.00015292	-0.002229967	0.000931263
0.06488501	0.000153036	-0.001635236	0.000930623
0.064950259	0.000153156	-0.002379544	0.000931262
0.06501551	0.000153282	-0.001178967	0.000930856
0.065080755	0.000153413	-0.000205872	0.000931039
0.065146008	0.000153548	0.000306455	0.0009307
0.065211262	0.000153689	0.000619295	0.000931575
0.065276517	0.000153835	0.00247678	0.000930955
0.065341773	0.000153986	0.001716295	0.000931134
0.065407024	0.000154142	0.000449791	0.000931177
0.065472283	0.000154304	0.001276046	0.000930593
0.065537542	0.00015447	0.003078597	0.000930546
0.065602802	0.000154641	0.00175856	0.000930394
0.065668058	0.000154818	0.001153241	0.000930865
0.06573332	0.000154999	0.002656164	0.000930816
0.065798584	0.000155186	0.002654472	0.000930463
0.065863849	0.000155378	0.002764774	0.00093079
0.065929108	0.000155575	0.001920319	0.000930563
0.065994375	0.000155777	0.002190791	0.000930706
0.066059643	0.000155984	0.003627169	0.00093071
0.066124912	0.000156196	0.003753525	0.000931143
0.066190176	0.000156413	0.001795115	0.00093013
0.066255447	0.000156635	0.000279696	0.000930426
0.066320719	0.000156862	0.003237038	0.000930011
0.066385993	0.000157094	0.000110523	0.000930029
0.066451261	0.000157332	0.000234076	0.000930109
0.066516537	0.000157574	0.000455399	0.000930348
0.066581813	0.000157821	-0.000659833	0.000930041
0.066647091	0.000158074	-0.002866417	0.00092912
0.066712364	0.000158331	-0.001168556	0.000929263
0.066777643	0.000158593	-0.002993197	0.000929102
0.066842924	0.000158861	-0.002426093	0.000928895
0.066908206	0.000159133	-0.001198587	0.000929052
0.066973489	0.00015941	-0.002698214	0.000928814
0.067038767	0.000159692	-0.004747723	0.000928889
0.067104053	0.00015998	-0.002846986	0.000928462
0.067169339	0.000160272	-0.004883569	0.000928353
0.067234626	0.000160569	-0.005282692	0.000928605
0.067299909	0.00016087	-0.004143116	0.000928419
0.067365198	0.000161177	-0.006527895	0.000928466
0.067430489	0.000161489	-0.005226008	0.000928386
0.067495781	0.000161805	-0.005136473	0.000928316
0.067561067	0.000162126	-0.006385502	0.000928239
0.067626361	0.000162453	-0.004019533	0.000928148
0.067691656	0.000162784	-0.004726858	0.000928231
0.067756952	0.000163119	-0.005387859	0.000927929
0.067822243	0.00016346	-0.005901032	0.000927979
0.067887542	0.000163805	-0.003352256	0.000927688
0.067952841	0.000164155	-0.00422387	0.000928015
0.068018141	0.00016451	-0.004030246	0.000927981
0.068083436	0.00016487	-0.002645121	0.000927955
0.068148739	0.000165234	-0.002388292	0.000928281
0.068214043	0.000165603	-0.002168133	0.000927818
0.068279347	0.000165976	-0.001885013	0.000928065
0.068344647	0.000166355	-0.001232664	0.000927851
0.068409954	0.000166738	0.000962324	0.000928253
0.068475262	0.000167125	0.000763674	0.000927998
0.068540571	0.000167517	0.001096496	0.000928149
0.068605881	0.000167914	0.000483747	0.000928039
0.068671186	0.000168315	0.002675827	0.000927803
0.068736498	0.000168721	0.002270051	0.000928176
0.068801812	0.000169132	0.002923386	0.000928726
0.068867126	0.000169547	0.003181524	0.000928701
0.068932435	0.000169966	0.004291504	0.00092837
0.068997752	0.00017039	0.004520723	0.000928486
0.06906307	0.000170818	0.004065716	0.000928192
0.069128388	0.000171251	0.003685659	0.000928487
0.069193702	0.000171688	0.005005861	0.000928227
0.069259023	0.00017213	0.004034518	0.000927982
0.069324345	0.000172576	0.00327221	0.000927458
0.069389668	0.000173026	0.00293543	0.00092813
0.069454986	0.000173481	0.004584423	0.000928495
0.069520311	0.00017394	0.003103967	0.000928175
0.069585638	0.000174403	0.003544196	0.000927951
0.069650965	0.000174871	0.004065716	0.000928192
0.069716287	0.000175343	0.002122544	0.000927764
0.069781617	0.000175819	0.001364787	0.000927941
0.069846947	0.000176299	0.001576571	0.000927601
0.069912279	0.000176784	-0.000848607	0.000927845
0.069977606	0.000177272	0.002734372	0.000927524
0.07004294	0.000177765	-0.000427944	0.000927227
0.070108275	0.000178262	-9.28468E-05	0.000926967
0.070173611	0.000178763	-0.000786447	0.000926456
0.070238948	0.000179268	-0.00089018	0.000927119
0.07030428	0.000179778	-0.00353605	0.00092655
0.070369619	0.000180291	-0.001944085	0.000926247
0.070434959	0.000180808	-0.001825131	0.000926736
0.070500301	0.00018133	-0.003008135	0.000926606
0.070565637	0.000181855	-0.003161252	0.000927016
0.070630981	0.000182384	-0.00185856	0.000926588
0.070696325	0.000182918	-0.002844191	0.000926363
0.070761671	0.000183455	-0.002784764	0.000926433
0.070827012	0.000183996	-0.003941208	0.000926574
0.07089236	0.000184541	-0.001973859	0.000926386
0.070957709	0.00018509	-0.00134876	0.000926251
0.071023059	0.000185643	0.000596647	0.000926842
0.071088404	0.000186199	-0.001806576	0.00092678
0.071153756	0.00018676	-0.000410214	0.000926572
0.07121911	0.000187324	-3.48372E-06	0.000926898
0.071284464	0.000187892	-0.000477199	0.000926624
0.071349813	0.000188463	0.000406347	0.000926814
0.07141517	0.000189039	0.001040563	0.000926906
0.071480527	0.000189618	0.003706734	0.000926946
0.071545886	0.0001902	0.00395557	0.000926695
0.07161124	0.000190787	0.003414502	0.000926821
0.071676601	0.000191377	0.002423862	0.000926595
0.071741963	0.000191971	0.005532835	0.000927584
0.071807326	0.000192568	0.007025216	0.000927722
0.07187269	0.000193169	0.006769913	0.000927273
0.071938049	0.000193773	0.005976951	0.000927241
0.072003415	0.000194381	0.005997753	0.000927635
0.072068783	0.000194993	0.006808227	0.000927478
0.072134151	0.000195608	0.006707205	0.000926911
0.072199514	0.000196226	0.00761023	0.000927504
0.072264885	0.000196848	0.007221106	0.000927746
0.072330257	0.000197473	0.00669442	0.000927507
0.072395629	0.000198102	0.006234244	0.000927394
0.072460997	0.000198734	0.007113513	0.000927477
0.072526372	0.00019937	0.006944645	0.000927314
0.072591748	0.000200009	0.006835754	0.000927574
0.072657125	0.000200651	0.005285246	0.000926955
0.072722497	0.000201296	0.006657177	0.000926949
0.072787876	0.000201945	0.006422331	0.000926662
0.072853257	0.000202598	0.00340808	0.000927002
0.072918638	0.000203253	0.004498636	0.000926978
0.072984015	0.000203912	0.005271653	0.000926907
0.073049398	0.000204574	0.003708299	0.00092677
0.073114783	0.000205239	0.003985456	0.000926672
0.073180169	0.000205907	0.003032164	0.000926533
0.073245549	0.000206578	0.002291451	0.000926171
0.073310937	0.000207253	0.00204922	0.000926067
0.073376326	0.000207931	0.002176123	0.000926086
0.073441716	0.000208612	0.001448079	0.000925658
0.073507107	0.000209296	-0.001133785	0.000925329
0.073572493	0.000209983	0.000679565	0.000925845
0.073637887	0.000210673	-0.002580324	0.000925693
0.073703281	0.000211366	-0.000529525	0.00092521
0.073768684	0.000212505	0.000392967	0.000925252
0.073834092	0.000212511	-0.000792667	0.000925355
0.073899515	0.000212522	1.48352E-05	0.000925312
0.073964947	0.000212537	8.50234E-05	0.000924909
0.074030388	0.000212557	-0.000197766	0.000924547
0.074095832	0.000212583	0.000984309	0.000925085
0.074161291	0.000212613	-0.000632482	0.000925057
0.074226759	0.000212647	-0.001793557	0.000925026
0.074292235	0.000212687	-0.000760462	0.000924924
0.074357715	0.000212732	0.000274783	0.000924936
0.07442321	0.000212781	0.000194895	0.000924649
0.074488714	0.000212835	0.000153079	0.000925263
0.074554227	0.000212895	0.002918074	0.000925046
0.074619743	0.000212959	0.002885528	0.000925362
0.074685274	0.000213028	0.000900793	0.000924569
0.074750814	0.000213102	0.001230524	0.000924662
0.074816363	0.000213181	0.001808331	0.000924449
0.074881914	0.000213265	0.003673126	0.000924812
0.074947481	0.000213354	0.003845734	0.000924562
0.075013057	0.000213448	0.004629548	0.000925181
0.075078642	0.000213546	0.005521404	0.000925427
0.075144236	0.00021365	0.008046154	0.000925407
0.075209833	0.000213759	0.006048078	0.000925137
0.075275445	0.000213873	0.005185459	0.000925102
0.075341066	0.000213991	0.007320643	0.000925324
0.075406696	0.000214115	0.006983651	0.000924999
0.075472328	0.000214244	0.006402231	0.000925097
0.075537976	0.000214377	0.007211905	0.000924414
0.075603633	0.000214516	0.008592919	0.000924343
0.075669299	0.00021466	0.008609076	0.000925032
0.075734968	0.000214808	0.005618806	0.000924593
0.075800652	0.000214962	0.007432763	0.000924653
0.075866345	0.000215121	0.008675761	0.000924629
0.075932047	0.000215284	0.008626334	0.000924142
0.075997751	0.000215453	0.006038641	0.000924677
0.076063471	0.000215627	0.004340492	0.000923948
0.0761292	0.000215806	0.007740665	0.00092424
0.076194938	0.000215989	0.005400867	0.000923828
0.076260679	0.000216178	0.006087945	0.000923998
0.076326435	0.000216372	0.00448792	0.000923718
0.0763922	0.000216571	0.004522074	0.000923517
0.076457973	0.000216775	0.00474847	0.000923459
0.07652375	0.000216983	0.003112933	0.000923152
0.076589542	0.000217197	0.002478229	0.000922945
0.076655343	0.000217416	0.003519691	0.000923302
0.076721153	0.00021764	0.001676916	0.000923331
0.076786972	0.000217869	0.001435599	0.000923227
0.076852793	0.000218103	0.000890156	0.000923011
0.07691863	0.000218342	0.000964924	0.000922954
0.076984476	0.000218585	0.000193836	0.000922796
0.077050331	0.000218834	-0.001400115	0.000922177
0.077116189	0.000219088	-0.000164504	0.000922379
0.077182062	0.000219347	-0.000356795	0.000922123
0.077247944	0.000219611	-0.000108349	0.000922798
0.077313834	0.000219879	-0.000159194	0.000921855
0.077379728	0.000220153	8.13212E-05	0.000921958
0.077445637	0.000220432	7.45286E-05	0.000922368
0.077511555	0.000220715	-0.000963586	0.000921899
0.077577482	0.000221004	7.80858E-05	0.00092173
0.077643411	0.000221297	0.000922839	0.00092183
0.077709356	0.000221596	0.002570146	0.000921659
0.07777531	0.000221899	0.001278284	0.000922018
0.077841273	0.000222207	0.001940565	0.000921681
0.077907239	0.000222521	0.003179113	0.000921884
0.077973219	0.000222839	0.002815086	0.000921239
0.078039209	0.000223162	0.003852897	0.000921481
0.078105208	0.000223489	0.004609093	0.000922115
0.07817121	0.000223822	0.005118078	0.000921665
0.078237227	0.00022416	0.005045703	0.000921837
0.078303252	0.000224502	0.004629683	0.000921867
0.078369287	0.000224849	0.005486673	0.000921788
0.078435331	0.000225202	0.005748903	0.000921644
0.078501378	0.000225558	0.008371622	0.000921368
0.07856744	0.00022592	0.007109598	0.000922048
0.078633511	0.000226287	0.009240983	0.000921746
0.07869959	0.000226658	0.009393015	0.000922269
0.078765673	0.000227034	0.01020822	0.000921933
0.078831771	0.000227415	0.010288013	0.000921581
0.078897878	0.000227801	0.009191254	0.000921784
0.078963993	0.000228191	0.011235963	0.000921494
0.079030112	0.000228586	0.010081031	0.000921915
0.079096246	0.000228986	0.009053274	0.000921309
0.079162389	0.000229391	0.010249224	0.000921553
0.079228541	0.0002298	0.008094927	0.000921987
0.079294695	0.000230214	0.008531841	0.000921187
0.079360865	0.000230633	0.008090405	0.000921236
0.079427044	0.000231056	0.007506035	0.000921105
0.079493232	0.000231484	0.009439795	0.00092107
0.079559422	0.000231917	0.007891588	0.000921389
0.079625628	0.000232354	0.007431058	0.000920004
0.079691843	0.000232796	0.008532219	0.000920665
0.079758067	0.000233242	0.006704741	0.000920851
0.079824293	0.000233693	0.006491502	0.000920321
0.079890535	0.000234149	0.007485692	0.000920194
0.079956786	0.000234609	0.008160999	0.000919907
0.080023046	0.000235074	0.007216324	0.000920227
0.080089315	0.000235543	0.006960406	0.000919787
0.080155586	0.000236016	0.007200608	0.000919488
0.080221873	0.000236495	0.007892368	0.000919477
0.080288169	0.000236977	0.008476635	0.000919607
0.080354474	0.000237464	0.008018891	0.000919496
0.080420781	0.000237956	0.008753424	0.000919916
0.080487104	0.000238452	0.007604631	0.000919524
0.080553436	0.000238952	0.009379825	0.000919204
0.080619776	0.000239457	0.010252122	0.000919578
0.08068612	0.000239966	0.009355373	0.000919223
0.080752479	0.00024048	0.008794347	0.000919364
0.080818847	0.000240998	0.011922102	0.000919689
0.080885223	0.00024152	0.011584971	0.000919773
0.080951603	0.000242047	0.010881797	0.000919558
0.081017998	0.000242578	0.011790212	0.000919848
0.081084401	0.000243113	0.01422135	0.000919962
0.081150814	0.000243652	0.016180662	0.000919917
0.08121723	0.000244196	0.016473701	0.000919693
0.081283661	0.000244744	0.020907785	0.000920331
0.0813501	0.000245296	0.021566873	0.000920764
0.081416549	0.000245852	0.022116373	0.000920579
0.081483001	0.000246413	0.023911166	0.000921027
0.081549467	0.000246978	0.024272354	0.000921104
0.081615943	0.000247547	0.027309027	0.000921316
0.081682428	0.00024812	0.028785775	0.000921428
0.081748922	0.000248697	0.030738813	0.000921948
0.081815418	0.000249278	0.032918037	0.000921946
0.08188193	0.000249863	0.035001512	0.000922555
0.081948451	0.000250453	0.034928745	0.000922432
0.082014981	0.000251046	0.03691216	0.000921754
0.082081513	0.000251644	0.038717854	0.000921988
0.082148061	0.000252245	0.040772406	0.000922573
0.082214618	0.000252851	0.042824713	0.000923227
0.082281183	0.00025346	0.043541183	0.000922802
0.082347752	0.000254074	0.045671299	0.000923223
0.082414336	0.000254691	0.048904721	0.0009242
0.082480928	0.000255313	0.051362587	0.000924207
0.08254753	0.000255938	0.051668088	0.000924277
0.082614134	0.000256567	0.052516345	0.0009243
0.082680754	0.0002572	0.056845796	0.000924718
0.082747383	0.000257837	0.05710132	0.000925073
0.082814021	0.000258478	0.061725638	0.000925903
0.082880661	0.000259123	0.062717587	0.000925458
0.082947317	0.000259771	0.067238244	0.000926211
0.083013982	0.000260423	0.067488155	0.00092596
0.083080655	0.00026108	0.069927016	0.000926335
0.083147332	0.000261739	0.06925628	0.000926719
0.083214024	0.000262403	0.074985079	0.00092759
0.083280724	0.00026307	0.077110955	0.00092729
0.083347434	0.000263741	0.079977062	0.000928056
0.083414153	0.000264416	0.082533574	0.000928504
0.083480874	0.000265094	0.087412238	0.000928782
0.083547611	0.000265776	0.087334622	0.000929219
0.083614357	0.000266462	0.09294869	0.000930236
0.083681111	0.000267151	0.094184721	0.000930829
0.083747869	0.000267844	0.100498329	0.000930987
0.083814642	0.000268541	0.104179767	0.000931488
0.083881423	0.000269241	0.109584822	0.000932971
0.083948214	0.000269945	0.1144928	0.000933698
0.084015007	0.000270652	0.117686338	0.000934106
0.084081816	0.000271363	0.122972716	0.000934597
0.084148637	0.000272372	0.127277134	0.00093605
0.084215459	0.000272378	0.132643872	0.000936209
0.084282274	0.00027239	0.138967058	0.000937686
0.084349094	0.000272407	0.143248804	0.000937979
0.084415914	0.000272429	0.152456941	0.000939567
0.084482733	0.000272456	0.159572997	0.000941511
0.084549544	0.000272488	0.163128573	0.000942444
0.084616361	0.000272526	0.170645031	0.000943786
0.084683178	0.000272568	0.178825745	0.000944709
0.084749994	0.000272616	0.18532342	0.000946665
0.084816802	0.000272669	0.196118979	0.000948091
0.084883616	0.000272728	0.203769619	0.000949937
0.08495043	0.000272791	0.211169923	0.000951247
0.085017242	0.00027286	0.220300362	0.000953566
0.085084054	0.000272934	0.227637539	0.00095523
0.085150859	0.000273014	0.236717994	0.000956973
0.085217669	0.000273098	0.244360854	0.000957894
0.085284478	0.000273188	0.255753284	0.000960911
0.085351287	0.000273283	0.266494567	0.000963575
0.085418088	0.000273384	0.276764921	0.000965243
0.085484896	0.00027349	0.28649925	0.000967664
0.085551702	0.000273601	0.297701951	0.000970458
0.085618507	0.000273717	0.307004203	0.000972905
0.085685306	0.000273839	0.316797594	0.000974878
0.08575211	0.000273966	0.326870604	0.000978118
0.085818913	0.000274098	0.339649159	0.000981048
0.085885715	0.000274236	0.352824112	0.000984439
0.08595251	0.000274379	0.362716279	0.000987753
0.086019311	0.000274527	0.376956642	0.000990577
0.086086111	0.000274681	0.391771488	0.000994807
0.08615291	0.00027484	0.401069853	0.00099775
0.086219703	0.000275004	0.414456268	0.001001731
0.0862865	0.000275174	0.426438499	0.001005715
0.086353297	0.000275349	0.444582228	0.001010545
0.086420093	0.000275529	0.45926748	0.001015926
0.086486882	0.000275715	0.470583337	0.001019413
0.086553677	0.000275906	0.487264795	0.001025108
0.08662047	0.000276102	0.50336537	0.001030485
0.086687263	0.000276304	0.517648851	0.001034592
0.086754056	0.000276511	0.530227699	0.001040027
0.086820841	0.000276724	0.548451789	0.001045907
0.086887631	0.000276941	0.566669628	0.001052536
0.086954421	0.000277165	0.582144055	0.00105893
0.08702121	0.000277393	0.599499375	0.001065722
0.087087992	0.000277627	0.617913233	0.001073821
0.08715478	0.000277866	0.637327415	0.001081144
0.087221566	0.000278111	0.654720951	0.001088952
0.087288352	0.000278361	0.672259133	0.001096696
0.087355131	0.000278616	0.691947988	0.001105418
0.087421915	0.000278876	0.715565153	0.001116339
0.087488699	0.000279142	0.737072174	0.001127406
0.087555482	0.000279414	0.755242861	0.001137228
0.087622257	0.00027969	0.780576298	0.001149579
0.087689038	0.000279972	0.806106314	0.001163663
0.087755819	0.000280259	0.822258553	0.001172325
0.087822598	0.000280552	0.847313148	0.001186658
0.087889371	0.00028085	0.871588299	0.001201322
0.087956149	0.000281153	0.895845826	0.001216158
0.088022926	0.000281461	0.924031207	0.001234839
0.088089703	0.000281775	0.949023307	0.001251889
0.088156472	0.000282094	0.976240406	0.001270626
0.088223247	0.000282418	1.000355361	0.0012886
0.088290021	0.000282748	1.024421978	0.001306443
0.088356795	0.000283083	1.050736401	0.001326139
0.088423567	0.000283423	1.084534682	0.001352993
0.088490333	0.000283768	1.109802924	0.001375798
0.088557104	0.000284119	1.136731583	0.00139931
0.088623874	0.000284475	1.170382355	0.001430561
0.088690643	0.000284836	1.199519013	0.00145692
0.088757406	0.000285202	1.226478873	0.00148463
0.088824173	0.000285574	1.252576005	0.001511324
0.088890941	0.000285951	1.285771984	0.001545789
0.088957707	0.000286333	1.316930685	0.001580705
0.089024466	0.00028672	1.350801174	0.001619079
0.089091231	0.000287112	1.384977505	0.001660479
0.089157995	0.00028751	1.413396218	0.001696361
0.089224758	0.000287912	1.444215491	0.001736755
0.089291514	0.00028832	1.482758167	0.00178625
0.089358275	0.000288733	1.509229631	0.001824507
0.089425036	0.000289151	1.541342813	0.001873022
0.089491796	0.000289574	1.572522322	0.001920788
0.089558549	0.000290003	1.613278535	0.001983759
0.089625308	0.000290436	1.646248202	0.002038583
0.089692065	0.000290875	1.689413947	0.002112198
0.089758822	0.000291318	1.721534173	0.002169777
0.089825572	0.000291767	1.741832202	0.002207835
0.089892327	0.000292221	1.778725227	0.002278962
0.089959082	0.00029268	1.812444382	0.002348381
0.090025836	0.000293143	1.84948225	0.002423623
0.090092589	0.000293612	1.893679637	0.002521906
0.090159334	0.000294086	1.921520295	0.002582749
0.090226086	0.000294565	1.966821092	0.002689753
0.090292836	0.000295049	2.00442783	0.002782924
0.090359586	0.000295538	2.024270101	0.002831655
0.090426329	0.000296031	2.060772698	0.002930354
0.090493077	0.00029653	2.120636265	0.003095235
0.090559825	0.000297034	2.131397157	0.003126835
0.090626571	0.000297542	2.195111008	0.003316825
0.090693311	0.000298056	2.241573551	0.003464162
0.090760056	0.000298574	2.262420227	0.00353238
0.090826801	0.000299097	2.318028533	0.003722081
0.090893544	0.000299625	2.331300257	0.003769582
0.090960281	0.000300158	2.36886653	0.003905376
0.091027023	0.000300696	2.419170322	0.004095504
0.091093764	0.000301238	2.459495429	0.004258301
0.091160504	0.000301786	2.497481188	0.004416132
0.091227237	0.000302338	2.55651296	0.004675726
0.091293976	0.000302895	2.593748764	0.004849054
0.091360714	0.000303457	2.619439397	0.004969653
0.091427452	0.000304023	2.643186847	0.005083709
0.091494182	0.000304594	2.674283837	0.005235449
0.091560918	0.00030517	2.742634897	0.00560004
0.091627653	0.000305751	2.78076347	0.005808871
0.091694387	0.000306336	2.811580802	0.005991107
0.09176112	0.000306926	2.847695567	0.006205455
0.091827846	0.000307521	2.902286972	0.006543804
0.091894578	0.00030812	2.94720334	0.00684113
0.091961309	0.000308724	2.940306796	0.006793668
0.092028039	0.000309332	2.984500549	0.007090081
0.092094762	0.000309945	3.015173064	0.007311339
0.092161491	0.000310563	3.043657322	0.007518457
0.092228219	0.000311185	3.096195479	0.007916632
0.092294946	0.000311812	3.161845682	0.008445234
0.092361666	0.000312443	3.175036235	0.008557028
0.092428392	0.000313079	3.227359786	0.009008709
0.092495116	0.000313719	3.227331141	0.009008683
0.09256184	0.000314364	3.257192759	0.009282231
0.092628557	0.000315013	3.313891405	0.009817173
0.09269528	0.000315667	3.349203347	0.010162533
0.092762001	0.000316325	3.408280672	0.010786801
0.092828722	0.000316988	3.437616739	0.011098691
0.092895436	0.000317654	3.46305635	0.01138311
0.092962155	0.000318326	3.505590541	0.011875015
0.093028873	0.000319001	3.496150215	0.011755408
0.093095591	0.000319681	3.524669629	0.012099684
0.093162302	0.000320366	3.556532249	0.012492457
0.093229018	0.000321054	3.624525218	0.013362521
0.093295733	0.000321747	3.70303809	0.014437317
0.093362448	0.000322445	3.70815143	0.014510297
0.093429161	0.000323146	3.72822071	0.014808189
0.093495868	0.000323852	3.730900991	0.014846649
0.09356258	0.000324562	3.659014652	0.013814189
0.093629292	0.000325276	3.703893905	0.014439354
0.093696002	0.000325994	3.738890449	0.014963008
0.093762706	0.000326717	3.755055861	0.015201316
0.093829415	0.000327444	3.805088045	0.015964249
0.093896123	0.000328174	3.888078114	0.017359289
0.093962831	0.000328909	3.89787965	0.017520438
0.094029531	0.000329648	3.863705355	0.016948112
0.094096237	0.000330392	3.799249507	0.015875248
0.094162942	0.000331139	3.873601023	0.01710268
0.094229647	0.00033189	3.904525281	0.017629769
0.094296344	0.000332646	3.961221846	0.018660147
0.094363047	0.000333405	4.011057675	0.019615795
0.094429749	0.000334169	4.0355982	0.020097943
0.09449645	0.00033535	3.94511992	0.018361906
0.094563144	0.000335354	3.920421379	0.017906021
0.094629844	0.000335364	3.794403947	0.015789948
0.094696543	0.000335379	3.898481038	0.017522493
0.094763241	0.000335399	3.874231098	0.01710474
0.094829932	0.000335425	3.845392909	0.016611941
0.094896629	0.000335455	4.005618374	0.019488349
0.094963324	0.000335491	3.966346373	0.018728195
0.095030019	0.000335532	3.92054846	0.017906473
0.095096714	0.000335579	3.857879455	0.016808939
0.095163401	0.000335631	3.845236341	0.016611456
0.095230093	0.000335688	3.792456828	0.015748946
0.095296785	0.00033575	3.867132518	0.016959135
0.095363476	0.000335817	3.831961087	0.016378108
0.09543016	0.00033589	3.921437901	0.017909639
0.09549685	0.000335969	3.768536204	0.01537134
0.095563538	0.000336052	3.847176568	0.016617473
0.095630226	0.000336141	3.809868723	0.016014482
0.095696907	0.000336235	3.723866672	0.014702987
0.095763593	0.000336335	3.65027091	0.013657324
0.095830279	0.00033644	3.719327979	0.014629616
0.095896963	0.00033655	3.77702061	0.015496743
0.095963641	0.000336665	3.711452451	0.014518242
0.096030324	0.000336786	3.675542716	0.013991876
0.096097006	0.000336913	3.672467442	0.013956513
0.096163688	0.000337045	3.574777011	0.012666496
0.096230362	0.000337182	3.508617616	0.011858917
0.096297042	0.000337324	3.515195429	0.011933108
0.096363722	0.000337472	3.505465415	0.011811934
0.0964304	0.000337625	3.521172901	0.012007171
0.096497071	0.000337784	3.465156094	0.011347441
0.096563748	0.000337948	3.433766073	0.011001169
0.096630424	0.000338118	3.371155516	0.010333092
0.096697099	0.000338292	3.322321394	0.009841362
0.096763774	0.000338473	3.239400266	0.009070423
0.096830441	0.000338658	3.235041881	0.009028419
0.096897114	0.00033885	3.202750147	0.008742983
0.096963786	0.000339046	3.213425617	0.008836098
0.097030457	0.000339248	3.162059509	0.008401293
0.097097121	0.000339455	3.107898325	0.007954371
0.097163791	0.000339668	3.067238838	0.007641509
0.09723046	0.000339886	3.047360301	0.007494197
0.097297128	0.00034011	2.982883386	0.007034138
0.097363789	0.000340339	2.992092999	0.007094165
0.097430455	0.000340574	2.948734861	0.006797737
0.097497121	0.000340813	2.903901221	0.006503985
0.097563786	0.000341059	2.869564637	0.006288385
0.097630444	0.000341309	2.821432312	0.006000209
0.097697107	0.000341566	2.776963258	0.005743718
0.09776377	0.000341827	2.737192243	0.005519376
0.097830432	0.000342094	2.713774385	0.005398775
0.097897086	0.000342366	2.681393811	0.005232598
0.097963746	0.000342644	2.65112725	0.005081093
0.098030406	0.000342927	2.613132691	0.004894204
0.098097064	0.000343216	2.585772805	0.004765954
0.098163716	0.00034351	2.510974913	0.004430023
0.098230373	0.000343809	2.49022158	0.00434426
0.098297029	0.000344114	2.434846269	0.004120777
0.098363685	0.000344424	2.407291206	0.004012704
0.098430339	0.00034474	2.355720366	0.003818451
0.098496987	0.000345061	2.33733003	0.003753541
0.09856364	0.000345387	2.305599696	0.003643369
0.098630292	0.000345719	2.245847688	0.003442755
0.098696943	0.000346056	2.216172936	0.003345833
0.098763588	0.000346398	2.166339381	0.003196006
0.098830238	0.000346746	2.128255545	0.003083672
0.098896887	0.000347099	2.086129832	0.002966231
0.098963535	0.000347458	2.045098977	0.002857209
0.099030176	0.000347822	2.031650872	0.002821603
0.099096823	0.000348191	1.985486473	0.0027064
0.099163469	0.000348565	1.935728846	0.002587543
0.099230114	0.000348945	1.893627575	0.00249393
0.099296752	0.00034933	1.864167422	0.002427916
0.099363396	0.000349721	1.81568551	0.002325229
0.099430038	0.000350116	1.785205398	0.002266011
0.09949668	0.000350518	1.741451572	0.002182294
0.099563315	0.000350924	1.727509557	0.002157948
0.099629956	0.000351336	1.683967827	0.002078248
0.099696595	0.000351752	1.64732116	0.002016663
0.099763234	0.000352175	1.600795444	0.001939752
0.099829866	0.000352602	1.571167179	0.001894551
0.099896503	0.000353035	1.541512875	0.001849808
0.099963139	0.000353473	1.509751035	0.00180346
0.100029775	0.000353916	1.47661276	0.001756419
0.10009641	0.000354364	1.444634783	0.001714855
0.100163038	0.000354818	1.406538767	0.001666795
0.100229671	0.000355277	1.367309268	0.001618195
0.100296303	0.000355741	1.341342464	0.001587739
0.100362935	0.00035621	1.311729675	0.00155345
0.10042956	0.000356684	1.276748823	0.001516132
0.10049619	0.000357164	1.253444641	0.001491746
0.100562819	0.000357649	1.222894537	0.001460612
0.100629448	0.000358138	1.199378619	0.001437974
0.100696069	0.000358633	1.161379727	0.001402658
0.100762696	0.000359134	1.137197646	0.001379815
0.100829322	0.000359639	1.106476583	0.001353984
0.100895948	0.000360149	1.078957807	0.001331156
0.100962566	0.000360664	1.052354214	0.001309212
0.10102919	0.000361185	1.027908134	0.001291358
0.101095813	0.000361711	1.009326075	0.001277249
0.101162435	0.000362241	0.978134347	0.001254654
0.10122905	0.000362777	0.950989061	0.001235688
0.10129567	0.000363318	0.927141512	0.001218938
0.10136229	0.000363863	0.90108287	0.001203056
0.101428909	0.000364414	0.874955549	0.001186646
0.101495521	0.00036497	0.855213851	0.00117501
0.101562139	0.000365531	0.829597916	0.001159902
0.101628755	0.000366096	0.811410718	0.001149579
0.101695371	0.000366667	0.789469637	0.001137384
0.101761986	0.000367243	0.76892765	0.001127649
0.101828594	0.000367823	0.741906006	0.001113111
0.101895208	0.000368409	0.723620807	0.001103995
0.10196182	0.000368999	0.704769549	0.001095301
0.102028432	0.000369594	0.684454257	0.001086035
0.102095037	0.000370194	0.663028889	0.001076146
0.102161647	0.000370799	0.645042519	0.001068361
0.102228257	0.000371409	0.63153303	0.001061684
0.102294866	0.000372024	0.607272779	0.001052043
0.102361467	0.000372644	0.589924312	0.001045641
0.102428074	0.000373268	0.573463892	0.001038575
0.102494681	0.000373897	0.558363028	0.001033289
0.102561286	0.000374531	0.538007528	0.001026217
0.102627885	0.00037517	0.523212112	0.001020285
0.102694489	0.000375814	0.506725541	0.001015949
0.102761092	0.000376462	0.489880895	0.001009903
0.102827694	0.000377115	0.475190196	0.001003942
0.10289429	0.000377772	0.457641377	0.000998644
0.10296089	0.000378435	0.443484566	0.000994223
0.103027491	0.000379102	0.428069554	0.000989014
0.10309409	0.000379774	0.413719821	0.000985167
0.103160682	0.00038045	0.399237295	0.000980894
0.10322728	0.000381131	0.387989894	0.000977673
0.103293876	0.000381817	0.375146662	0.000974268
0.103360472	0.000382508	0.361284217	0.000970017
0.103427068	0.000383203	0.344653411	0.000966072
0.103493656	0.000383902	0.333801818	0.000962852
0.10356025	0.000384606	0.320485713	0.000960166
0.103626843	0.000385315	0.310318756	0.000957229
0.103693435	0.000386028	0.300018317	0.000955323
0.10376002	0.000386746	0.28919239	0.000952367
0.10382661	0.000387468	0.278647104	0.000950066
0.1038932	0.000388195	0.269262985	0.000947159
0.103959789	0.000388926	0.258979196	0.000944581
0.104026371	0.000389662	0.251477334	0.000943405
0.104092958	0.000390402	0.240691154	0.000940626
0.104159545	0.000391147	0.229969053	0.000938394
0.10422613	0.000391896	0.221715525	0.000937023
0.104292709	0.000392649	0.215927089	0.000935723
0.104359293	0.000393407	0.20780159	0.000934049
0.104425877	0.000394169	0.200341555	0.000932395
0.104492459	0.000394936	0.192689348	0.000930953
0.104559035	0.000395707	0.184991118	0.000929821
0.104625616	0.000396482	0.17938445	0.000928456
0.104692196	0.000397261	0.172970669	0.000926981
0.104758776	0.000398045	0.166680639	0.000925871
0.104825348	0.000398833	0.161079133	0.000925301
0.104891932	0.00039962	0.156418325	0.000924077
0.104958525	0.000399626	0.14888692	0.000922563
0.105025126	0.000399638	0.144923543	0.000921231
0.105091734	0.000399656	0.141455486	0.000920854
0.105158351	0.000399679	0.134645211	0.00092011
0.105224975	0.000399707	0.131377198	0.000919177
0.105291595	0.000399741	0.125718526	0.000918426
0.105358235	0.00039978	0.123551855	0.000917419
0.105424883	0.000399825	0.117496458	0.000916197
0.105491539	0.000399875	0.114271486	0.000915499
0.105558203	0.000399931	0.107912233	0.000914635
0.105624875	0.000399993	0.103738581	0.000913623
0.105691554	0.00040006	0.099917434	0.000913483
0.105758242	0.000400132	0.096428823	0.000912804
0.105824924	0.00040021	0.092262935	0.00091197
0.105891628	0.000400294	0.088980165	0.000911172
0.105958339	0.000400383	0.085024659	0.000910887
0.106025058	0.000400478	0.082296864	0.00090989
0.106091784	0.000400579	0.078029986	0.000909745
0.106158519	0.000400685	0.07484406	0.000909413
0.106225262	0.000400796	0.070467128	0.000907657
0.106292012	0.000400913	0.067722968	0.000907973
0.106358758	0.000401036	0.062977885	0.000906832
0.106425524	0.000401164	0.062753364	0.000907117
0.106492298	0.000401298	0.057553713	0.000905935
0.10655908	0.000401438	0.054881034	0.000905586
0.106625869	0.000401583	0.052382766	0.000904652
0.106692667	0.000401734	0.050134819	0.000904236
0.106759473	0.000401891	0.046391894	0.000903843
0.106826286	0.000402053	0.043065846	0.00090304
0.106893107	0.000402221	0.043940013	0.000903423
0.106959924	0.000402394	0.040465476	0.0009036
0.107026761	0.000402573	0.036674086	0.000902595
0.107093606	0.000402758	0.035973424	0.000902263
0.107160458	0.000402948	0.035310232	0.000901392
0.107227319	0.000403145	0.031014176	0.000901135
0.107294187	0.000403346	0.029382284	0.000901278
0.107361064	0.000403554	0.029521888	0.000901117
0.107427948	0.000403767	0.028070197	0.000900902
0.107494827	0.000403985	0.027932914	0.00090061
0.107561727	0.00040421	0.026826457	0.000900084
0.107628635	0.00040444	0.026099272	0.000899614
0.107695551	0.000404675	0.025544731	0.000899691
0.107762475	0.000404917	0.023686228	0.000899395
0.107829406	0.000405164	0.022288263	0.000898648
0.107896345	0.000405416	0.024452494	0.00089944
0.107963293	0.000405675	0.02267992	0.000898412
0.108030235	0.000405939	0.020329482	0.000898881
0.108097198	0.000406208	0.020675111	0.000898344
0.108164169	0.000406484	0.02052326	0.000898458
0.108231148	0.000406765	0.019944252	0.000898667
0.108298134	0.000407051	0.017541189	0.000897956
0.108365129	0.000407344	0.017739827	0.00089803
0.108432131	0.000407642	0.019366748	0.000898763
0.108499141	0.000407945	0.020538258	0.000898279
0.108566159	0.000408255	0.021047288	0.000897677
0.108633172	0.000408569	0.017387307	0.000898182
0.108700206	0.00040889	0.017780254	0.000897112
0.108767248	0.000409216	0.018721177	0.000897631
0.108834297	0.000409548	0.016848295	0.000897585
0.108901355	0.000409886	0.016994361	0.000897088
0.10896842	0.000410229	0.019243867	0.000896964
0.109035493	0.000410577	0.018443806	0.000897005
0.109102574	0.000410932	0.016955471	0.000897172
0.10916965	0.000411292	0.015124531	0.000896435
0.109236747	0.000411657	0.015381577	0.000896022
0.109303852	0.000412029	0.015393108	0.000896069
0.109370964	0.000412405	0.01258365	0.000895462
0.109438085	0.000412788	0.012492566	0.000896191
0.109505213	0.000413176	0.013652379	0.000895436
0.109572349	0.000413569	0.011437659	0.000896152
0.109639493	0.000413969	0.010905933	0.000895559
0.109706632	0.000414373	0.009527812	0.00089516
0.109773792	0.000414784	0.008286365	0.000894826
0.10984096	0.0004152	0.009079611	0.000894781
0.109908135	0.000415621	0.007067633	0.000894204
0.109975319	0.000416048	0.005958724	0.00089454
0.11004251	0.000416481	0.005839105	0.000894411
0.110109709	0.000416919	0.005491577	0.00089407
0.110176916	0.000417362	0.004541622	0.000893689
0.110244131	0.000417812	0.003596623	0.000893578
0.110311341	0.000418266	0.002738929	0.000893457
0.110378571	0.000418726	0.003863361	0.000893325
0.11044581	0.000419192	0.001320821	0.000893213
0.110513056	0.000419663	0.001654794	0.000893506
0.11058031	0.00042014	0.00129949	0.00089312
0.110647573	0.000420622	0.003665197	0.000892983
0.110714843	0.00042111	0.001839229	0.000893151
0.11078212	0.000421603	0.000947395	0.000893004
0.110849393	0.000422101	0.002207579	0.000892443
0.110916687	0.000422605	0.001825458	0.000892836
0.110983988	0.000423114	0.000531609	0.00089261
0.111051298	0.000423629	0.001581906	0.000892422
0.111118615	0.000424149	0.002351318	0.000892552
0.11118594	0.000424675	0.002434464	0.000892274
0.111253273	0.000425206	3.83123E-05	0.000892004
0.111320614	0.000425743	0.003449284	0.000892059
0.11138795	0.000426284	0.002779892	0.000892233
0.111455306	0.000426831	0.002560015	0.000892559
0.111522671	0.000427384	0.001194048	0.000892278
0.111590043	0.000427942	0.003690456	0.000892205
0.111657423	0.000428505	0.004029069	0.000892766
0.111724811	0.000429073	0.00520263	0.000891838
0.111792207	0.000429647	0.004727473	0.000892083
0.111859611	0.000430226	0.005595373	0.000891871
0.111927023	0.00043081	0.006886161	0.000891942
0.111994429	0.0004314	0.005249511	0.000891911
0.112061857	0.000431995	0.005804361	0.000891878
0.112129292	0.000432595	0.005519783	0.000891927
0.112196735	0.0004332	0.007896367	0.000891952
0.112264186	0.000433811	0.005242081	0.000891754
0.112331645	0.000434427	0.006191986	0.000891265
0.112399112	0.000435048	0.005699437	0.000891685
0.112466586	0.000435674	0.005101308	0.000891534
0.112534056	0.000436305	0.00564824	0.000891344
0.112601546	0.000436942	0.006032394	0.000890841
0.112669045	0.000437583	0.006900907	0.000891009
0.112736551	0.00043823	0.006119751	0.00089121
0.112804065	0.000438882	0.005658393	0.000891011
0.112871587	0.000439539	0.004217494	0.000890298
0.112939116	0.000440202	0.003246498	0.000890102
0.113006654	0.000440869	0.003913749	0.000890037
0.113074187	0.000441541	0.001947644	0.000889505
0.11314174	0.000442218	0.00262814	0.000889699
0.113209301	0.000442901	0.003589654	0.000889577
0.11327687	0.000443588	0.000507609	0.000889876
0.113344447	0.000444281	-0.000635825	0.000889598
0.113412032	0.000444978	-0.0004389	0.000888915
0.113479625	0.000445681	0.000608219	0.000889317
0.113547226	0.000446388	0.001365521	0.000888969
0.113614834	0.000447101	-0.00174931	0.000888496
0.113682438	0.000447818	-0.001659649	0.000888804
0.113750062	0.00044854	-0.000924844	0.000888847
0.113817694	0.000449268	-0.001688681	0.000888504
0.113885334	0.00045	-0.003022783	0.000888693
0.113952982	0.000450737	-0.002840654	0.000888344
0.114020637	0.000451479	-0.004392731	0.000888109
0.114088301	0.000452226	-0.002706647	0.000888244
0.114155972	0.000452977	-0.003917222	0.000887703
0.114223639	0.000453734	-0.003338668	0.000888768
0.114291326	0.000454495	-0.003073294	0.000888036
0.114359021	0.000455261	-0.002387731	0.000887954
0.114426724	0.000456032	-0.002626767	0.000887704
0.114494435	0.000456808	-0.003015774	0.000887887
0.114562153	0.000457588	-0.002783212	0.000888194
0.11462988	0.000458374	0.000174538	0.000887602
0.114697614	0.000459164	-0.002563054	0.000887871
0.114765344	0.000459958	-0.00196027	0.000887797
0.114833094	0.000460757	-0.000128924	0.00088756
0.114900852	0.000461562	0.000364039	0.000887943
0.114968618	0.00046237	-0.00033676	0.000887393
0.115036392	0.000463184	0.000817755	0.000887928
0.115104173	0.000464002	0.001017123	0.000887405
0.115171963	0.000464824	0.003242632	0.000887952
0.115239765	0.000465921	0.001011012	0.000887463
0.115307592	0.000465926	0.000889531	0.000887446
0.115375418	0.000465936	0.002153406	0.000887741
0.115443269	0.000465953	0.004941172	0.00088766
0.115511133	0.000465976	0.002329808	0.000887824
0.115579009	0.000466005	0.003381822	0.000887205
0.115646897	0.000466041	0.002643994	0.000887377
0.115714797	0.000466082	0.004663182	0.000887758
0.115782709	0.00046613	0.002416959	0.000887385
0.115850634	0.000466183	0.002729072	0.000887153
0.115918558	0.000466243	0.004883071	0.000887219
0.115986508	0.00046631	0.003794102	0.000887597
0.116054469	0.000466382	0.00212328	0.000886853
0.116122443	0.00046646	0.001184047	0.0008868
0.116190429	0.000466545	0.00285036	0.000886582
0.116258427	0.000466636	0.002277302	0.000886364
0.116326438	0.000466733	0.000913842	0.000886253
0.11639446	0.000466836	0.000314833	0.000886483
0.116462482	0.000466946	0.000911512	0.000886468
0.11653053	0.000467062	0.00065763	0.000885962
0.116598589	0.000467184	-0.001352764	0.000886173
0.116666661	0.000467312	-0.00355167	0.000885888
0.116734745	0.000467447	-0.003618502	0.000885937
0.116802841	0.000467588	-0.003115688	0.000885458
0.116870949	0.000467735	-0.004539702	0.000885771
0.11693907	0.000467888	-0.003020177	0.000885334
0.117007203	0.000468048	-0.003382374	0.000885284
0.117075335	0.000468213	-0.003664896	0.000885069
0.117143493	0.000468386	-0.00354371	0.000884714
0.117211662	0.000468564	-0.006409178	0.000884985
0.117279844	0.000468749	-0.00421047	0.000884837
0.117348039	0.00046894	-0.003432885	0.000885003
0.117416245	0.000469137	-0.004229896	0.000885011
0.117484464	0.000469341	-0.002816556	0.000884971
0.117552695	0.000469551	-0.003086657	0.000885012
0.117620925	0.000469767	-0.003493186	0.000884995
0.11768918	0.00046999	-0.003547608	0.000885301
0.117757448	0.000470218	-0.004489661	0.000884779
0.117825728	0.000470454	-0.001815298	0.000884973
0.11789402	0.000470695	-0.001557626	0.000885048
0.117962325	0.000470943	-0.003131142	0.000885045
0.118030641	0.000471197	-0.002616317	0.000884823
0.11809897	0.000471457	-0.00111218	0.00088509
0.118167298	0.000471724	0.000233799	0.000884944
0.118235652	0.000471997	-0.001099638	0.000884974
0.118304017	0.000472276	-0.000946754	0.000885074
0.118372395	0.000472562	0.000128857	0.000884969
0.118440785	0.000472853	0.001386704	0.00088489
0.118509188	0.000473152	0.002245245	0.000885107
0.118577603	0.000473456	0.003201495	0.000884987
0.118646029	0.000473767	0.003418481	0.000885466
0.118714469	0.000474084	0.002320011	0.000885372
0.118782907	0.000474407	0.003747772	0.000885063
0.118851371	0.000474737	0.002542377	0.000885207
0.118919846	0.000475073	0.003652796	0.000885186
0.118988335	0.000475415	0.004123963	0.000884998
0.119056835	0.000475764	0.005415079	0.000885433
0.119125348	0.000476119	0.003723779	0.000885294
0.119193873	0.00047648	0.005273942	0.000885003
0.11926241	0.000476847	0.006108851	0.000885081
0.119330946	0.000477221	0.002463629	0.000884786
0.119399508	0.000477601	0.003538446	0.000884311
0.119468081	0.000477987	0.005224962	0.000884879
0.119536668	0.000478379	0.003658013	0.000884543
0.119605266	0.000478778	0.001706262	0.000884388
0.119673877	0.000479183	0.002976887	0.000884779
0.119742499	0.000479594	0.004602642	0.000884538
0.119811134	0.000480011	0.002114375	0.00088382
0.119879769	0.000480435	0.001623498	0.000884396
0.119948428	0.000480865	0.000482274	0.000883964
0.1200171	0.000481301	0.001224265	0.000884106
0.120085784	0.000481743	-0.000744437	0.00088434
0.120154481	0.000482192	0.000532888	0.000883873
0.120223189	0.000482646	-0.000233345	0.000883962
0.12029191	0.000483107	-0.000411072	0.000884093
0.120360643	0.000483574	-0.000501457	0.000883418
0.120429388	0.000484048	-0.002815773	0.000883488
0.120498133	0.000484527	-0.002069924	0.000883942
0.120566903	0.000485013	-0.002891848	0.000883438
0.120635685	0.000485504	-0.00383619	0.000883133
0.120704479	0.000486002	-0.001213731	0.000882833
0.120773286	0.000486506	-0.002231914	0.000883374
0.120842105	0.000487016	1.98326E-05	0.00088351
0.120910936	0.000487533	-0.002974049	0.000883076
0.120979779	0.000488055	-0.002228768	0.00088316
0.121048621	0.000488583	-0.001730829	0.000882898
0.121117489	0.000489118	-0.000394022	0.00088318
0.121186369	0.000489658	-0.002092513	0.000882848
0.121255262	0.000490205	-0.000537131	0.000882968
0.121324166	0.000490758	-0.002263327	0.000883344
0.121393083	0.000491317	0.001696274	0.000883651
0.121462012	0.000491882	-0.001881118	0.000883485
0.121530953	0.000492452	0.000157011	0.000883833
0.121599894	0.000493029	-0.000378012	0.000883539
0.121668859	0.000493612	-0.000178852	0.000884028
0.121737837	0.000494201	0.003048231	0.000883291
0.121806828	0.000494796	0.003000804	0.000883591
0.12187583	0.000495397	0.002255525	0.000883663
0.121944845	0.000496004	0.005248111	0.000883795
0.122013872	0.000496616	0.003870245	0.0008838
0.122082911	0.000497235	0.003272005	0.000883497
0.122151963	0.00049786	0.00562703	0.000883409
0.122221013	0.00049849	0.005309228	0.000883431
0.122290089	0.000499127	0.005848492	0.000883353
0.122359178	0.000499769	0.004958459	0.000884062
0.122428278	0.000500417	0.005227289	0.000883331
0.122497391	0.000501071	0.005540973	0.000883792
0.122566516	0.000501731	0.005091001	0.000883751
0.122635653	0.000502397	0.005684302	0.000883154
0.122704803	0.000503069	0.004313065	0.000883686
0.122773951	0.000503746	0.006527155	0.000883865
0.122843125	0.000504429	0.00682057	0.000884235
0.122912311	0.000505118	0.006777076	0.000883307
0.12298151	0.000505813	0.004902668	0.000883198
0.123050721	0.000506514	0.005219895	0.00088355
0.123119944	0.00050722	0.003290414	0.000883324
0.123189179	0.000507932	0.003635069	0.000882539
0.123258426	0.00050865	0.004575243	0.000882802
0.123327673	0.000509373	0.001110476	0.000882758
0.123396945	0.000510102	0.003611222	0.000882186
0.123466229	0.000510837	0.003567976	0.000882377
0.123535525	0.000511578	0.001556226	0.000882535
0.123604834	0.000512324	0.000964919	0.000882124
0.123674155	0.000513076	0.000630184	0.000881684
0.123743488	0.000513833	-0.000573971	0.00088178
0.123812834	0.000514596	0.000190736	0.000882061
0.123882191	0.000515365	0.001187767	0.000881696
0.123951548	0.000516139	-0.001147003	0.000881569
0.12402093	0.000516918	-0.001653644	0.000881521
0.124090325	0.000517704	-0.00183073	0.000881125
0.124159731	0.000518494	-0.002297112	0.000880996
0.12422915	0.000519291	-0.002146278	0.000881147
0.124298582	0.000520093	-0.002867733	0.000881048
0.124368025	0.0005209	-0.002089734	0.000881527
0.124437481	0.000521713	7.90197E-05	0.000880298
0.124506935	0.000522531	-0.000997126	0.000881459
0.124576416	0.000523354	-0.001635481	0.000881087
0.124645908	0.000524183	0.001007046	0.000881037
0.124715413	0.000525018	-0.001971532	0.000881019
0.12478493	0.000525858	-0.001129159	0.000881135
0.124854459	0.000526703	-0.000554986	0.000880712
0.124924	0.000527554	0.001102896	0.000880439
0.124993554	0.00052841	-0.000449278	0.000880792
0.125063106	0.000529271	-4.07689E-05	0.000881176
0.125132685	0.000530137	0.002389974	0.000880705
0.125202275	0.000531009	0.003421436	0.000880369
0.125271878	0.000531886	0.001954982	0.000880339
0.125341492	0.000532769	0.001932347	0.00088062
0.12541112	0.000533656	0.00141043	0.000880635
0.125480759	0.000534549	0.004902579	0.000881076
0.125550411	0.000535447	0.003390171	0.000881237
0.125620078	0.000536609	0.003708988	0.000880474
0.125689743	0.000536609	0.003364975	0.000880252
0.125759422	0.000536609	0.006740343	0.000881049
0.125829101	0.000536609	0.002878302	0.000880293
0.125898779	0.000536609	0.005245302	0.000880296
0.125968458	0.000536609	0.00363527	0.000880159
0.126038137	0.00053661	0.005960436	0.000880352
0.126107816	0.00053661	0.005049124	0.000880704
0.126177494	0.00053661	0.006302148	0.000880683
0.12624716	0.00053661	0.00547649	0.000880284
0.126316838	0.00053661	0.003826982	0.000880229
0.126386517	0.000536611	0.003034596	0.000879335
0.126456196	0.000536611	0.001433208	0.000879723
0.126525875	0.000536611	0.003609902	0.000879176
0.126595553	0.000536611	0.003594398	0.000879609
0.126665232	0.000536612	0.002228687	0.000879506
0.126734911	0.000536612	0.001333577	0.000879796
0.126804576	0.000536612	0.001437456	0.000878984
0.126874255	0.000536613	0.000413196	0.000878581
0.126943934	0.000536613	-0.000843901	0.00087919
0.127013612	0.000536613	-0.000760273	0.000878919
0.127083291	0.000536614	-0.000823228	0.000878389
0.12715297	0.000536614	-0.000307707	0.000878482
0.127222648	0.000536615	-0.001473	0.000878343
0.127292327	0.000536615	-0.002847048	0.000878046
0.127362006	0.000536616	-0.000224374	0.000878211
0.127431671	0.000536616	-0.002433182	0.000877951
0.12750135	0.000536617	-0.003644903	0.00087811
0.127571029	0.000536617	-0.00262389	0.000877621
0.127640707	0.000536618	-0.001475451	0.000877822
0.127710386	0.000536619	-0.002479288	0.000877619
0.127780065	0.000536619	-0.003735459	0.000877707
0.127849744	0.00053662	-0.003058426	0.000877366
0.127919422	0.000536621	-0.003825942	0.000877305
0.127989088	0.000536621	-0.00562316	0.000877168
0.128058766	0.000536622	-0.004608123	0.000877046
0.128128445	0.000536623	-0.004638413	0.000876652
0.128198124	0.000536623	-0.003583203	0.00087671
0.128267803	0.000536624	-0.000944267	0.000877223
0.128337481	0.000536625	-0.003846115	0.000877215
0.12840716	0.000536626	-0.002316188	0.000877187
0.128476839	0.000536627	-0.002470001	0.000877404
0.128546504	0.000536628	-0.00170838	0.000877053
0.128616183	0.000536628	-0.000268978	0.000876624
0.128685862	0.000536629	-0.001972711	0.000877039
0.12875554	0.00053663	0.000973595	0.000877228
0.128825219	0.000536631	-0.000164842	0.000877331
0.128894898	0.000536632	0.000965136	0.000877443
0.128964576	0.000536633	0.000613419	0.000877178
0.129034255	0.000536634	0.000348589	0.000877163
0.129103934	0.000536635	0.001046426	0.000876286
0.129173599	0.000536636	5.98154E-05	0.000876539
0.129243278	0.000536637	0.000949049	0.000876619
0.129312957	0.000536638	0.002602808	0.000876609
0.129382635	0.000536639	0.003883294	0.000876613
0.129452314	0.000536641	0.00435397	0.000876635
0.129521993	0.000536642	0.002461842	0.000876503
0.129591672	0.000536643	0.002557925	0.000875545
0.12966135	0.000536644	0.001575904	0.000876316
0.129731016	0.000536645	0.001571643	0.000875797
0.129800694	0.000536647	0.001048186	0.000876546
0.129870373	0.000536648	0.002544549	0.00087592
0.129940052	0.000536649	0.002610016	0.000875977
0.130009731	0.00053665	0.001036255	0.000875095
0.130079409	0.000536652	-0.000145114	0.000875075
0.130149088	0.000536653	-5.27603E-05	0.000875112
0.130218767	0.000536654	-0.003077431	0.000874626
0.130288432	0.000536656	-0.002122635	0.000874757
0.130358111	0.000536657	-0.00172512	0.000874621
0.13042779	0.000536658	-0.000658699	0.000874412
0.130497468	0.00053666	-0.002780341	0.000874098
0.130567147	0.000536661	-0.00092361	0.000874139
0.130636826	0.000536663	-0.003011755	0.000873853
0.130706504	0.000536664	-0.003141051	0.000873741
0.130776183	0.000536666	-0.005873375	0.000873417
0.130845862	0.000536667	-0.005169843	0.000873418
0.130915527	0.000536669	-0.003741726	0.000873612
0.130985206	0.00053667	-0.002619826	0.00087367
0.131054885	0.000536672	-0.005548291	0.00087287
0.131124563	0.000536674	-0.005199361	0.00087313
0.131194242	0.000536675	-0.006434121	0.000872797
0.131263921	0.000536677	-0.007542151	0.000872836
0.1313336	0.000536679	-0.007644386	0.000872397
0.131403278	0.00053668	-0.006458337	0.000872557
0.131472944	0.000536682	-0.005456653	0.000872906
0.131542622	0.000536684	-0.004436292	0.000873139
0.131612301	0.000536686	-0.005038106	0.000872703
0.13168198	0.000536687	-0.003772383	0.000872757
0.131751659	0.000536689	-0.001761727	0.000871805
0.131821337	0.000536691	-0.002765566	0.000872847
0.131891016	0.000536693	-0.004669183	0.000872022
0.131960695	0.000536695	-0.002583189	0.000872353
0.13203036	0.000536697	-0.000973537	0.000872313
0.132100039	0.000536698	-0.001310455	0.000872456
0.132169718	0.0005367	-0.002108574	0.000871852
0.132239396	0.000536702	-0.000229823	0.000872132
0.132309075	0.000536704	-0.000330983	0.000871741
0.132378754	0.000536706	-0.000162629	0.00087167
0.132448432	0.000536708	0.000231551	0.000872054
0.132518111	0.00053671	0.000765067	0.000871562
0.13258779	0.000536712	0.002567346	0.000871127
0.132657455	0.000536714	0.002490154	0.00087201
0.132727134	0.000536717	0.001898663	0.000871717
0.132796813	0.000536719	0.000495082	0.000871243
0.132866491	0.000536721	0.00286018	0.000871379
0.13293617	0.000536723	0.003017209	0.000871989
0.133005849	0.000536725	0.00119458	0.000871197
0.133075528	0.000536727	0.001095675	0.000871631
0.133145206	0.00053673	0.002349143	0.000871803
0.133214872	0.000536732	0.003582485	0.000872043
0.13328455	0.000536734	0.002240853	0.000871623
0.133354229	0.000536736	0.000933423	0.000871491
0.133423908	0.000536739	0.001038498	0.000870847
0.133493587	0.000536741	0.001167381	0.000871217
0.133563265	0.000536743	-0.002008266	0.000871418
0.133632944	0.000536746	-0.000776372	0.000870881
0.133702623	0.000536748	0.00024209	0.000870808
0.133772288	0.00053675	-0.000153919	0.000870942
0.133841967	0.000536753	-0.001361661	0.000870073
0.133911646	0.000536755	-0.002144007	0.000869873
0.133981324	0.000536758	-0.002868283	0.000869939
0.134051003	0.00053676	-0.004199994	0.000869781
0.134120682	0.000536763	-0.004276706	0.000869325
0.13419036	0.000536765	-0.002898405	0.000869653
0.134260039	0.000536768	-0.00278605	0.000869059
0.134329718	0.00053677	-0.003745743	0.000869655
0.134399383	0.000536773	-0.004954883	0.000868695
0.134469062	0.000536775	-0.005287953	0.000869142
0.134538741	0.000536778	-0.005946259	0.000869264
0.134608419	0.000536781	-0.005041148	0.000868707
0.134678098	0.000536783	-0.008200434	0.000868866
0.134747777	0.000536786	-0.005704063	0.000868781
0.134817456	0.000536789	-0.005206556	0.000869083
0.134887134	0.000536791	-0.006998954	0.000868653
0.1349568	0.000536794	-0.006152685	0.000868955
0.135026478	0.000536797	-0.005612308	0.000868256
0.135096157	0.0005368	-0.004895768	0.000868703
0.135165836	0.000536803	-0.005642251	0.000868532
0.135235515	0.000536805	-0.006117821	0.000868725
0.135305193	0.000536808	-0.004227576	0.000868677
0.135374872	0.000536811	-0.001543878	0.000868924
0.135444551	0.000536814	-0.004971983	0.000868249
0.135514216	0.000536817	-0.002863514	0.000868604
0.135583895	0.00053682	-0.001338735	0.000868928
0.135653574	0.000536823	-0.000138436	0.000868671
0.135723252	0.000536826	-0.003253944	0.000868224
0.135792931	0.000536829	-0.000583765	0.000869148
0.13586261	0.000536832	3.97279E-05	0.000868695
0.135932288	0.000536835	0.002450992	0.000869048
0.136001967	0.000536838	0.001979604	0.000869288
0.136071646	0.000536841	0.002045967	0.000868572
0.136141311	0.000536844	0.002212807	0.000869016
0.13621099	0.000536847	0.003236603	0.000868478
0.136280669	0.00053685	0.002203549	0.00086815
0.136350347	0.000536853	0.002971312	0.000868465
0.136420026	0.000536857	0.003897198	0.000868872
0.136489705	0.00053686	0.003908038	0.00086871
0.136559384	0.000536863	0.002900887	0.000868619
0.136629062	0.000536866	0.004352184	0.000868491
0.136698728	0.000536869	0.003566791	0.000868547
0.136768406	0.000536873	0.00319303	0.000868869
0.136838085	0.000536876	0.001986897	0.000868307
0.136907764	0.000536879	0.004097471	0.000868316
0.136977443	0.000536883	0.001473603	0.000868167
0.137047121	0.000536886	0.004812662	0.000868414
0.1371168	0.000536889	0.001194466	0.000867499
0.137186479	0.000536893	0.000530248	0.000867572
0.137256144	0.000536896	-0.00014142	0.00086811
0.137325823	0.0005369	0.000497944	0.000867544
0.137395502	0.000536903	-0.000209888	0.000867751
0.13746518	0.000536907	0.000600893	0.000867418
0.137534859	0.00053691	-0.000823495	0.000867481
