Wave-Number (cm-1)	u(Wave-Number) (cm-1)	Absorbance	u(Absorbance)
0.03961869	6.11722E-05	0.000349343	0.000856666
0.039681879	6.12649E-05	0.001765611	0.000857089
0.039745065	6.13576E-05	-0.001934854	0.000857572
0.039808254	6.14503E-05	-7.96004E-05	0.000856515
0.03987144	6.1543E-05	0.000639116	0.000856634
0.03993463	6.16357E-05	0.000698701	0.000856537
0.039997816	6.17284E-05	-0.000159096	0.000856235
0.040061005	6.18212E-05	-0.000673188	0.000856924
0.040124191	6.19139E-05	0.001494972	0.000856884
0.04018738	6.20067E-05	0.001704753	0.000856571
0.040250566	6.20994E-05	0.001028377	0.000856646
0.040313755	6.21922E-05	0.000721134	0.000856354
0.040376942	6.22849E-05	0.001137707	0.000855676
0.040440131	6.23777E-05	0.00257153	0.000856422
0.040503317	6.24705E-05	0.001608034	0.000856582
0.040566506	6.25633E-05	0.001275313	0.00085642
0.040629692	6.26561E-05	0.002702442	0.000856444
0.040692881	6.27489E-05	0.002207154	0.000856281
0.040756067	6.28417E-05	0.000485321	0.000856181
0.040819257	6.29345E-05	0.00228455	0.000856508
0.040882443	6.30273E-05	0.001618682	0.000856183
0.040945632	6.31201E-05	0.002327785	0.000856702
0.041008818	6.3213E-05	0.002324216	0.000855474
0.041072007	6.33058E-05	0.001737577	0.000855989
0.041135196	6.33987E-05	0.001828115	0.000855871
0.041198382	6.34915E-05	0.000945544	0.000856311
0.041261572	6.35844E-05	0.000632145	0.000855299
0.041324758	6.36772E-05	0.001137707	0.000855676
0.041387947	6.37701E-05	1.67774E-05	0.00085589
0.041451133	6.3863E-05	0.000430633	0.000855159
0.041514322	6.39559E-05	0.000754595	0.000855773
0.041577508	6.40488E-05	0.000882365	0.00085574
0.041640697	6.41417E-05	0.000447956	0.000855482
0.041703884	6.42346E-05	0.000186688	0.000854826
0.041767073	6.43275E-05	-0.00041978	0.000854965
0.041830259	6.44204E-05	7.62562E-05	0.00085518
0.041893448	6.45133E-05	-0.00044255	0.000855147
0.041956634	6.46063E-05	-0.000261119	0.000854911
0.042019823	6.46992E-05	-0.000872646	0.000854331
0.042083009	6.47922E-05	-0.002675191	0.000854405
0.042146199	6.48851E-05	0.000838054	0.000854322
0.042209385	6.49781E-05	-0.000720071	0.000854782
0.042272574	6.5071E-05	-0.001978777	0.000854148
0.04233576	6.5164E-05	-0.000824791	0.000854631
0.042398949	6.5257E-05	-0.000320532	0.000854396
0.042462135	6.53499E-05	-0.000204412	0.000854149
0.042525324	6.54429E-05	0.001149494	0.000854108
0.042588511	6.55359E-05	0.000178033	0.000854664
0.0426517	6.56289E-05	0.001064802	0.000854333
0.042714889	6.57219E-05	0.001589537	0.000854473
0.042778075	6.58149E-05	0.002557607	0.000853864
0.042841264	6.5908E-05	0.000226049	0.000854353
0.04290445	6.6001E-05	0.00124685	0.000854709
0.042967639	6.6094E-05	-0.000374242	0.000853988
0.043030826	6.61871E-05	-0.000821515	0.000854073
0.043094015	6.62801E-05	0.001189357	0.000854247
0.043157201	6.63731E-05	0.001076485	0.000854548
0.04322039	6.64662E-05	0.002502514	0.000853457
0.043283576	6.65592E-05	0.001641644	0.000853659
0.043346765	6.66523E-05	0.001176714	0.000853422
0.043409951	6.67454E-05	0.001973585	0.00085382
0.043473141	6.68385E-05	0.000517947	0.000854375
0.043536327	6.69315E-05	0.001250665	0.000853594
0.043599516	6.70246E-05	0.000825751	0.000853497
0.043662702	6.71177E-05	0.003276247	0.000853426
0.043725891	6.72108E-05	0.001779527	0.000853231
0.043789077	6.73039E-05	0.001289509	0.000853123
0.043852266	6.7397E-05	0.003086504	0.000853501
0.043915453	6.74901E-05	0.002526503	0.000853885
0.043978642	6.75833E-05	0.00024522	0.000852897
0.044041828	6.76764E-05	0.002046112	0.000853381
0.044105017	6.77695E-05	0.001179677	0.000853476
0.044168203	6.78627E-05	0.001889121	0.000852878
0.044231392	6.79558E-05	0.00079981	0.000853015
0.044294581	6.80489E-05	0.003745694	0.00085316
0.044357768	6.81421E-05	0.001282664	0.000852407
0.044420957	6.82353E-05	0.004997872	0.000852469
0.044484143	6.83284E-05	-0.000580223	0.000852522
0.044547332	6.84216E-05	-0.000755582	0.000852864
0.044610518	6.85148E-05	-0.000645161	0.000852511
0.044673707	6.86079E-05	-0.001932989	0.00085251
0.044736893	6.87011E-05	-0.001815582	0.000851657
0.044800083	6.87943E-05	0.001290298	0.000851958
0.044863269	6.88875E-05	0.000504944	0.000852331
0.044926458	6.89807E-05	0.000146235	0.000852854
0.044989644	6.90739E-05	0.000213544	0.000851701
0.045052833	6.91671E-05	0.000711018	0.000851968
0.045116019	6.92603E-05	0.000247526	0.000851733
0.045179208	6.93536E-05	0.000668378	0.000851776
0.045242395	6.94468E-05	0.000825852	0.000851116
0.045305584	6.954E-05	-0.001398048	0.000851646
0.04536877	6.96332E-05	0.000230356	0.000851413
0.045431959	6.97265E-05	0.001971904	0.000850883
0.045495145	6.98197E-05	-0.00123385	0.000851092
0.045558334	6.9913E-05	-0.001630878	0.000850868
0.04562152	7.00062E-05	0.000235831	0.000850913
0.04568471	7.00995E-05	-0.00028332	0.000851434
0.045747896	7.01928E-05	0.000435786	0.000850445
0.045811085	7.0286E-05	0.000396616	0.000850913
0.045874274	7.03793E-05	-0.001261328	0.00085056
0.04593746	7.04726E-05	-0.000277543	0.000850327
0.046000649	7.05659E-05	0.00039624	0.000850306
0.046063835	7.06592E-05	2.98014E-05	0.000850668
0.046127025	7.07525E-05	0.001961582	0.000851277
0.046190211	7.08458E-05	0.001804982	0.000850776
0.0462534	7.09391E-05	0.000365205	0.000850328
0.046316586	7.10324E-05	0.000850399	0.000850381
0.046379775	7.11257E-05	0.002429662	0.000849908
0.046442961	7.1219E-05	0.000551351	0.000849705
0.04650615	7.13123E-05	0.002408543	0.000849647
0.046569337	7.14057E-05	0.001795873	0.00084946
0.046632526	7.1499E-05	0.003696936	0.000849925
0.046695712	7.15923E-05	0.001665071	0.000849824
0.046758901	7.16857E-05	0.001980385	0.000849168
0.046822087	7.1779E-05	-0.000403344	0.000849698
0.046885276	7.18724E-05	0.0024844	0.000849595
0.046948462	7.19657E-05	0.001297013	0.000848755
0.047011652	7.20591E-05	0.00097497	0.000849195
0.047074838	7.21524E-05	0.001537529	0.000849031
0.047138027	7.22458E-05	0.001101374	0.000849109
0.047201213	7.23392E-05	-0.000261795	0.000848777
0.047264402	7.24326E-05	0.000989167	0.000849241
0.047327588	7.25259E-05	0.003340497	0.000848515
0.047390777	7.26193E-05	0.002381413	0.000848785
0.047453967	7.27127E-05	0.000947855	0.000848719
0.047517153	7.28061E-05	-0.000217315	0.000848527
0.047580342	7.28995E-05	0.000497706	0.000848752
0.047643528	7.29929E-05	0.001100781	0.000848231
0.047706717	7.30863E-05	-0.000358857	0.000848076
0.047769903	7.31797E-05	-0.000878913	0.000847883
0.047833092	7.32732E-05	0.0008244	0.000848035
0.047896279	7.33666E-05	0.001072271	0.00084814
0.047959468	7.346E-05	0.000106644	0.000847703
0.048022654	7.35534E-05	-0.000441638	0.000847421
0.048085843	7.36469E-05	0.000716913	0.000847014
0.048149029	7.37403E-05	-0.000974697	0.000847675
0.048212218	7.38338E-05	-0.001410159	0.000847262
0.048275404	7.39272E-05	-0.000714103	0.000847333
0.048338594	7.40206E-05	-0.001766648	0.000846905
0.04840178	7.41141E-05	-0.000916762	0.00084698
0.048464969	7.42076E-05	-0.000184356	0.000846972
0.048528155	7.4301E-05	-0.002823147	0.000846753
0.048591344	7.43945E-05	-0.001244703	0.000847204
0.04865453	7.4488E-05	0.000909411	0.00084743
0.048717719	7.45814E-05	-0.001509032	0.000846456
0.048780906	7.46749E-05	-0.000732033	0.00084669
0.048844095	7.47684E-05	-0.002119941	0.000846655
0.048907281	7.48619E-05	-0.001551116	0.000846321
0.04897047	7.49554E-05	-0.00107402	0.000846869
0.049033659	7.50489E-05	-0.001013103	0.000846282
0.049096845	7.51424E-05	0.0002288	0.000846145
0.049160034	7.52359E-05	0.000757854	0.000846658
0.049223221	7.53294E-05	-0.001399441	0.000846709
0.04928641	7.54229E-05	-0.002528785	0.000846225
0.049349596	7.55164E-05	-0.001312662	0.000846595
0.049412785	7.56099E-05	-0.000567572	0.000846142
0.049475971	7.57035E-05	-0.001122682	0.000846029
0.04953916	7.5797E-05	1.7914E-05	0.000845961
0.049602346	7.58905E-05	0.001186272	0.000846366
0.049665536	7.59841E-05	-0.000112967	0.000846323
0.049728722	7.60776E-05	0.00014559	0.000845493
0.049791911	7.61711E-05	0.000328072	0.000845586
0.049855097	7.62647E-05	0.000943503	0.000845985
0.049918286	7.63582E-05	0.00372034	0.000845571
0.049981472	7.64518E-05	-0.000991497	0.000845668
0.050044662	7.65454E-05	-0.000613761	0.000845411
0.050107848	7.66389E-05	0.001494166	0.000845502
0.050171037	7.67325E-05	0.001987961	0.000846093
0.050234223	7.68261E-05	-0.001756127	0.000845373
0.050297412	7.69196E-05	0.001089551	0.000845286
0.050360598	7.70132E-05	0.002151689	0.000845164
0.050423787	7.71068E-05	0.000955494	0.00084467
0.050486973	7.72004E-05	-0.001118598	0.000844776
0.050550163	7.7294E-05	0.000141211	0.000844897
0.050613352	7.73876E-05	-0.000937302	0.000844381
0.050676541	7.74811E-05	0.000983835	0.000844759
0.050739724	7.75747E-05	0.000619094	0.000844572
0.050802913	7.76683E-05	-0.000405346	0.000844616
0.050866102	7.7762E-05	0.00022463	0.000844677
0.050929292	7.78556E-05	0.001399133	0.000844912
0.050992475	7.79492E-05	-0.002994174	0.000844045
0.051055664	7.80428E-05	0.001076157	0.00084399
0.051118853	7.81364E-05	-0.000212183	0.000844648
0.051182042	7.823E-05	-0.001026835	0.000844387
0.051245225	7.83237E-05	-0.00036408	0.000844263
0.051308414	7.84173E-05	-0.000345027	0.000844033
0.051371604	7.85109E-05	-0.000393341	0.000843686
0.051434793	7.86046E-05	-0.002136706	0.00084357
0.051498015	8.02986E-05	-0.00292686	0.000843674
0.051561285	8.03055E-05	-0.000983106	0.000843653
0.051624579	8.03185E-05	-0.001100552	0.00084357
0.051687897	8.03377E-05	0.00016062	0.000843798
0.051751231	8.03631E-05	-0.004060378	0.00084277
0.051814596	8.03946E-05	-0.002198207	0.000843179
0.051877983	8.04324E-05	-0.001735007	0.000842811
0.051941394	8.04764E-05	-0.002873404	0.00084326
0.052004823	8.05267E-05	-0.004141948	0.000843096
0.052068281	8.05832E-05	-0.001935729	0.000843434
0.052131762	8.0646E-05	-0.000510853	0.000843603
0.052195267	8.0715E-05	-0.001229109	0.000843549
0.052258795	8.07903E-05	-0.001623196	0.000843167
0.05232234	8.08719E-05	-0.001974857	0.000843406
0.052385915	8.09597E-05	-0.000665431	0.000843112
0.052449514	8.10538E-05	-0.000196495	0.000842956
0.052513135	8.11543E-05	-0.001039816	0.000842988
0.052576774	8.1261E-05	0.001048711	0.000842653
0.052640443	8.13739E-05	0.001292524	0.000843517
0.052704135	8.14932E-05	-0.001531307	0.000842781
0.052767851	8.16187E-05	0.000399393	0.000843202
0.052831583	8.17505E-05	-0.000564981	0.000843044
0.052895346	8.18885E-05	-0.001816193	0.000842164
0.052959131	8.20328E-05	0.000524922	0.000843117
0.05302294	8.21833E-05	0.000549985	0.000842234
0.053086767	8.234E-05	0.00128411	0.000842818
0.053150623	8.25029E-05	0.001233917	0.000842852
0.053214502	8.2672E-05	0.000278915	0.000842147
0.053278405	8.28473E-05	0.000490376	0.000842815
0.053342325	8.30288E-05	0.001550168	0.00084356
0.053406275	8.32164E-05	0.00159173	0.000842826
0.053470248	8.34101E-05	0.000452822	0.000842408
0.053534244	8.36099E-05	-0.000136392	0.000842375
0.053598258	8.38158E-05	0.001459707	0.000842699
0.053662301	8.40277E-05	-3.11698E-05	0.000842033
0.053726368	8.42457E-05	-0.000971768	0.000841753
0.053790458	8.44697E-05	0.00059544	0.000842473
0.053854572	8.46996E-05	0.000275768	0.000842041
0.053918702	8.49355E-05	0.003474313	0.000842798
0.053982863	8.51774E-05	0.000308774	0.000841857
0.054047046	8.54251E-05	0.000207174	0.00084144
0.054111254	8.56787E-05	0.001241019	0.00084182
0.054175478	8.59381E-05	0.001309481	0.000841989
0.054239732	8.62034E-05	-0.002090671	0.000842458
0.05430401	8.64744E-05	0.000170102	0.000842167
0.05436831	8.67511E-05	0.000822806	0.000842319
0.054432629	8.70336E-05	-0.000427766	0.000841546
0.054496976	8.73217E-05	-0.000123831	0.000841664
0.054561347	8.76155E-05	-0.000255683	0.000841915
0.054625742	8.79149E-05	-0.002139643	0.00084179
0.054690154	8.82198E-05	-0.000350247	0.000841764
0.054754595	8.85302E-05	-0.00120874	0.000842238
0.05481906	8.88462E-05	-0.000826406	0.000841709
0.054883548	8.91676E-05	5.18283E-05	0.000841329
0.054948053	8.94944E-05	-0.000532646	0.000841779
0.055012588	8.98266E-05	-0.002347668	0.000841393
0.055077147	9.01642E-05	-0.001335591	0.000841353
0.055141728	9.0507E-05	0.002273032	0.000841715
0.055206328	9.08551E-05	-0.001187239	0.000841468
0.055270956	9.12084E-05	-0.001210464	0.000841214
0.055335608	9.1567E-05	-0.000468136	0.000841358
0.055400284	9.19306E-05	-0.001031467	0.000841039
0.055464983	9.22994E-05	0.000903138	0.0008414
0.055529699	9.26732E-05	-0.002484334	0.000840894
0.055594445	9.3052E-05	0.000457032	0.000841055
0.055659214	9.34358E-05	0.001825784	0.00084137
0.055724006	9.38246E-05	0.000619284	0.000841377
0.055788816	9.42182E-05	-0.000950905	0.000841416
0.055853656	9.46167E-05	0.000332258	0.000841625
0.055918518	9.50201E-05	0.002193639	0.000841067
0.055983405	9.54282E-05	-0.000592405	0.000840634
0.056048308	9.5841E-05	-6.28789E-05	0.000841084
0.056113241	9.62585E-05	0.001768097	0.000841247
0.056178198	9.66807E-05	0.003728366	0.000841704
0.056243177	9.71075E-05	0.002751501	0.000841068
0.056308175	9.75388E-05	0.001176295	0.000840946
0.056373201	9.79747E-05	0.001429447	0.000840828
0.056438251	9.84151E-05	0.003251564	0.000840945
0.056503325	9.88599E-05	0.002900636	0.000841183
0.056568416	9.93091E-05	0.002462122	0.000841587
0.056633536	9.97627E-05	0.002485328	0.00084141
0.05669868	0.000100221	0.002991978	0.000841175
0.056763847	0.000100683	0.001956185	0.000840688
0.056829032	0.000101149	0.001881733	0.00084063
0.056894246	0.00010162	0.002080828	0.00084055
0.056959483	0.000102095	0.002215738	0.000840458
0.057024744	0.000102574	0.001662189	0.000840617
0.057090028	0.000103057	0.001723456	0.000840899
0.05715533	0.000103544	0.001287297	0.000840601
0.057220661	0.000104035	0.001898521	0.000840565
0.057286015	0.00010453	0.001033674	0.000840288
0.057351393	0.000105029	0.000446651	0.000840577
0.057416789	0.000105532	0.001696475	0.000840917
0.057482213	0.000106039	0.001462991	0.000840698
0.057547662	0.00010655	-0.001270071	0.000840501
0.057613133	0.000107064	-0.000952467	0.000839964
0.057678622	0.000107582	0.002427731	0.000840154
0.05774414	0.000108104	0.000561069	0.000839962
0.057809682	0.00010863	0.000840965	0.000839826
0.057875248	0.000109159	0.000146369	0.000840188
0.05794083	0.000109692	6.20177E-05	0.000839654
0.058006442	0.000110228	0.000767023	0.000840199
0.058072078	0.000110768	-4.24254E-05	0.000839886
0.058137737	0.000111311	-0.00012334	0.000839941
0.058203413	0.000111858	0.000436282	0.00083967
0.058269118	0.000112409	0.001401163	0.000839986
0.058334848	0.000112963	-9.97711E-05	0.000839763
0.0584006	0.00011352	0.00092848	0.00083966
0.05846637	0.00011408	2.16582E-05	0.000839467
0.058532169	0.000114644	0.000965578	0.000839688
0.058597992	0.000115211	-0.00018054	0.000839389
0.058663839	0.000115782	-1.89185E-06	0.000839214
0.058729708	0.000116355	0.000708914	0.000839217
0.058795595	0.000116932	0.002058371	0.000839596
0.058861512	0.000117512	0.002834678	0.00083961
0.058927452	0.000118095	0.00021369	0.000839069
0.058993415	0.000118681	0.00103585	0.000839158
0.059059395	0.00011927	0.001899442	0.000839434
0.059125406	0.000119863	0.001866007	0.000839564
0.059191439	0.000120458	0.002074153	0.000839101
0.059257496	0.000121056	0.00463319	0.000839904
0.05932357	0.000121658	0.002325178	0.000839684
0.059389674	0.000122262	0.002717857	0.000838936
0.059455801	0.000122869	0.002857757	0.000839433
0.059521952	0.000123479	0.001690361	0.000839468
0.05958812	0.000124092	0.002644738	0.000839307
0.059654317	0.000124707	0.003682349	0.000838823
0.059720538	0.000125326	0.001993346	0.000839156
0.059786783	0.000125947	0.004104569	0.000839614
0.059853044	0.000126571	0.003685939	0.000839681
0.059919335	0.000127198	0.00117358	0.000838796
0.05998565	0.000127827	0.002996348	0.0008395
0.060051988	0.00012846	0.002340807	0.00083919
0.060118343	0.000129094	0.003568269	0.000839007
0.060184728	0.000129732	0.001904165	0.000838464
0.060251136	0.000130372	0.004288898	0.000839328
0.060317568	0.000131014	0.004174991	0.000838813
0.060384023	0.000131659	0.003854122	0.000838761
0.060450495	0.000132307	0.002048911	0.00083842
0.060516997	0.000132957	0.00230516	0.000838462
0.060583522	0.00013361	0.004096326	0.000838597
0.060650071	0.000134265	0.002325624	0.000838556
0.060716637	0.000134923	0.002327071	0.000837858
0.060783232	0.000135583	0.002747324	0.000838647
0.060849851	0.000136246	0.003146994	0.000838217
0.060916493	0.000136911	0.001196864	0.00083862
0.060983153	0.000137578	-0.000267404	0.00083784
0.061049842	0.000138248	0.001501766	0.00083761
0.061116555	0.00013892	-3.53039E-05	0.00083763
0.061183291	0.000139594	-0.000842619	0.000838175
0.061250044	0.000140271	-0.000462541	0.000838079
0.061316827	0.000140949	0.002003359	0.000837647
0.061383633	0.000141631	0.004098524	0.000837629
0.061450463	0.000142314	0.002470652	0.000837386
0.06151731	0.000143	-0.000895493	0.000837356
0.061584186	0.000143688	0.001518519	0.000837546
0.061651086	0.000144378	0.000599893	0.000837149
0.06171801	0.00014507	-0.000183067	0.000837089
0.06178495	0.000145764	-0.000572817	0.000837138
0.061851929	0.000147752	0.001323153	0.000837356
0.061918963	0.000147755	0.001966292	0.000837619
0.061985989	0.000147764	0.000260549	0.000837431
0.062053008	0.000147779	0.001167869	0.000836927
0.062120013	0.000147799	-0.000421514	0.000836983
0.062187016	0.000147825	0.002523122	0.000836923
0.062254012	0.000147857	0.00081573	0.000836363
0.062321001	0.000147894	0.001878869	0.000836555
0.062387975	0.000147936	0.000203426	0.000836189
0.062454949	0.000147985	0.002454116	0.000836649
0.062521915	0.000148039	0.001685552	0.000835831
0.062588873	0.000148098	0.001276947	0.00083584
0.062655817	0.000148164	0.003535105	0.000836189
0.06272276	0.000148235	0.002106779	0.000835975
0.062789696	0.000148311	0.002464816	0.000835734
0.062856623	0.000148394	0.003861417	0.000836504
0.062923537	0.000148482	0.002538018	0.000835951
0.06299045	0.000148576	0.001933589	0.000836358
0.063057355	0.000148675	0.002387875	0.000835946
0.063124253	0.00014878	0.001622582	0.000835448
0.063191137	0.000148891	0.004273826	0.000836066
0.063258019	0.000149008	0.004318553	0.000836036
0.063324894	0.000149131	0.000264779	0.00083519
0.063391761	0.000149259	0.002110704	0.000835546
0.063458614	0.000149393	0.003678958	0.000835932
0.063525467	0.000149533	0.001638334	0.000835544
0.063592311	0.000149678	0.00235627	0.000835754
0.063659148	0.000149829	0.001826406	0.00083563
0.063725977	0.000149986	0.00324765	0.000835208
0.063792793	0.000150149	0.001400702	0.000834852
0.063859607	0.000150317	5.28529E-05	0.000834801
0.063926414	0.000150491	0.00130461	0.000835023
0.063993213	0.000150671	0.002079797	0.000834981
0.064059998	0.000150857	0.001749273	0.000834405
0.064126782	0.000151048	-0.000777594	0.000834033
0.064193558	0.000151245	0.001518235	0.000835039
0.064260327	0.000151448	0.001837084	0.000835091
0.064327082	0.000151657	0.000346902	0.000834551
0.064393836	0.000151871	0.000532483	0.00083432
0.064460582	0.000152091	0.002262382	0.000834433
0.06452732	0.000152316	0.00056155	0.000834194
0.064594045	0.000152548	0.00187412	0.000834109
0.064660768	0.000152785	-0.001131731	0.000834218
0.064727484	0.000153027	-0.001179148	0.000833615
0.064794192	0.000153275	-0.000411641	0.000833999
0.064860886	0.000153529	0.000217141	0.000833525
0.064927579	0.000153789	0.000201602	0.000833429
0.064994265	0.000154054	-0.000583309	0.000833321
0.065060942	0.000154325	0.00039231	0.00083346
0.065127606	0.000154601	6.95665E-05	0.000833835
0.065194269	0.000154883	-0.000588388	0.00083306
0.065260924	0.000155171	0.000258369	0.00083355
0.065327572	0.000155464	7.11046E-05	0.000833464
0.065394212	0.000155762	-0.000154034	0.000833297
0.065460838	0.000156066	-0.001259417	0.000833193
0.065527463	0.000156376	-0.000327439	0.000832991
0.06559408	0.000156691	0.001308569	0.000833534
0.06566069	0.000157012	0.000450546	0.000833209
0.065727285	0.000157338	-0.000735749	0.000832683
0.06579388	0.000157669	0.000165283	0.000832977
0.065860467	0.000158006	0.003687985	0.000833159
0.065927046	0.000158349	-0.002003191	0.000832795
0.065993612	0.000158696	0.000242344	0.000832767
0.066060176	0.000159049	0.00158384	0.000832873
0.066126732	0.000159408	0.00082093	0.000832749
0.066193281	0.000159772	-0.00061576	0.000832814
0.066259817	0.000160141	0.000824323	0.000832694
0.066326351	0.000160515	-0.000100896	0.000832786
0.066392877	0.000160895	0.001564895	0.000832833
0.066459396	0.00016128	0.001334685	0.000832036
0.0665259	0.00016167	0.000528251	0.000831942
0.066592404	0.000162065	0.001520282	0.000832863
0.0666589	0.000162466	0.00265624	0.000832843
0.066725388	0.000162871	0.000689667	0.000832098
0.066791863	0.000163282	0.000946998	0.000832084
0.066858336	0.000163698	0.000950283	0.000832029
0.066924802	0.000164119	0.000613958	0.000831938
0.06699126	0.000164545	0.00098929	0.000831739
0.067057711	0.000164976	-0.000185266	0.000831734
0.067124147	0.000165413	0.001126293	0.000831595
0.067190583	0.000165854	0.001450332	0.000831536
0.067257011	0.0001663	-0.001028145	0.000831562
0.067323431	0.000166751	-0.002314356	0.000831003
0.067389837	0.000167207	0.000461406	0.000831987
0.067456242	0.000167668	0.002142414	0.000831759
0.06752264	0.000168134	-0.001812872	0.000830825
0.06758903	0.000168604	-0.000851516	0.000831128
0.067655406	0.00016908	0.001870104	0.000831308
0.067721781	0.00016956	0.000933634	0.000831249
0.067788148	0.000170045	-0.001611244	0.000831005
0.067854507	0.000170535	-0.001571459	0.000830716
0.067920853	0.00017103	-0.002092699	0.00083054
0.067987198	0.000171529	0.001032719	0.000831025
0.068053534	0.000172033	-0.001931219	0.000831009
0.068119864	0.000172542	-0.002256635	0.00083044
0.068186179	0.000173055	0.000747973	0.000830794
0.068252493	0.000173573	0.002118136	0.00083109
0.0683188	0.000174095	-0.0018562	0.000831169
0.068385099	0.000174622	-0.000704064	0.000830819
0.068451384	0.000175154	-0.000245412	0.000830302
0.068517668	0.00017569	-0.001228619	0.000830015
0.068583944	0.00017623	-0.001507268	0.000830044
0.068650213	0.000176775	-0.001360788	0.000830418
0.068716474	0.000177325	-0.000556839	0.00083051
0.068782721	0.000177879	0.001465424	0.000830578
0.068848967	0.000178437	0.000889262	0.000830227
0.068915206	0.000178999	0.000107066	0.000830119
0.068981437	0.000179566	0.000774786	0.000830356
0.069047654	0.000180137	0.001404387	0.000830882
0.069113869	0.000180713	0.00071939	0.000829868
0.069180077	0.000181292	0.002585734	0.000830409
0.069246278	0.000181876	0.002658507	0.000830623
0.069312465	0.000182464	0.001844171	0.000829957
0.06937865	0.000183057	0.002481115	0.000830373
0.069444828	0.000183653	0.001276174	0.000830179
0.069510998	0.000184254	0.000452622	0.000830046
0.069577154	0.000184858	6.25855E-05	0.000830149
0.069643309	0.000185467	0.000901545	0.000830376
0.069709457	0.00018608	0.002763986	0.000829921
0.069775597	0.000186696	0.004217784	0.000830267
0.069841723	0.000187317	0.002617698	0.000830229
0.069907847	0.000187942	0.001168396	0.000830198
0.069973965	0.00018857	0.003582583	0.000829796
0.070040074	0.000189203	0.003715953	0.000830076
0.07010617	0.000189839	0.00107155	0.000829685
0.070172264	0.00019048	0.001255903	0.000829457
0.070238351	0.000191124	0.003296831	0.000830302
0.070304431	0.000191772	0.0024181	0.000829994
0.070370502	0.000192424	0.002320026	0.00082985
0.07043656	0.000193079	0.00152672	0.000829749
0.070502617	0.000193739	0.001574014	0.00083019
0.070568666	0.000194402	0.001214322	0.000829905
0.070634707	0.000195069	0.002350692	0.000829882
0.070700735	0.000195739	-0.00010923	0.000830001
0.070766761	0.000196413	0.001429316	0.000829919
0.07083278	0.000197091	0.002069935	0.000829754
0.070898791	0.000197772	5.90893E-05	0.000829574
0.070964788	0.000198457	0.000384882	0.000829461
0.071030784	0.000199146	0.001230526	0.000829474
0.071096772	0.000199838	0.001845889	0.000829326
0.071162753	0.000200533	0.000810212	0.000829282
0.07122872	0.000201232	-0.000249323	0.000829937
0.071294686	0.000201935	0.000503201	0.000829068
0.071360644	0.000202641	0.001997514	0.000829329
0.071426594	0.00020335	0.001499586	0.000829662
0.071492531	0.000204063	-0.000736298	0.000828848
0.071558466	0.000204779	0.002033738	0.000829253
0.071624394	0.000205499	0.002402313	0.000828797
0.071690314	0.000206222	-0.001027207	0.000828781
0.07175622	0.000206948	2.41147E-05	0.000829073
0.071822125	0.000207677	0.002255381	0.000829
0.071888023	0.00020841	0.00252041	0.000829558
0.071953913	0.000209146	0.001258168	0.000828984
0.072019795	0.000209885	0.002339189	0.000829364
0.072085663	0.000210628	0.000545714	0.000829302
0.072151531	0.000211374	0.003047093	0.00082884
0.07221739	0.000212123	0.001459445	0.000828954
0.072283252	0.000213089	0.000786147	0.000828722
0.072349109	0.000213096	0.004764601	0.000829324
0.072414973	0.000213108	0.004377743	0.000829529
0.072480839	0.000213125	0.003249251	0.000829387
0.072546706	0.000213147	0.004241582	0.000828621
0.072612568	0.000213174	0.004157332	0.000829308
0.072678438	0.000213206	0.003617494	0.000828932
0.072744309	0.000213243	0.001812094	0.000828929
0.072810182	0.000213284	0.004554482	0.000829516
0.072876049	0.000213331	0.004641084	0.000828933
0.072941924	0.000213383	0.003371234	0.000829201
0.073007801	0.000213439	0.004805814	0.000829454
0.073073678	0.000213501	0.004456694	0.000828636
0.073139551	0.000213567	0.005171016	0.000828895
0.073205432	0.000213639	0.006057379	0.000828936
0.073271313	0.000213716	0.002399996	0.000828694
0.073337196	0.000213797	0.004848422	0.000828637
0.073403075	0.000213884	0.00537563	0.000828497
0.07346896	0.000213976	0.003585298	0.000828639
0.073534847	0.000214072	0.004699289	0.000828737
0.073600736	0.000214174	0.005348071	0.00082841
0.073666625	0.000214281	0.004630654	0.00082852
0.07373251	0.000214393	0.005657	0.000828624
0.073798403	0.00021451	0.004536427	0.000828793
0.073864296	0.000214631	0.003164162	0.000828447
0.073930191	0.000214759	0.005350758	0.000828513
0.073996081	0.000214891	0.00676409	0.000828414
0.074061979	0.000215028	0.003328494	0.000827919
0.074127878	0.00021517	0.005751002	0.000828352
0.074193778	0.000215317	0.006363861	0.000828575
0.074259674	0.00021547	0.003516066	0.000827846
0.074325577	0.000215627	0.002365767	0.000827722
0.074391481	0.00021579	0.004723008	0.000827672
0.074457387	0.000215958	0.00204724	0.000828143
0.074523287	0.00021613	0.003678671	0.00082779
0.074589196	0.000216308	0.001059046	0.000827286
0.074655105	0.000216491	0.003165041	0.0008274
0.074721016	0.000216679	0.003932017	0.000827831
0.074786922	0.000216872	0.004329306	0.000827567
0.074852836	0.000217071	0.002060813	0.000827611
0.074918751	0.000217274	0.004199058	0.000827916
0.074984667	0.000217482	0.004938042	0.000827686
0.075050578	0.000217696	0.002735913	0.000827371
0.075116497	0.000217914	0.002692828	0.000827139
0.075182418	0.000218138	0.004477311	0.00082794
0.075248339	0.000218367	0.003423045	0.000827646
0.075314262	0.000218601	0.005594286	0.000827198
0.07538018	0.00021884	0.005580582	0.000827154
0.075446106	0.000219084	0.006200722	0.000827685
0.075512033	0.000219333	0.007387127	0.000827632
0.075577961	0.000219587	0.004526992	0.000827907
0.075643884	0.000219846	0.005133939	0.000827451
0.075709815	0.00022011	0.007152765	0.00082784
0.075775747	0.000220379	0.005605086	0.000827609
0.075841681	0.000220654	0.00608204	0.000827031
0.075907609	0.000220933	0.007177608	0.000827824
0.075973545	0.000221217	0.009054747	0.000827575
0.076039483	0.000221507	0.006981329	0.000827587
0.076105422	0.000221801	0.007082852	0.000827152
0.076171356	0.0002221	0.008324782	0.000827272
0.076237297	0.000222405	0.006738456	0.000827486
0.07630324	0.000222714	0.008146312	0.000827653
0.076369184	0.000223028	0.006046275	0.00082805
0.076435123	0.000223348	0.004746026	0.000827081
0.07650107	0.000223672	0.008021105	0.000827263
0.076567018	0.000224001	0.010171681	0.000827675
0.076632968	0.000224336	0.006170308	0.000827024
0.076698912	0.000224675	0.007987335	0.000826971
0.076764865	0.000225019	0.008597481	0.000827091
0.076830818	0.000225368	0.007716578	0.000826784
0.076896773	0.000225722	0.007654046	0.000827245
0.076962729	0.00022608	0.007659992	0.000827451
0.07702868	0.000226444	0.006986058	0.00082685
0.077094639	0.000226813	0.007940654	0.000827107
0.077160599	0.000227186	0.00648447	0.000826973
0.07722656	0.000227565	0.006925465	0.000826942
0.077292517	0.000227948	0.008414709	0.000826897
0.077358481	0.000228336	0.008470437	0.00082707
0.077424446	0.000228728	0.006693419	0.000826311
0.077490413	0.000229126	0.00875392	0.00082683
0.077556375	0.000229528	0.008818968	0.000826472
0.077622344	0.000229936	0.008585125	0.000826679
0.077688315	0.000230348	0.006814895	0.000826597
0.077754287	0.000230764	0.009828738	0.000826432
0.077820254	0.000231186	0.009412058	0.000826446
0.077886229	0.000231612	0.008873102	0.000826174
0.077952205	0.000232043	0.010534423	0.000826752
0.078018182	0.000232479	0.010093613	0.000826414
0.078084155	0.000232919	0.010820885	0.000826614
0.078150135	0.000233364	0.010429479	0.000826244
0.078216116	0.000233814	0.009481147	0.000825824
0.078282099	0.000234268	0.010867725	0.000826111
0.078348077	0.000234727	0.012415553	0.000826977
0.078414062	0.00023519	0.011199159	0.000826574
0.078480049	0.000235659	0.011054999	0.000826039
0.078546037	0.000236131	0.014226844	0.000826252
0.078612026	0.000236609	0.015818073	0.000826674
0.07867801	0.000237091	0.01490778	0.000826907
0.078744002	0.000237577	0.014309304	0.000826145
0.078809996	0.000238068	0.014296154	0.000826364
0.07887599	0.000238563	0.017241743	0.000827211
0.07894198	0.000239063	0.015861043	0.00082654
0.079007977	0.000239568	0.016287119	0.00082647
0.079073976	0.000240077	0.017753837	0.000826872
0.079139976	0.00024059	0.020441475	0.000827478
0.079205971	0.000241108	0.018881536	0.000827079
0.079271973	0.00024163	0.020140552	0.000826724
0.079337977	0.000242157	0.023001753	0.00082738
0.079403983	0.000242688	0.021475756	0.000827166
0.079469983	0.000243223	0.022735759	0.000826812
0.079535991	0.000243763	0.02375215	0.00082662
0.079602	0.000244307	0.023338215	0.000826893
0.079668011	0.000244855	0.025457623	0.000827568
0.079734016	0.000245408	0.026239512	0.000827639
0.079800029	0.000245965	0.02568228	0.000827686
0.079866044	0.000246526	0.02742364	0.000827978
0.07993206	0.000247092	0.029475408	0.000828283
0.079998071	0.000247661	0.028737553	0.000827273
0.080064089	0.000248235	0.030050917	0.000828118
0.080130109	0.000248813	0.033729506	0.000828055
0.080196131	0.000249396	0.034548977	0.000828214
0.080262153	0.000249982	0.033632241	0.000827797
0.080328171	0.000250573	0.034784819	0.000828758
0.080394196	0.000251167	0.037441829	0.000828465
0.080460222	0.000251766	0.03833802	0.000828738
0.08052625	0.000252369	0.039722047	0.000828693
0.080592273	0.000252976	0.040357999	0.000828762
0.080658304	0.000253587	0.042516258	0.000829294
0.080724335	0.000254203	0.046019628	0.000829657
0.080790369	0.000254822	0.044986789	0.000829518
0.080856397	0.000255445	0.047455586	0.000830349
0.080922433	0.000256072	0.051726215	0.000830448
0.08098847	0.000256703	0.052080595	0.00083049
0.081054508	0.000257338	0.054433244	0.000831144
0.081120542	0.000257977	0.056859215	0.000831814
0.081186583	0.00025862	0.058549575	0.000831426
0.081252625	0.000259267	0.06114599	0.000831442
0.081318669	0.000259918	0.064243285	0.000832357
0.081384708	0.000260572	0.065854468	0.00083303
0.081450754	0.000261231	0.070720758	0.000833542
0.081516802	0.000261893	0.0740534	0.000834287
0.081582851	0.000262559	0.076538871	0.000834133
0.081648895	0.000263229	0.080102827	0.000835089
0.081714947	0.000263903	0.084738096	0.000835823
0.081781	0.00026458	0.088410913	0.000836403
0.081847055	0.000265261	0.090036665	0.000836951
0.08191311	0.000265946	0.095498688	0.000837489
0.081979161	0.000266635	0.097426371	0.00083826
0.08204522	0.000267327	0.101931162	0.000839401
0.082111279	0.000268023	0.105388682	0.000839962
0.08217734	0.000268723	0.11073263	0.000840667
0.082243396	0.000269426	0.116358233	0.000841456
0.08230946	0.000270133	0.121903052	0.000841974
0.082375525	0.000270844	0.123287062	0.000842452
0.082441591	0.000271558	0.130225886	0.000843793
0.082507653	0.000272275	0.134955485	0.000845216
0.082573722	0.000272997	0.141265078	0.000845904
0.082639797	0.000274035	0.14745569	0.000847442
0.082705879	0.000274041	0.153371971	0.000848402
0.082771961	0.000274052	0.158710564	0.000849521
0.082838057	0.000274069	0.165728308	0.000851173
0.082904159	0.00027409	0.170729612	0.00085183
0.082970267	0.000274116	0.178806704	0.000853805
0.083036376	0.000274147	0.184984686	0.000855138
0.083102498	0.000274184	0.192573897	0.000856988
0.083168626	0.000274225	0.199858571	0.00085773
0.083234761	0.000274272	0.205531657	0.000859142
0.083300896	0.000274324	0.215897867	0.000861841
0.083367044	0.000274381	0.221469004	0.00086243
0.083433199	0.000274442	0.229324437	0.000865142
0.08349936	0.000274509	0.23908881	0.000867104
0.083565528	0.000274582	0.248848704	0.00086946
0.083631696	0.000274659	0.258267086	0.00087194
0.083697877	0.000274741	0.265979569	0.000873814
0.083764064	0.000274829	0.275581299	0.000875965
0.083830258	0.000274922	0.28604169	0.000878868
0.083896453	0.00027502	0.295050754	0.000880966
0.08396266	0.000275123	0.303822189	0.000882863
0.084028874	0.000275231	0.315940951	0.000886289
0.084095094	0.000275345	0.33087097	0.000890681
0.084161315	0.000275464	0.339643374	0.000893064
0.084227548	0.000275588	0.352458952	0.000896682
0.084293788	0.000275717	0.365109699	0.000900221
0.084360035	0.000275851	0.375180248	0.000903141
0.084426282	0.00027599	0.384953963	0.000906129
0.084492542	0.000276135	0.39949415	0.000910135
0.084558808	0.000276285	0.414040517	0.00091511
0.084625081	0.00027644	0.429681947	0.000920119
0.084691354	0.000276601	0.445640545	0.000925209
0.084757641	0.000276766	0.459259229	0.000930004
0.084823933	0.000276937	0.475439896	0.000935477
0.084890233	0.000277113	0.488908559	0.000940311
0.084956532	0.000277295	0.501020058	0.000944838
0.085022845	0.000277481	0.52013337	0.000951774
0.085089164	0.000277673	0.539550164	0.000959512
0.085155489	0.00027787	0.555762529	0.000965976
0.085221822	0.000278072	0.57141017	0.000972748
0.085288154	0.00027828	0.590517995	0.000981113
0.085354499	0.000278493	0.608940132	0.000988444
0.085420851	0.000278711	0.62572739	0.000995689
0.08548721	0.000278934	0.641886898	0.001003029
0.085553569	0.000279162	0.662053015	0.00101246
0.08561994	0.000279396	0.684691099	0.001023824
0.085686319	0.000279635	0.705475942	0.001034231
0.085752703	0.000279879	0.722770343	0.001042406
0.085819088	0.000280128	0.747734009	0.001055853
0.085885486	0.000280383	0.770264265	0.001068409
0.085951891	0.000280643	0.786385753	0.001077168
0.086018302	0.000280908	0.809685913	0.001091193
0.086084713	0.000281178	0.830457356	0.001103931
0.086151138	0.000281454	0.856146706	0.001119761
0.086217569	0.000281734	0.883142465	0.001136494
0.086284006	0.00028202	0.904476925	0.001151301
0.086350444	0.000282311	0.930221577	0.001168582
0.086416894	0.000282608	0.953411901	0.001185551
0.086483352	0.000282909	0.982060403	0.001205904
0.086549815	0.000283216	1.001497018	0.001221679
0.086616279	0.000283528	1.034700639	0.001247548
0.086682756	0.000283845	1.059498814	0.001267886
0.08674924	0.000284167	1.082655542	0.001287789
0.08681573	0.000284494	1.118071182	0.001319408
0.086882227	0.000284827	1.1468337	0.001345819
0.086948723	0.000285165	1.170828243	0.001368273
0.087015233	0.000285508	1.19547071	0.001392539
0.08708175	0.000285856	1.220307964	0.001417491
0.087148273	0.000286209	1.253830956	0.001453141
0.087214796	0.000286567	1.290747604	0.00149388
0.087281332	0.00028693	1.320770237	0.001527867
0.087347875	0.000287299	1.34317436	0.001555224
0.087414424	0.000287672	1.374745407	0.001593539
0.087480973	0.000288051	1.409490061	0.00163768
0.087547536	0.000288435	1.438521262	0.001676126
0.087614105	0.000288824	1.462406463	0.001708882
0.08768068	0.000289218	1.504175818	0.001769258
0.087747256	0.000289617	1.536137621	0.001815176
0.087813845	0.000290021	1.568495751	0.001865614
0.08788044	0.00029043	1.606345414	0.001926872
0.087947042	0.000290844	1.636585319	0.001977452
0.088013644	0.000291263	1.672236724	0.002038361
0.088080259	0.000291687	1.710130408	0.002106742
0.088146881	0.000292116	1.733523124	0.002151866
0.088213509	0.00029255	1.782883409	0.002246012
0.088280138	0.00029299	1.82074897	0.002324811
0.088346779	0.000293434	1.854148425	0.002393632
0.088413427	0.000293883	1.890514266	0.002475025
0.088480081	0.000294337	1.927127849	0.002558941
0.088546743	0.000294796	1.966853031	0.002653973
0.088613404	0.000295259	1.99671749	0.002728051
0.088680078	0.000295728	2.056344393	0.002881823
0.088746759	0.000296202	2.085143522	0.002961379
0.088813446	0.00029668	2.127401251	0.003083378
0.088880134	0.000297164	2.161178623	0.0031823
0.088946835	0.000297652	2.199241089	0.003298911
0.089013542	0.000298145	2.233114719	0.00340622
0.089080256	0.000298643	2.279099447	0.003558131
0.089146969	0.000299146	2.306104226	0.003651644
0.089213696	0.000299654	2.347523397	0.003799791
0.08928043	0.000300166	2.396898597	0.003984796
0.08934717	0.000300683	2.414546896	0.004054384
0.08941391	0.000301205	2.481115283	0.004319657
0.089480663	0.000301732	2.513824048	0.004458091
0.089547423	0.000302263	2.54219543	0.004584762
0.089614189	0.000302799	2.58422532	0.004776112
0.089680956	0.00030334	2.622983054	0.004963772
0.089747735	0.000303886	2.640824499	0.005044393
0.089814522	0.000304436	2.716719721	0.005434358
0.089881314	0.000304991	2.747436396	0.005604908
0.089948107	0.000305551	2.782600989	0.00580411
0.090014913	0.000306115	2.809722067	0.005951881
0.090081725	0.000306684	2.866294388	0.006297287
0.090148544	0.000307258	2.87797473	0.006372629
0.09021537	0.000307836	2.913783068	0.006596145
0.090282196	0.000308419	2.933588328	0.006725482
0.090349034	0.000309006	3.008530098	0.007244006
0.09041588	0.000309598	3.040272262	0.007476771
0.090482731	0.000310194	3.063189658	0.007644401
0.090549583	0.000310795	3.063919548	0.007644871
0.090616449	0.000311401	3.143433837	0.008277095
0.09068332	0.000312011	3.170084357	0.008495924
0.090750198	0.000312625	3.166562896	0.008459423
0.090817077	0.000313244	3.235330837	0.009068064
0.090883968	0.000313867	3.276003799	0.009438673
0.090950866	0.000314495	3.311389754	0.009774396
0.09101777	0.000315127	3.326641351	0.009925436
0.091084675	0.000315764	3.400608077	0.010679349
0.091151593	0.000316405	3.435148965	0.011048472
0.091218517	0.00031705	3.421455626	0.010901743
0.091285448	0.0003177	3.51660783	0.011990421
0.091352379	0.000318354	3.509781011	0.011893773
0.091419323	0.000319012	3.545672635	0.012326852
0.091486273	0.000319675	3.658180205	0.013804074
0.09155323	0.000320342	3.622785165	0.013324293
0.091620188	0.000321014	3.680566602	0.01411017
0.091687158	0.000321689	3.675863311	0.014041675
0.091754135	0.000322369	3.673171831	0.014006903
0.091821118	0.000323053	3.659299501	0.013806495
0.091888108	0.000323741	3.723996831	0.014726652
0.091955098	0.000324434	3.746955225	0.015073406
0.092022102	0.00032513	3.774374037	0.015481804
0.092089111	0.000325831	3.844745386	0.016602511
0.092156128	0.000326536	3.750635296	0.015115763
0.092223144	0.000327245	3.852984284	0.01674634
0.092290174	0.000327958	3.874115528	0.017097068
0.09235721	0.000328676	3.840694348	0.016551096
0.092424252	0.000329397	3.891159861	0.017404899
0.092491295	0.000330123	3.917022897	0.017842248
0.092558351	0.000330852	3.895277663	0.017461475
0.092625413	0.000331586	3.997520372	0.019344696
0.092692482	0.000332323	3.916674604	0.017841029
0.092759551	0.000333065	3.83642477	0.016460672
0.092826633	0.000333811	3.877766598	0.017150321
0.092893722	0.00033456	3.842442092	0.01655642
0.092960817	0.000335314	3.901682043	0.017569407
0.093027915	0.000335963	3.955883919	0.018536992
0.093095023	0.000335971	3.936826191	0.018184981
0.093162134	0.000335984	3.911787199	0.017735314
0.093229247	0.000336003	3.833833656	0.016414429
0.093296358	0.000336027	3.959383605	0.018598079
0.093363477	0.000336057	3.826169394	0.016277432
0.093430599	0.000336092	3.78922259	0.015696836
0.093497724	0.000336133	3.91476432	0.017789886
0.093564852	0.000336179	3.826386923	0.016278075
0.093631976	0.000336231	3.820622779	0.016185978
0.09369911	0.000336289	3.875684695	0.017102147
0.093766246	0.000336352	3.796482342	0.015788077
0.093833385	0.00033642	3.80692487	0.015961872
0.093900521	0.000336495	3.773829151	0.015445936
0.093967666	0.000336575	3.739419112	0.014924154
0.094034814	0.00033666	3.76309555	0.015281479
0.094101964	0.000336751	3.763003407	0.015281237
0.094169111	0.000336848	3.671500712	0.013946021
0.094236268	0.00033695	3.65702572	0.013745914
0.094303427	0.000337058	3.659579595	0.0137792
0.094370589	0.000337172	3.591955137	0.012883238
0.094437748	0.000337291	3.554910869	0.012411477
0.094504915	0.000337416	3.597299575	0.012942832
0.094572086	0.000337547	3.479816174	0.011517313
0.094639259	0.000337683	3.493924231	0.011680791
0.094706429	0.000337825	3.529070143	0.012097992
0.094773608	0.000337972	3.482092073	0.011540802
0.09484079	0.000338126	3.403227333	0.010665457
0.094907975	0.000338285	3.343892254	0.010052259
0.094975157	0.000338449	3.293183823	0.009553731
0.095042347	0.00033862	3.279442492	0.00942844
0.095109541	0.000338796	3.295389805	0.009584255
0.095176737	0.000338977	3.248417221	0.009144656
0.095243936	0.000339165	3.219095088	0.008878325
0.095311132	0.000339358	3.194425619	0.008665356
0.095378337	0.000339557	3.104393762	0.007919678
0.095445544	0.000339761	3.111447795	0.007974225
0.095512755	0.000339971	3.055441215	0.007548512
0.095579962	0.000340187	2.999954797	0.007140901
0.095647178	0.000340409	3.015841619	0.00724818
0.095714397	0.000340636	2.958910544	0.006855185
0.095781619	0.000340869	2.920656661	0.00660622
0.095848838	0.000341108	2.873037692	0.00630001
0.095916065	0.000341352	2.839889629	0.006096547
0.095983296	0.000341602	2.773722986	0.005710692
0.096050529	0.000341858	2.761487626	0.005644714
0.096117759	0.00034212	2.740969702	0.005533105
0.096184998	0.000342387	2.694833778	0.005285057
0.09625224	0.00034266	2.6787194	0.005201258
0.096319485	0.000342938	2.619175788	0.004907774
0.096386726	0.000343223	2.57716142	0.004709244
0.096453977	0.000343513	2.535926322	0.004523229
0.09652123	0.000343808	2.493325836	0.004342325
0.096588486	0.00034411	2.457464768	0.004190623
0.096655739	0.000344417	2.425596934	0.004063202
0.096723001	0.000344729	2.387272154	0.003915556
0.096790265	0.000345048	2.336869517	0.003732346
0.096857533	0.000345372	2.298342652	0.00359582
0.096924804	0.000345702	2.257981479	0.003457779
0.09699207	0.000346037	2.212662563	0.003312759
0.097059347	0.000346378	2.172017994	0.003186746
0.097126626	0.000346725	2.145443769	0.00310573
0.097193908	0.000347077	2.093417175	0.002960733
0.097261186	0.000347435	2.061305367	0.002871946
0.097328473	0.000347798	2.026963654	0.002781576
0.097395764	0.000348167	1.992412831	0.00269273
0.097463057	0.000348542	1.941936174	0.002571889
0.097530347	0.000348923	1.913312432	0.002503797
0.097597646	0.000349309	1.871126777	0.002407689
0.097664948	0.0003497	1.835621822	0.002332765
0.097732252	0.000350097	1.795928077	0.002250937
0.097799554	0.0003505	1.766945644	0.002193685
0.097866864	0.000350909	1.727272	0.002117459
0.097934177	0.000351323	1.685369586	0.002041449
0.098001493	0.000351742	1.647607367	0.0019743
0.098068806	0.000352167	1.61755676	0.001924773
0.098136128	0.000352598	1.589198908	0.001878056
0.098203452	0.000353034	1.555867745	0.001826114
0.09827078	0.000353475	1.523298933	0.001777303
0.098338104	0.000353922	1.487428389	0.001725538
0.098405437	0.000354375	1.453202084	0.001677473
0.098472773	0.000354833	1.42148192	0.00163448
0.098540112	0.000355297	1.385044471	0.001588397
0.098607454	0.000355766	1.352994961	0.001549872
0.098674792	0.00035624	1.32938556	0.001520834
0.09874214	0.00035672	1.297868567	0.001484835
0.09880949	0.000357206	1.267635257	0.001451132
0.098876843	0.000357696	1.237098183	0.001418854
0.098944193	0.000358193	1.208756419	0.001389068
0.099011552	0.000358694	1.174077226	0.001354685
0.099078913	0.000359201	1.1493112	0.001331446
0.099146278	0.000359714	1.122053551	0.00130627
0.099213639	0.000360232	1.092794637	0.001280206
0.099281009	0.000360755	1.068265986	0.001259581
0.099348382	0.000361283	1.038483183	0.001235243
0.099415758	0.000361817	1.016720278	0.001217437
0.099483131	0.000362356	0.984213308	0.001192785
0.099550513	0.000362901	0.957624246	0.001172966
0.099617897	0.000363451	0.929038241	0.001152699
0.099685285	0.000364006	0.905683197	0.001137203
0.099752669	0.000364566	0.887149136	0.00112488
0.099820062	0.000365132	0.856683605	0.001105026
0.099887458	0.000365703	0.834380892	0.001090127
0.099954856	0.000366279	0.817220748	0.001080622
0.100022252	0.00036686	0.791753199	0.001065549
0.100089656	0.000367446	0.765825231	0.001051369
0.100157064	0.000368038	0.747857545	0.001040951
0.100224474	0.000368635	0.725225044	0.001028943
0.100291887	0.000369237	0.699247716	0.001016419
0.100359297	0.000369844	0.685353261	0.001008596
0.100426715	0.000370457	0.664592872	0.000999112
0.100494137	0.000371074	0.647701822	0.000991064
0.100561562	0.000371697	0.627456244	0.00098167
0.100628982	0.000372324	0.608775055	0.000973213
0.100696413	0.000372957	0.589420011	0.00096495
0.100763846	0.000373595	0.570853249	0.000957682
0.100831282	0.000374237	0.551097501	0.000949565
0.100898714	0.000374885	0.536522627	0.00094313
0.100966156	0.000375538	0.522846472	0.000938291
0.1010336	0.000376196	0.505440366	0.000932296
0.101101047	0.000376859	0.487683462	0.000925267
0.101168491	0.000377527	0.473915272	0.000920709
0.101235944	0.000378199	0.453988196	0.000913383
0.1013034	0.000378877	0.445079486	0.000909818
0.101370859	0.00037956	0.42819829	0.000904904
0.101438314	0.000380247	0.413990691	0.000899731
0.101505778	0.00038094	0.399796004	0.000895673
0.101573246	0.000381637	0.387980411	0.000891132
0.101640716	0.000382339	0.371616577	0.000886879
0.101708183	0.000383046	0.361176303	0.000883877
0.101775658	0.000383758	0.352998091	0.000880833
0.101843137	0.000384475	0.339321798	0.00087745
0.101910619	0.000385196	0.325565738	0.000873456
0.101978103	0.000385923	0.31413792	0.000870435
0.102045584	0.000386653	0.30296878	0.000867068
0.102113074	0.000387389	0.291920933	0.000864155
0.102180567	0.00038813	0.283390289	0.000861766
0.102248063	0.000388875	0.272663999	0.000859007
0.102315555	0.000389625	0.262592385	0.000856883
0.102383057	0.000390379	0.254574522	0.000854706
0.102450561	0.000391139	0.244378646	0.000852076
0.102518068	0.000391903	0.236357508	0.00084996
0.102585572	0.000392671	0.231292398	0.000848728
0.102653085	0.000393444	0.221788447	0.000846042
0.102720601	0.000394222	0.21046861	0.000844405
0.102788119	0.000395004	0.20487144	0.000842521
0.102855634	0.000395791	0.195830193	0.00084062
0.102923159	0.000396582	0.188767368	0.0008392
0.102990686	0.000397378	0.182367409	0.000837796
0.103058216	0.000398179	0.175022754	0.000835626
0.103125742	0.000398984	0.169072246	0.000834535
0.103193278	0.000399793	0.163098558	0.000833919
0.103260817	0.000400607	0.153429637	0.000831778
0.103328358	0.000401426	0.148856429	0.000830616
0.103395898	0.000402101	0.143750405	0.000829815
0.103463447	0.000402109	0.137750204	0.000828322
0.103531	0.000402122	0.129752961	0.000826804
0.103598556	0.000402141	0.126558745	0.000826054
0.103666115	0.000402166	0.12255593	0.000825255
0.103733678	0.000402197	0.118095032	0.000824083
0.103801244	0.000402233	0.113159516	0.000823574
0.103868801	0.000402276	0.106679652	0.00082216
0.103936373	0.000402324	0.1045652	0.000821596
0.104003949	0.000402378	0.101347511	0.000820125
0.104071528	0.000402438	0.094130741	0.000819553
0.104139111	0.000402504	0.094265604	0.000819247
0.104206697	0.000402576	0.089058783	0.000818705
0.104274286	0.000402654	0.084287369	0.000817858
0.104341879	0.000402737	0.079654736	0.000816569
0.104409462	0.000402827	0.07732577	0.000816214
0.104477061	0.000402922	0.073596305	0.000815734
0.104544663	0.000403024	0.069923967	0.000814858
0.104612269	0.000403131	0.066005495	0.000813943
0.104679878	0.000403244	0.064782397	0.000813872
0.104747491	0.000403364	0.062366965	0.000813451
0.104815106	0.000403489	0.061463644	0.000812863
0.104882725	0.00040362	0.056436721	0.000812383
0.104950335	0.000403757	0.055101824	0.000812132
0.105017961	0.0004039	0.053561818	0.000812277
0.10508559	0.000404049	0.050520208	0.00081098
0.105153222	0.000404204	0.04839047	0.000810883
0.105220858	0.000404365	0.047504855	0.000810202
0.105288496	0.000404532	0.044030484	0.000810248
0.105356139	0.000404705	0.041151103	0.00080956
0.105423784	0.000404883	0.040982034	0.000809307
0.105491433	0.000405068	0.038419623	0.000808736
0.105559072	0.000405259	0.039016332	0.000808713
0.105626728	0.000405456	0.036664451	0.000808322
0.105694387	0.000405659	0.035280214	0.000807929
0.105762049	0.000405868	0.033053445	0.000808029
0.105829714	0.000406083	0.033371301	0.000808387
0.105897383	0.000406303	0.030133878	0.000807405
0.105965055	0.00040653	0.029112399	0.000807095
0.106032731	0.000406763	0.029957134	0.000807112
0.106100396	0.000407002	0.028557993	0.000807045
0.106168078	0.000407247	0.026446122	0.000806172
0.106235764	0.000407498	0.026571019	0.000806395
0.106303452	0.000407755	0.025529642	0.000806002
0.106371144	0.000408018	0.026747798	0.00080618
0.10643884	0.000408286	0.023852753	0.000805263
0.106506538	0.000408561	0.020857614	0.000805427
0.10657424	0.000408842	0.020981416	0.000805548
0.106641932	0.000409129	0.021349498	0.00080506
0.106709641	0.000409422	0.018788918	0.00080485
0.106777353	0.000409721	0.018437547	0.000804976
0.106845068	0.000410026	0.019937805	0.000804913
0.106912786	0.000410337	0.017174612	0.000804287
0.106980508	0.000410654	0.015415712	0.000804369
0.107048233	0.000410976	0.015817145	0.000804211
0.107115962	0.000411305	0.01603552	0.000803821
0.107183693	0.00041164	0.015443332	0.000803504
0.107251416	0.000411981	0.014348662	0.000804158
0.107319154	0.000412328	0.014792345	0.000803724
0.107386896	0.00041268	0.014685475	0.000803444
0.107454641	0.000413039	0.016270516	0.000803919
0.107522389	0.000413404	0.011182297	0.000803412
0.107590141	0.000413774	0.010626013	0.000803323
0.107657895	0.000414151	0.011104542	0.000803015
0.107725654	0.000414533	0.012613005	0.00080269
0.107793402	0.000414922	0.010509968	0.000802457
0.107861167	0.000415316	0.010624004	0.000802879
0.107928935	0.000415717	0.009723133	0.000802716
0.107996707	0.000416123	0.010048795	0.000802062
0.108064482	0.000416535	0.011006275	0.000802435
0.10813226	0.000416953	0.010832629	0.000801904
0.108200041	0.000417377	0.010322985	0.000801984
0.108267826	0.000417807	0.007249501	0.000802184
0.108335601	0.000418242	0.005720197	0.000802085
0.108403393	0.000418684	0.008096956	0.000801935
0.108471187	0.000419132	0.010820969	0.000802406
0.108538985	0.000419585	0.006556365	0.00080135
0.108606787	0.000420044	0.006673797	0.000801127
0.108674591	0.000420509	0.009671419	0.000802304
0.108742399	0.00042098	0.009666	0.000801518
0.108810211	0.000421457	0.00823337	0.000801453
0.108878025	0.000421939	0.007833657	0.000801611
0.10894583	0.000422427	0.007540037	0.000801505
0.109013651	0.000422922	0.008737089	0.000801572
0.109081476	0.000423422	0.008645156	0.000801779
0.109149304	0.000423927	0.005919938	0.000801169
0.109217135	0.000424439	0.007243694	0.000801498
0.109284969	0.000424956	0.008470846	0.000801349
0.109352807	0.000425479	0.008427696	0.000800639
0.109420648	0.000426008	0.004354527	0.000800361
0.10948848	0.000426542	0.008168576	0.000801101
0.109556327	0.000427082	0.006444947	0.00080093
0.109624178	0.000427628	0.007573102	0.000800746
0.109692033	0.00042818	0.007911368	0.00080102
0.10975989	0.000428737	0.004763251	0.000800686
0.109827751	0.0004293	0.007447206	0.000800384
0.109895616	0.000429869	0.007020169	0.000800659
0.109963483	0.000430443	0.006116261	0.000800356
0.110031341	0.000431023	0.0075171	0.000800536
0.110099216	0.000431608	0.009761124	0.000800668
0.110167093	0.000432199	0.006802616	0.000800062
0.110234974	0.000432796	0.003585483	0.000799779
0.110302858	0.000433398	0.007095574	0.000800169
0.110370746	0.000434006	0.006091647	0.000799931
0.110438636	0.00043462	0.004390479	0.000799604
0.110506531	0.000435239	0.006643855	0.000799576
0.110574428	0.000435863	0.004842849	0.000800096
0.110642316	0.000436493	0.005844178	0.000799551
0.11071022	0.000437129	0.006208967	0.000799709
0.110778127	0.00043777	0.005537859	0.000799503
0.110846038	0.000438417	0.005916546	0.000799603
0.110913952	0.000439069	0.004343366	0.000799537
0.110981869	0.000439726	0.000975899	0.000798872
0.11104979	0.000440389	0.003014299	0.000798829
0.111117714	0.000441058	0.003858803	0.00079892
0.111185628	0.000441731	0.00494073	0.000798909
0.111253559	0.000442411	0.00349982	0.000799005
0.111321493	0.000443095	0.003157192	0.000798591
0.11138943	0.000443785	0.002833375	0.000798361
0.11145737	0.000444481	0.002524925	0.000798413
0.111525314	0.000445181	0.004247308	0.000798574
0.111593261	0.000445887	0.003730418	0.000798564
0.111661212	0.000446599	0.00411348	0.000798659
0.111729153	0.000447315	0.005877444	0.000798455
0.11179711	0.000448037	0.001043042	0.000797809
0.11186507	0.000448764	0.00270758	0.000797712
0.111933034	0.000449497	0.005354888	0.000798302
0.112001001	0.000450234	0.003738935	0.000797926
0.112068971	0.000450977	0.003367947	0.000797726
0.112136945	0.000451725	0.003567436	0.000797792
0.112204922	0.000452479	0.002777971	0.000798007
0.112272902	0.000453237	0.003279846	0.000797588
0.112340873	0.000454	0.00555067	0.000797836
0.11240886	0.000454769	0.002554036	0.000797422
0.11247685	0.000455543	0.004384945	0.000797512
0.112544844	0.000456322	0.005295405	0.000797707
0.112612841	0.000457106	0.004090454	0.000797555
0.112680841	0.000457895	0.003425097	0.000797398
0.112748844	0.00045869	0.005011507	0.00079784
0.112816851	0.000459489	0.002742775	0.000797398
0.112884848	0.000460293	0.002506076	0.000797113
0.112952862	0.000461103	0.003704018	0.000797122
0.113020878	0.000461917	0.00353458	0.0007966
0.113088898	0.000462736	0.004953015	0.000797051
0.113156922	0.000463561	0.000439356	0.000797129
0.113224949	0.00046439	0.003621677	0.000796932
0.113292979	0.000465224	0.004759101	0.000796932
0.113361012	0.000466063	0.003924292	0.000796254
0.113429036	0.000466907	0.000831559	0.000796588
0.113497075	0.000467756	0.002842294	0.00079651
0.113565119	0.00046861	0.003666231	0.000796904
0.113633165	0.000469469	0.002073277	0.000796373
0.113701215	0.000470332	-1.74022E-05	0.000796262
0.113769268	0.000470972	0.00353655	0.000796211
0.113837317	0.00047098	0.002754445	0.000796372
0.113905362	0.000470993	0.002900705	0.000795988
0.113973402	0.000471013	0.002932349	0.000796259
0.114041425	0.000471038	0.003641959	0.000796192
0.114109456	0.00047107	0.003107705	0.000795614
0.114177482	0.000471107	0.001657626	0.000795672
0.114245504	0.00047115	0.000826115	0.000795914
0.114313521	0.0004712	0.000965527	0.000795777
0.114381534	0.000471255	0.00277898	0.00079597
0.114449542	0.000471316	0.001931615	0.000795255
0.114517545	0.000471384	-0.001117803	0.000795279
0.114585531	0.000471457	0.001229407	0.00079527
0.114653525	0.000471536	0.001026619	0.000795063
0.114721515	0.000471622	-0.00021058	0.000795083
0.1147895	0.000471713	0.001562629	0.000795057
0.114857481	0.000471811	0.000759002	0.000794704
0.114925457	0.000471914	5.4982E-06	0.000794993
0.114993429	0.000472024	9.80108E-05	0.000794549
0.115061396	0.00047214	-0.00087324	0.000794065
0.115129345	0.000472262	0.000514744	0.00079486
0.115197303	0.000472389	0.000565058	0.00079478
0.115265256	0.000472523	-0.000150836	0.000794035
0.115333205	0.000472663	-0.000515861	0.000794701
0.115401149	0.00047281	0.000948545	0.000794486
0.115469088	0.000472962	0.001300623	0.000794647
0.115537023	0.00047312	-0.00052399	0.000794418
0.115604954	0.000473285	0.000524089	0.000794421
0.115672879	0.000473455	0.000400393	0.000794067
0.115740788	0.000473632	-2.73395E-05	0.000794389
0.115808704	0.000473815	-6.38979E-05	0.000794172
0.115876616	0.000474004	-0.00075421	0.000793749
0.115944524	0.000474199	0.002910827	0.000794244
0.116012427	0.0004744	0.001620198	0.000794009
0.116080325	0.000474607	0.001725146	0.00079399
0.116148219	0.000474821	-0.000512205	0.000793786
0.116216108	0.00047504	0.002397163	0.000794235
0.11628398	0.000475266	0.001827465	0.000794358
0.11635186	0.000475498	0.000518944	0.000793751
0.116419736	0.000475736	0.001572828	0.000793703
0.116487607	0.00047598	0.000597453	0.000793605
0.116555473	0.00047623	0.000767255	0.000793737
0.116623335	0.000476487	-0.000927557	0.000793476
0.116691192	0.000476749	-0.000780397	0.000793622
0.116759045	0.000477018	0.001515097	0.000793308
0.11682688	0.000477293	0.001887313	0.000792926
0.116894723	0.000477574	0.001026185	0.000793092
0.116962562	0.000477861	-0.000209925	0.000793305
0.117030397	0.000478154	0.002707708	0.000793123
0.117098226	0.000478453	0.00130229	0.000793732
0.117166052	0.000478759	0.000156702	0.000792975
0.117233872	0.000479071	0.001167848	0.000793289
0.117301688	0.000479388	0.001190034	0.000793275
0.1173695	0.000479712	0.000331503	0.000792529
0.117437294	0.000480042	0.000593931	0.000792745
0.117505096	0.000480379	0.002333544	0.000792978
0.117572894	0.000480721	-0.000649586	0.000792676
0.117640687	0.000481069	0.001753002	0.000793204
0.117708476	0.000481424	-0.002191283	0.000792369
0.11777626	0.000481785	-0.000999986	0.000792517
0.11784404	0.000482151	0.000438012	0.000792317
0.117911815	0.000482524	0.000645863	0.000792472
0.117979572	0.000482903	-0.000981817	0.000792362
0.118047338	0.000483288	-0.000438361	0.00079192
0.118115099	0.000483679	-0.000858981	0.000792188
0.118182856	0.000484077	-0.00070206	0.000791897
0.118250608	0.00048448	0.000270288	0.000791994
0.118318356	0.00048489	-4.60845E-05	0.000791718
0.118386099	0.000485305	-0.001338046	0.000792255
0.118453837	0.000485727	-0.000476619	0.000791897
0.118521558	0.000486154	-0.002232314	0.00079168
0.118589287	0.000486588	-0.001084249	0.000791663
0.118657012	0.000487028	0.001370378	0.000792058
0.118724732	0.000487474	-0.00151253	0.00079165
0.118792447	0.000487925	-0.000846854	0.000791035
0.118860158	0.000488383	-1.4246E-05	0.000791268
0.118927865	0.000488847	0.000271349	0.000791277
0.118995567	0.000489317	-0.000810669	0.000791251
0.119063264	0.000489793	-0.001108006	0.000790821
0.119130944	0.000490275	-0.002828724	0.000791536
0.119198632	0.000490763	-3.40388E-05	0.000791615
0.119266315	0.000491257	-0.001080066	0.000791279
0.119333994	0.000491757	-0.001523704	0.000790705
0.119401669	0.000492263	0.000472128	0.000790958
0.119469339	0.000492775	-6.86331E-05	0.000791207
0.119537004	0.000493292	-0.000380473	0.000791072
0.119604665	0.000493816	0.00014757	0.000790403
0.119672308	0.000494346	0.00010409	0.000790954
0.119739959	0.000494881	-0.000271775	0.000791194
0.119807606	0.000495423	-0.000350096	0.000791339
0.119875249	0.00049597	-0.000861855	0.00079095
0.119942887	0.000496524	0.000575571	0.000791131
0.12001052	0.000497083	0.000117664	0.000791041
0.120078149	0.000497648	0.001763067	0.0007909
0.120145773	0.000498219	-0.000430354	0.000790485
0.120213379	0.000498796	0.00157882	0.000790636
0.120280994	0.000499379	0.00264139	0.000790819
0.120348605	0.000499967	-0.000683427	0.000790741
0.120416211	0.000500562	0.000222442	0.000790546
0.120483812	0.000501162	0.001553894	0.000790652
0.120551409	0.000501768	0.001873404	0.000790878
0.120619001	0.00050238	0.000863044	0.000789996
0.120686588	0.000502998	0.002186466	0.000790631
0.120754171	0.000503621	0.001291314	0.000790533
0.120821737	0.00050425	0.001494234	0.000790308
0.120889311	0.000504885	0.001934711	0.000790219
0.12095688	0.000505526	-0.00057824	0.000790246
0.121024445	0.000506172	0.000525064	0.000790258
0.121092005	0.000506824	0.001039316	0.000790455
0.12115956	0.000507482	0.00045038	0.000790305
0.121227111	0.000508146	-0.001336318	0.00079011
0.121294658	0.000508815	0.002399674	0.000790782
0.121362187	0.000509489	-0.000320254	0.000790462
0.121429724	0.00051017	-0.001213609	0.000790365
0.121497257	0.000510856	0.001433825	0.000790299
0.121564785	0.000511548	0.001548344	0.000789846
0.121632308	0.000512245	0.002208394	0.000790045
0.121699827	0.000512948	-0.000593608	0.000789733
0.121767342	0.000513657	0.000558776	0.000789713
0.121834852	0.000514371	-6.20131E-05	0.000789775
0.121902344	0.000515091	0.000778858	0.000789669
0.121969845	0.000515816	-0.002242818	0.0007895
0.122037341	0.000516547	-0.001200015	0.000789169
0.122104833	0.000517283	-0.000327885	0.000789754
0.12217232	0.000518025	-0.000228337	0.000789691
0.122239802	0.000518773	-0.001115095	0.000789163
0.12230728	0.000519525	0.001017861	0.000789137
0.122374753	0.000520284	0.000675444	0.000789829
0.122442222	0.000521048	-0.000762148	0.000789413
0.122509673	0.000521817	-0.000105132	0.000789043
0.122577133	0.000522591	-0.000581617	0.00078944
0.122644588	0.000523371	0.001818733	0.000789436
0.122712038	0.000524157	0.002187271	0.000789963
0.122779484	0.000524948	0.000486285	0.000789094
0.122846925	0.000525744	-0.00099705	0.000788946
0.122914362	0.000526545	0.001961518	0.00078887
0.122981794	0.000527352	0.001077302	0.000789479
0.123049209	0.000528164	-0.000434897	0.00078911
0.123116632	0.000528982	0.001014034	0.000789234
0.12318405	0.000529805	0.00056193	0.000788714
0.123251464	0.000530633	0.001216666	0.000789011
0.123318874	0.000531466	0.00111426	0.000788838
0.123386278	0.000532305	0.002518565	0.000788565
0.123453678	0.000533149	0.001855274	0.000788795
0.123521074	0.000533998	0.001444169	0.000788771
0.123588452	0.000534852	0.000305315	0.000788167
0.123655839	0.000535712	0.000611594	0.000788683
0.123723221	0.000536576	0.000374823	0.000788549
0.123790598	0.000537446	0.001217558	0.000788678
0.123857971	0.000538321	0.002848473	0.000788166
0.123925339	0.000539201	0.003125044	0.00078856
0.123992702	0.000540086	0.003266882	0.00078866
0.124060061	0.000540977	0.002217247	0.000788518
0.124127417	0.000541735	0.000954559	0.000787661
0.124194761	0.000541735	0.000472467	0.000787919
0.124262117	0.000541735	0.001944588	0.000788359
0.124329474	0.000541735	0.001966142	0.000788109
0.12439683	0.000541735	-0.00021092	0.000788068
0.124464187	0.000541735	0.001345439	0.000788502
0.124531543	0.000541735	0.003196041	0.00078861
0.1245989	0.000541735	0.000136669	0.000787848
0.124666256	0.000541735	0.000416198	0.000787812
0.1247336	0.000541735	0.001920164	0.000788043
0.124800956	0.000541736	0.000218882	0.000787607
0.124868312	0.000541736	-0.000276103	0.000787589
0.124935669	0.000541736	0.001565899	0.000788125
0.125003025	0.000541736	0.002225206	0.00078766
0.125070382	0.000541737	0.001276199	0.000787788
0.125137738	0.000541737	0.000243644	0.000787591
0.125205095	0.000541737	-0.001102203	0.000787405
0.125272438	0.000541737	-0.000578832	0.000787309
0.125339795	0.000541738	0.003557317	0.00078767
0.125407151	0.000541738	0.001443771	0.000787209
0.125474507	0.000541739	0.001152996	0.000787535
0.125541864	0.000541739	0.001613034	0.000787527
0.12560922	0.000541739	0.002052078	0.000787439
0.125676577	0.00054174	-0.00016508	0.000787236
0.125743933	0.00054174	0.002349611	0.00078725
0.12581129	0.000541741	-3.71585E-05	0.00078706
0.125878633	0.000541741	0.002795593	0.000787299
0.12594599	0.000541742	0.001147875	0.000786735
0.126013346	0.000541742	0.000871355	0.000787004
0.126080702	0.000541743	0.00191849	0.000786814
0.126148059	0.000541743	0.002778005	0.000787121
0.126215415	0.000541744	0.000394712	0.000786834
0.126282772	0.000541745	0.001445193	0.000786547
0.126350128	0.000541745	0.000491104	0.000786537
0.126417472	0.000541746	0.002498345	0.000787156
0.126484828	0.000541747	0.001504623	0.000786887
0.126552185	0.000541747	0.003202893	0.000787089
0.126619541	0.000541748	0.002576486	0.000786681
0.126686897	0.000541749	0.002654416	0.000786537
0.126754254	0.000541749	0.00067228	0.000786234
0.12682161	0.00054175	0.000551181	0.000786546
0.126888967	0.000541751	0.001940581	0.000786234
0.12695631	0.000541752	0.001889959	0.000786926
0.127023667	0.000541753	0.001191515	0.000786236
0.127091023	0.000541753	0.000402507	0.000786641
0.12715838	0.000541754	0.003818502	0.000786463
0.127225736	0.000541755	0.001039979	0.000786096
0.127293093	0.000541756	0.001694039	0.00078573
0.127360449	0.000541757	0.002276581	0.000785974
0.127427805	0.000541758	0.001178767	0.000785631
0.127495162	0.000541759	0.001711432	0.000785907
0.127562505	0.00054176	0.000497195	0.00078578
0.127629862	0.000541761	-0.000646353	0.00078514
0.127697218	0.000541762	0.001817737	0.000785651
0.127764575	0.000541763	0.002584357	0.000785497
0.127831931	0.000541764	0.000696192	0.000785325
0.127899288	0.000541765	-0.001110145	0.000785574
0.127966644	0.000541766	0.002026167	0.000785567
0.128034	0.000541767	-0.000683831	0.000784882
0.128101344	0.000541768	-0.00087139	0.000785047
0.1281687	0.000541769	0.001191821	0.000785482
0.128236057	0.00054177	0.001763012	0.000784651
0.128303413	0.000541772	-5.02467E-05	0.000784951
0.12837077	0.000541773	-0.00044742	0.000784826
0.128438126	0.000541774	0.001098382	0.000784507
0.128505483	0.000541775	0.001190963	0.000784543
0.128572839	0.000541777	-0.000158733	0.00078455
0.128640183	0.000541778	-0.000935925	0.000784198
0.128707539	0.000541779	0.001234194	0.000784187
0.128774895	0.00054178	0.001321562	0.000784414
0.128842252	0.000541782	-2.24021E-05	0.000783996
0.128909608	0.000541783	-0.002858377	0.000784055
0.128976965	0.000541784	0.000815275	0.000784358
0.129044321	0.000541786	0.000722605	0.000783854
0.129111678	0.000541787	0.00077136	0.000783542
0.129179034	0.000541789	-0.000212159	0.000783414
0.129246378	0.00054179	0.001423436	0.000783131
0.129313734	0.000541792	-0.001304735	0.000783822
0.12938109	0.000541793	0.000847738	0.000783915
0.129448447	0.000541795	9.74504E-05	0.000783546
0.129515803	0.000541796	0.000853037	0.000783725
0.12958316	0.000541798	0.002175584	0.000783969
0.129650516	0.000541799	-0.000619961	0.000783671
0.129717873	0.000541801	-0.00203559	0.000783116
0.129785216	0.000541802	0.002163044	0.00078318
0.129852573	0.000541804	-0.000141876	0.000783743
0.129919929	0.000541806	-0.00095526	0.000782855
0.129987285	0.000541807	0.000830944	0.00078285
0.130054642	0.000541809	-0.000108829	0.000783302
0.130121998	0.000541811	0.001488702	0.000783184
0.130189355	0.000541812	0.002797877	0.00078264
0.130256711	0.000541814	-0.000873425	0.00078257
0.130324055	0.000541816	-0.001026061	0.000782993
0.130391411	0.000541818	0.002113222	0.000782791
0.130458768	0.000541819	0.000499545	0.000782545
0.130526124	0.000541821	-0.000352594	0.000782522
0.13059348	0.000541823	0.000966556	0.000782531
0.130660837	0.000541825	4.37146E-05	0.000782412
0.130728193	0.000541827	0.000288066	0.00078156
0.13079555	0.000541829	-0.000303354	0.000782211
0.130862906	0.00054183	-0.000416989	0.000782003
0.13093025	0.000541832	-0.000226917	0.000781651
0.130997606	0.000541834	-0.001775736	0.000781416
0.131064963	0.000541836	-0.00147924	0.000781927
0.131132319	0.000541838	-0.001571242	0.000781892
0.131199675	0.00054184	0.001562092	0.000781224
0.131267032	0.000541842	-0.001893388	0.000780933
0.131334388	0.000541844	-0.002606814	0.000780825
0.131401745	0.000541846	0.000114746	0.000781343
0.131469088	0.000541848	-0.000697656	0.000781156
0.131536445	0.000541851	-0.002238806	0.000780733
0.131603801	0.000541853	-0.002574538	0.000780851
0.131671158	0.000541855	0.000775994	0.000781253
0.131738514	0.000541857	-0.000940372	0.000780612
0.13180587	0.000541859	-0.000940372	0.000780612
0.131873227	0.000541861	-0.001890588	0.000780005
0.131940583	0.000541863	-0.0026958	0.000780094
0.132007927	0.000541866	-0.000821003	0.000780398
0.132075283	0.000541868	-0.002556094	0.000780284
0.13214264	0.00054187	-0.002507198	0.000780207
0.132209996	0.000541872	-0.000545261	0.000780503
0.132277353	0.000541875	-0.001112585	0.000780164
0.132344709	0.000541877	-0.002029681	0.000779583
0.132412065	0.000541879	-0.001868112	0.000779713
0.132479422	0.000541882	-0.001262333	0.000779425
0.132546778	0.000541884	-0.00139232	0.000779553
0.132614122	0.000541887	-0.001613983	0.000779646
0.132681478	0.000541889	-0.002500205	0.000779786
0.132748835	0.000541891	-0.00027406	0.00077987
0.132816191	0.000541894	0.000845363	0.000779029
0.132883548	0.000541896	-0.00275754	0.000779347
0.132950904	0.000541899	-0.001240189	0.000779134
0.13301826	0.000541901	-0.00073795	0.000779189
0.133085617	0.000541904	-0.001397019	0.000779279
0.13315296	0.000541906	-0.001616883	0.000778678
0.133220317	0.000541909	-3.012E-05	0.000779022
0.133287673	0.000541912	0.002214003	0.000779236
0.13335503	0.000541914	0.000364283	0.000778914
0.133422386	0.000541917	-0.00107219	0.000778844
0.133489743	0.000541919	-0.001136389	0.000778561
0.133557099	0.000541922	-0.001039831	0.00077887
0.133624455	0.000541925	-0.001195777	0.000778552
0.133691799	0.000541927	-0.002485319	0.000778715
0.133759155	0.00054193	-0.000887989	0.000778452
0.133826512	0.000541933	0.001563963	0.000778717
0.133893868	0.000541936	0.000521027	0.000778308
0.133961225	0.000541938	-0.000515566	0.000778403
0.134028581	0.000541941	-0.000202283	0.000778115
0.134095938	0.000541944	-0.000223952	0.000778174
0.134163294	0.000541947	-0.002472293	0.000778108
0.13423065	0.00054195	-0.001475301	0.000778174
0.134297994	0.000541953	-0.001755295	0.000778027
0.13436535	0.000541955	-0.000266772	0.000777832
0.134432707	0.000541958	-0.002433184	0.000777716
0.134500063	0.000541961	-0.002555893	0.000777425
0.13456742	0.000541964	-0.002426162	0.000777298
0.134634776	0.000541967	-0.000757501	0.000777863
0.134702133	0.00054197	-0.003362283	0.000777241
0.134769489	0.000541973	-0.002565468	0.000777109
0.134836833	0.000541976	-0.002221628	0.000777307
0.134904189	0.000541979	-0.002441822	0.00077717
0.134971546	0.000541982	-0.00391479	0.00077699
0.135038902	0.000541985	-0.003030268	0.000776391
0.135106258	0.000541988	-0.002382689	0.000777178
0.135173615	0.000541992	-0.001644784	0.000777038
0.135240971	0.000541995	-0.001412706	0.000776801
0.135308328	0.000541998	-0.003448925	0.000776287
0.135375671	0.000542001	-0.001117228	0.000777076
0.135443028	0.000542004	-0.000443851	0.000777114
0.135510384	0.000542007	-0.001148906	0.00077682
0.135577741	0.000542011	-0.002331478	0.000776412
0.135645097	0.000542014	-0.002568802	0.000776607
