Wave-Number (cm-1)	u(Wave-Number) (cm-1)	Absorbance	u(Absorbance)
0.039546002	6.11993E-05	0.002835472	0.000856783
0.039609075	6.12911E-05	0.002377253	0.000855991
0.039672145	6.13829E-05	0.001983681	0.00085664
0.039735218	6.14747E-05	0.002345733	0.000856012
0.039798289	6.15665E-05	0.003357118	0.000856102
0.039861362	6.16583E-05	0.003543892	0.000855921
0.039924432	6.17501E-05	0.003022301	0.000856602
0.039987505	6.18419E-05	0.002156499	0.000856139
0.040050575	6.19338E-05	0.005217123	0.000856228
0.040113649	6.20256E-05	0.002387277	0.00085549
0.040176719	6.21175E-05	0.001638735	0.000855445
0.040239792	6.22093E-05	0.003245394	0.000855792
0.040302862	6.23012E-05	0.00396609	0.000855912
0.040365935	6.23931E-05	0.00231467	0.000855319
0.040429006	6.2485E-05	0.001670238	0.000855423
0.040492079	6.25769E-05	0.001971844	0.000856373
0.040555149	6.26688E-05	0.003075619	0.000855631
0.040618222	6.27607E-05	0.003237906	0.000854919
0.040681293	6.28526E-05	0.005443512	0.000855525
0.040744366	6.29445E-05	0.003890627	0.000855688
0.040807436	6.30365E-05	0.002001941	0.000855584
0.040870509	6.31284E-05	0.001262695	0.000855752
0.040933579	6.32203E-05	0.002257079	0.000854755
0.040996653	6.33123E-05	0.002012992	0.000854372
0.041059726	6.34043E-05	0.003456257	0.000855431
0.041122796	6.34962E-05	0.000241964	0.000855397
0.041185869	6.35882E-05	0.002349643	0.000853927
0.041248939	6.36802E-05	0.002233338	0.000854224
0.041312013	6.37722E-05	0.002465069	0.000855054
0.041375083	6.38642E-05	0.000795217	0.000853932
0.041438156	6.39562E-05	0.001865941	0.000853978
0.041501226	6.40483E-05	0.000676107	0.000854176
0.0415643	6.41403E-05	0.000629033	0.00085459
0.04162737	6.42323E-05	-0.000248264	0.000854524
0.041690443	6.43244E-05	0.000417487	0.000854186
0.041753513	6.44164E-05	0.001377601	0.000853923
0.041816586	6.45085E-05	0.000511921	0.000854122
0.041879657	6.46005E-05	0.00178095	0.000854254
0.04194273	6.46926E-05	0.000709527	0.000853444
0.0420058	6.47847E-05	0.000828428	0.000853201
0.042068873	6.48768E-05	0.000637508	0.000853274
0.042131943	6.49689E-05	-0.000962976	0.000852878
0.042195017	6.5061E-05	0.000473553	0.000853221
0.042258087	6.51531E-05	0.001926535	0.000853883
0.04232116	6.52452E-05	0.002480729	0.000853238
0.04238423	6.53373E-05	8.49816E-05	0.000853209
0.042447304	6.54295E-05	0.000475755	0.000853274
0.042510374	6.55216E-05	0.000671199	0.000853306
0.042573447	6.56138E-05	0.002021759	0.000853109
0.04263652	6.57059E-05	0.000237668	0.000853761
0.04269959	6.57981E-05	0.000341011	0.000853146
0.042762664	6.58902E-05	0.002545942	0.000853249
0.042825734	6.59824E-05	0.002582558	0.000852625
0.042888807	6.60746E-05	0.0026429	0.00085253
0.042951877	6.61668E-05	0.001852881	0.00085295
0.04301495	6.6259E-05	0.001422027	0.000853457
0.043078021	6.63512E-05	0.001198746	0.000852789
0.043141094	6.64434E-05	0.001155867	0.000852545
0.043204164	6.65356E-05	0.00203666	0.000852718
0.043267237	6.66278E-05	0.0042658	0.000851934
0.043330308	6.67201E-05	0.002778346	0.000851949
0.043393381	6.68123E-05	0.002065655	0.000852644
0.043456451	6.69045E-05	0.000370189	0.00085231
0.043519524	6.69968E-05	0.004873448	0.000852455
0.043582594	6.70891E-05	0.002175434	0.000851482
0.043645668	6.71813E-05	0.00203275	0.000851904
0.043708738	6.72736E-05	0.001873412	0.000851956
0.043771811	6.73659E-05	0.003350398	0.000851729
0.043834881	6.74581E-05	0.00075117	0.000851403
0.043897954	6.75504E-05	0.002554254	0.000851283
0.043961025	6.76427E-05	0.001536287	0.000851638
0.044024098	6.7735E-05	0.002144082	0.000851503
0.044087168	6.78273E-05	0.001833707	0.000851059
0.044150241	6.79197E-05	0.001437582	0.000851595
0.044213315	6.8012E-05	0.001190318	0.000851109
0.044276385	6.81043E-05	0.001717553	0.000851354
0.044339458	6.81966E-05	0.002421715	0.000851209
0.044402528	6.8289E-05	0.000719397	0.000850665
0.044465601	6.83813E-05	0.000699363	0.00085095
0.044528672	6.84737E-05	0.000898896	0.000851087
0.044591745	6.8566E-05	0.001028232	0.00085035
0.044654815	6.86584E-05	-5.27633E-05	0.000849937
0.044717888	6.87508E-05	0.001890279	0.000850153
0.044780958	6.88432E-05	0.00074812	0.000849834
0.044844032	6.89355E-05	0.001509703	0.000850299
0.044907102	6.90279E-05	0.001282689	0.000849531
0.044970175	6.91203E-05	0.000155207	0.000850284
0.045033245	6.92127E-05	0.001153585	0.000850267
0.045096318	6.93051E-05	-0.000784338	0.000850156
0.045159389	6.93976E-05	-0.002683452	0.000849321
0.045222462	6.949E-05	-0.00103073	0.000850428
0.045285532	6.95824E-05	0.00083748	0.000849666
0.045348605	6.96748E-05	-0.001474498	0.000849807
0.045411676	6.97673E-05	0.00093316	0.0008489
0.045474749	6.98597E-05	-0.001886048	0.000849974
0.045537819	6.99522E-05	0.000967283	0.000849688
0.045600892	7.00446E-05	-0.001058772	0.000849745
0.045663962	7.01371E-05	0.000175528	0.000849244
0.045727036	7.02296E-05	0.000908701	0.000849078
0.045790109	7.0322E-05	0.002433016	0.000848602
0.045853179	7.04145E-05	0.000260552	0.000848217
0.045916252	7.0507E-05	-0.000286357	0.000848205
0.045979322	7.05995E-05	0.000177874	0.000848541
0.046042396	7.0692E-05	0.003690595	0.000848628
0.046105466	7.07845E-05	0.000863838	0.000848785
0.046168539	7.0877E-05	-0.0001345	0.000847996
0.046231609	7.09695E-05	0.000425732	0.000848322
0.046294683	7.1062E-05	0.002213928	0.000847615
0.046357753	7.11546E-05	-0.001374576	0.000847533
0.046420826	7.12471E-05	-0.000529483	0.000847184
0.046483896	7.13396E-05	0.000887369	0.0008471
0.046546969	7.14322E-05	0.002496519	0.000847535
0.04661004	7.15247E-05	0.001844482	0.000847215
0.046673113	7.16173E-05	-0.000966543	0.000846457
0.046736183	7.17098E-05	0.00087566	0.000847161
0.046799256	7.18024E-05	0.000638595	0.00084689
0.046862326	7.1895E-05	-0.001691369	0.00084619
0.0469254	7.19875E-05	-0.000755727	0.000846745
0.04698847	7.20801E-05	0.000464409	0.000846523
0.047051543	7.21727E-05	0.000137619	0.000846257
0.047114613	7.22653E-05	-0.001226317	0.000846308
0.047177687	7.23579E-05	0.000785851	0.000845773
0.047240757	7.24505E-05	-3.06522E-05	0.000846209
0.04730383	7.25431E-05	1.84046E-05	0.000846069
0.047366903	7.26357E-05	-0.002442533	0.000845834
0.047429973	7.27283E-05	-0.001545164	0.000845665
0.047493047	7.28209E-05	-0.001287276	0.000845707
0.047556117	7.29136E-05	-0.002274762	0.000845883
0.04761919	7.30062E-05	-0.0030159	0.000845255
0.04768226	7.30988E-05	-0.003376427	0.000845175
0.047745333	7.31915E-05	-0.000975068	0.000845927
0.047808404	7.32841E-05	-0.001782282	0.000845288
0.047871477	7.33768E-05	-0.001980179	0.00084494
0.047934547	7.34694E-05	-0.001331273	0.000845362
0.04799762	7.35621E-05	-0.001834691	0.000845216
0.048060691	7.36548E-05	-0.003473156	0.000844654
0.048123764	7.37474E-05	-0.002325886	0.000845009
0.048186834	7.38401E-05	-0.001620945	0.000844914
0.048249907	7.39328E-05	-0.00119881	0.000844794
0.048312977	7.40255E-05	-0.001504009	0.000844996
0.048376051	7.41182E-05	-0.000805703	0.000844479
0.048439121	7.42109E-05	-0.001668573	0.000845159
0.048502194	7.43036E-05	-0.000363011	0.000844825
0.048565264	7.43963E-05	-0.000271385	0.000844924
0.048628337	7.4489E-05	-0.000956487	0.000844686
0.048691408	7.45817E-05	0.000514626	0.000844296
0.048754481	7.46744E-05	5.72753E-05	0.000844599
0.048817551	7.47672E-05	-0.0005397	0.000844249
0.048880624	7.48599E-05	-7.70688E-05	0.000844262
0.048943697	7.49526E-05	-0.002073673	0.00084383
0.049006768	7.50454E-05	0.000768647	0.000844127
0.049069841	7.51381E-05	-0.000742984	0.000844384
0.049132911	7.52309E-05	-0.000892231	0.000843897
0.049195984	7.53236E-05	-0.000876904	0.000844047
0.049259055	7.54164E-05	-0.000765239	0.000843813
0.049322128	7.55092E-05	-0.001401878	0.000844129
0.049385198	7.56019E-05	-0.000262817	0.00084316
0.049448271	7.56947E-05	0.001956189	0.000843713
0.049511341	7.57875E-05	0.001210296	0.000844368
0.049574415	7.58803E-05	0.000386248	0.000843581
0.049637485	7.5973E-05	-7.24888E-05	0.000843779
0.049700558	7.60658E-05	-0.00132566	0.000844078
0.049763628	7.61586E-05	-0.000189535	0.000843697
0.049826701	7.62514E-05	-0.00154203	0.000843371
0.049889772	7.63442E-05	-0.001652236	0.00084371
0.049952845	7.64371E-05	-0.000518322	0.000843223
0.050015915	7.65299E-05	-0.000601028	0.00084365
0.050078988	7.66227E-05	-0.00081963	0.000842838
0.050142059	7.67155E-05	0.000297105	0.000842895
0.050205132	7.68083E-05	0.0014989	0.000843323
0.050268202	7.69012E-05	0.000402242	0.000843038
0.050331275	7.6994E-05	-0.001693694	0.000842675
0.050394345	7.70869E-05	-0.003114583	0.000842715
0.050457463	7.88335E-05	-0.002771311	0.000842541
0.050520649	7.88395E-05	-0.001325097	0.000842483
0.050583863	7.88516E-05	-0.000109643	0.000842368
0.050647101	7.88698E-05	-0.002543051	0.000842389
0.050710373	7.88941E-05	-0.001755546	0.000841973
0.050773674	7.89245E-05	-0.001830076	0.000842129
0.050837005	7.89611E-05	-0.00293221	0.000842012
0.050900358	7.90039E-05	-0.003444859	0.000841929
0.050963746	7.90528E-05	-0.00191636	0.000842345
0.051027163	7.91079E-05	-0.001820535	0.000842759
0.051090609	7.91692E-05	-0.002128543	0.00084185
0.051154079	7.92367E-05	-0.002037551	0.000841948
0.051217583	7.93105E-05	-0.002203017	0.000842005
0.051281116	7.93904E-05	-0.001767495	0.000842034
0.051344678	7.94766E-05	-0.001113763	0.000842078
0.051408262	7.95689E-05	-0.003886584	0.000841376
0.051471882	7.96675E-05	-0.002455151	0.000841378
0.051535531	7.97724E-05	-0.000377389	0.000841696
0.051599209	7.98834E-05	-0.002690728	0.000841905
0.05166291	8.00006E-05	-0.003847844	0.000841403
0.051726645	8.01241E-05	-0.002180792	0.000841779
0.05179041	8.02537E-05	0.000319301	0.000841977
0.051854204	8.03896E-05	-0.000480364	0.000841659
0.05191802	8.05316E-05	-0.000992256	0.000840886
0.051981872	8.06798E-05	-0.000270669	0.000841944
0.052045752	8.08342E-05	0.000596029	0.000841688
0.052109662	8.09947E-05	0.001334171	0.000841412
0.0521736	8.11614E-05	-0.002026226	0.000840989
0.052237561	8.13341E-05	0.000621338	0.000841671
0.052301558	8.1513E-05	0.001320473	0.000841368
0.052365583	8.1698E-05	0.001160853	0.000841739
0.052429637	8.1889E-05	-0.000744053	0.000841198
0.052493714	8.20861E-05	0.002266042	0.000841857
0.052557826	8.22892E-05	0.000154389	0.000841344
0.052621967	8.24983E-05	0.001267946	0.000841297
0.052686138	8.27133E-05	0.001852606	0.000841706
0.05275033	8.29343E-05	0.001515304	0.000841504
0.052814558	8.31613E-05	-3.8195E-05	0.000841313
0.052878815	8.33941E-05	0.001053737	0.000841491
0.052943101	8.36329E-05	0.00017423	0.000841013
0.05300741	8.38774E-05	0.000942674	0.000841724
0.053071754	8.41278E-05	0.00323894	0.000841745
0.053136127	8.43839E-05	0.001112107	0.000841188
0.053200528	8.46459E-05	-5.53938E-05	0.000841059
0.053264953	8.49135E-05	0.001347513	0.000840767
0.053329412	8.51868E-05	0.000851343	0.000840936
0.053393901	8.54658E-05	0.000752082	0.000841108
0.053458419	8.57504E-05	0.002056282	0.000840987
0.053522959	8.60406E-05	0.001452726	0.00084091
0.053587534	8.63363E-05	0.002387211	0.000840875
0.053652139	8.66376E-05	0.000670382	0.000840844
0.053716772	8.69443E-05	0.000386491	0.000840714
0.053781435	8.72565E-05	-0.000590424	0.000841202
0.05384612	8.75741E-05	0.000606228	0.000840834
0.05391084	8.7897E-05	-0.001383336	0.000840405
0.053975589	8.82253E-05	-0.000653235	0.000840503
0.054040367	8.85589E-05	0.0007949	0.000840656
0.054105168	8.88977E-05	0.000238871	0.0008406
0.054170004	8.92418E-05	-0.001783575	0.000840406
0.054234869	8.9591E-05	-0.000136415	0.000840584
0.054299763	8.99454E-05	-0.00019621	0.000841047
0.05436468	9.03048E-05	0.000211609	0.000840618
0.054429632	9.06693E-05	-0.000941219	0.000840588
0.054494613	9.10389E-05	-0.001820304	0.000840377
0.054559623	9.14134E-05	0.000837384	0.000840946
0.054624655	9.17928E-05	0.001063601	0.00084069
0.054689723	9.21772E-05	-6.26469E-05	0.000840641
0.05475482	9.25664E-05	0.001785837	0.000840583
0.054819945	9.29604E-05	0.0016962	0.000840749
0.054885094	9.33591E-05	0.000707371	0.000840767
0.054950277	9.37627E-05	-8.99533E-05	0.000840659
0.05501549	9.41709E-05	0.000705752	0.000840609
0.055080731	9.45837E-05	0.001953138	0.000840791
0.055145995	9.50012E-05	0.00040725	0.000840965
0.055211295	9.54232E-05	0.002293935	0.000840936
0.055276623	9.58498E-05	4.64464E-05	0.000840569
0.05534198	9.62808E-05	0.002510208	0.000840635
0.055407367	9.67163E-05	0.002648484	0.000840702
0.055472776	9.71562E-05	0.001723459	0.000840731
0.05553822	9.76005E-05	0.001585232	0.000840663
0.055603693	9.80491E-05	0.001355667	0.000840603
0.055669195	9.8502E-05	0.000880619	0.000840705
0.05573472	9.89591E-05	0.001745248	0.00084024
0.05580028	9.94204E-05	0.003341892	0.000840456
0.055865869	9.9886E-05	0.002225813	0.000840611
0.055931487	0.000100356	0.001316959	0.000840417
0.055997127	0.000100829	0.00338862	0.000840531
0.056062803	0.000101307	0.002142162	0.000840507
0.056128508	0.000101789	0.004289422	0.000840679
0.056194242	0.000102275	0.003819276	0.000840512
0.056259998	0.000102764	0.002642458	0.000840229
0.05632579	0.000103258	0.004596712	0.00084037
0.05639161	0.000103755	0.004053914	0.000840888
0.05645746	0.000104257	0.002025579	0.000839949
0.056523332	0.000104762	0.001753111	0.000840129
0.05658924	0.000105271	0.004604208	0.000840259
0.056655176	0.000105783	0.004470855	0.000839923
0.056721141	0.0001063	0.002362272	0.00083978
0.05678713	0.000106819	0.001204485	0.000840174
0.056853153	0.000107343	0.001047247	0.000840013
0.056919205	0.00010787	0.002780484	0.000839557
0.056985286	0.000108401	0.001712518	0.000839785
0.057051397	0.000108935	0.000436463	0.000839308
0.057117529	0.000109473	0.003364053	0.000839383
0.057183697	0.000110014	0.002014059	0.000839745
0.057249895	0.000110558	0.001983056	0.000839448
0.057316121	0.000111106	0.002171566	0.000839905
0.057382369	0.000111657	0.001182887	0.000839027
0.057448653	0.000112212	0.001942436	0.000839106
0.057514966	0.00011277	0.000724841	0.000838907
0.057581308	0.000113331	-0.000315694	0.000838961
0.057647672	0.000113895	0.000574352	0.00083848
0.057714072	0.000114462	0.000913617	0.000838624
0.057780501	0.000115033	0.001068909	0.000838627
0.057846958	0.000115607	0.000587042	0.00083884
0.057913439	0.000116184	0.00227096	0.000839047
0.057979954	0.000116764	0.001637647	0.000838832
0.058046499	0.000117347	0.000214087	0.000838981
0.058113072	0.000117933	-0.00129665	0.000838399
0.058179668	0.000118522	0.001799111	0.000838568
0.0582463	0.000119114	0.001397173	0.000838569
0.05831296	0.000119709	0.001096101	0.000838609
0.058379649	0.000120307	0.000529515	0.000838562
0.058446361	0.000120907	0.00074874	0.000838575
0.058513109	0.000121511	0.001806951	0.000838457
0.058579885	0.000122117	0.000193413	0.000838731
0.05864669	0.000122726	0.001355018	0.00083807
0.058713524	0.000123338	0.002463315	0.000838341
0.058780381	0.000123953	0.003353426	0.000838598
0.058847273	0.00012457	0.000867249	0.00083855
0.058914194	0.000125191	0.003859277	0.000838793
0.058981144	0.000125813	0.002132925	0.00083898
0.059048116	0.000126439	0.002251677	0.000838217
0.059115124	0.000127067	0.001121639	0.000838435
0.059182161	0.000127698	0.003383975	0.000838156
0.059249227	0.000128331	0.004166601	0.000837904
0.059316315	0.000128967	0.003473226	0.000837992
0.059383439	0.000129605	0.001481315	0.000837935
0.059450591	0.000130246	0.003086463	0.000837772
0.059517773	0.00013089	0.002733198	0.000838005
0.059584977	0.000131535	0.001853966	0.000837794
0.059652216	0.000132184	0.001049275	0.000837641
0.059719485	0.000132835	0.00186599	0.000837261
0.059786782	0.000133488	0.004563754	0.00083817
0.059854102	0.000134143	0.001506757	0.00083776
0.059921458	0.000134801	0.001957075	0.000837253
0.059988842	0.000135462	0.002515639	0.000837411
0.060056255	0.000136124	0.001247362	0.000837405
0.060123691	0.000136789	0.001871975	0.000836994
0.060191162	0.000137457	0.002659155	0.000837212
0.060258662	0.000138126	0.000625498	0.000837237
0.060326191	0.000138798	0.001801954	0.00083725
0.060393749	0.000139472	0.000128924	0.000836777
0.06046133	0.000140149	-0.000140243	0.000836222
0.060528946	0.000140827	-0.000373643	0.000836584
0.060596591	0.000141508	0.001711487	0.000836523
0.060664265	0.000142191	0.001265943	0.000836606
0.060731961	0.000142876	-0.001493253	0.000836537
0.060799693	0.000143563	0.000657458	0.000836796
0.060867517	0.000145509	0.00029032	0.000836514
0.060935351	0.000145516	-0.000396833	0.000836024
0.061003166	0.000145529	-0.002443685	0.000835804
0.061070975	0.000145548	9.93861E-05	0.000835593
0.061138772	0.000145572	0.000595222	0.000836052
0.061206555	0.000145602	-0.000206927	0.000835899
0.06127432	0.000145638	-0.001638282	0.000835379
0.061342079	0.000145679	-5.36798E-05	0.000835746
0.061409824	0.000145727	0.00093987	0.00083593
0.061477558	0.00014578	-0.001046329	0.000835563
0.061545272	0.000145838	-0.000958109	0.000835244
0.06161298	0.000145903	0.002273577	0.000835525
0.061680675	0.000145973	-0.000228823	0.000835496
0.061748358	0.00014605	0.000451798	0.000835362
0.061816021	0.000146132	0.000204867	0.000835211
0.061883679	0.00014622	-0.000104291	0.000835205
0.061951324	0.000146313	0.000818328	0.000834756
0.062018956	0.000146413	-2.44241E-05	0.000834996
0.062086575	0.000146518	0.000671794	0.000834643
0.062154176	0.000146629	0.00131087	0.000834902
0.06222177	0.000146746	0.000609708	0.000834788
0.062289352	0.000146869	0.000589389	0.000834489
0.062356921	0.000146998	0.001419205	0.000834309
0.062424471	0.000147133	0.002048805	0.000834522
0.062492014	0.000147273	0.002132295	0.000834259
0.062559545	0.00014742	0.001224021	0.000834333
0.062627064	0.000147572	0.002987172	0.000834638
0.062694563	0.00014773	0.001398058	0.00083401
0.062762057	0.000147894	0.001240111	0.000834114
0.062829537	0.000148064	0.000440559	0.000833597
0.062897005	0.00014824	-0.000445639	0.00083397
0.062964454	0.000148421	0.001200396	0.000833775
0.063031897	0.000148608	0.001110171	0.000833835
0.063099327	0.000148802	-0.000425083	0.000833697
0.063166744	0.000149001	-0.001587419	0.000833472
0.063234143	0.000149206	0.002021696	0.000833706
0.063301535	0.000149416	-0.00055841	0.000833472
0.063368914	0.000149633	-0.001304189	0.000833131
0.063436281	0.000149855	-0.000771637	0.000833456
0.063503629	0.000150084	-0.000404616	0.000832852
0.063570971	0.000150318	-0.000505028	0.000833333
0.0636383	0.000150557	-0.001244823	0.000833195
0.063705616	0.000150803	-0.002733829	0.000832513
0.06377292	0.000151054	0.001280346	0.000832683
0.063840205	0.000151311	-0.002629577	0.000832549
0.063907483	0.000151574	-0.001516451	0.000832544
0.063974749	0.000151843	-0.002335134	0.000832614
0.064042002	0.000152117	-3.17859E-05	0.000832452
0.064109236	0.000152397	-0.002446482	0.000832118
0.064176464	0.000152683	-0.002564674	0.000831989
0.06424368	0.000152974	-0.001247828	0.000832109
0.064310882	0.000153271	-0.001088335	0.000832263
0.064378066	0.000153574	-0.00160241	0.000832548
0.064445243	0.000153882	-0.002981163	0.000831848
0.064512408	0.000154196	-0.003137684	0.000832209
0.06457956	0.000154515	-0.001998606	0.000832135
0.064646694	0.000154841	-0.001789108	0.000831636
0.06471382	0.000155171	-0.002426734	0.000831588
0.064780935	0.000155507	-0.000480304	0.000831865
0.064848036	0.000155849	0.001041939	0.000832424
0.064915119	0.000156196	-0.002973898	0.000831482
0.064982195	0.000156549	-0.001838367	0.00083172
0.065049259	0.000156907	0.000631069	0.000831604
0.06511631	0.000157271	-0.000527307	0.000831637
0.065183342	0.00015764	0.000862561	0.00083166
0.065250368	0.000158014	-0.000899098	0.000830899
0.065317381	0.000158394	0.000479297	0.000831341
0.065384382	0.000158779	0.003597557	0.000831479
0.06545137	0.00015917	-0.000116027	0.000831575
0.065518339	0.000159565	0.000550845	0.000831243
0.065585302	0.000159967	0.00029307	0.000831256
0.065652252	0.000160373	0.000884114	0.000831076
0.065719189	0.000160785	-0.000328888	0.000830991
0.065786108	0.000161201	-0.001287423	0.000830946
0.06585302	0.000161624	0.000661585	0.000831481
0.065919919	0.000162051	0.00129391	0.000831326
0.065986806	0.000162483	-0.000112161	0.000830952
0.066053674	0.000162921	0.000323618	0.000831132
0.066120536	0.000163363	8.61971E-05	0.000830874
0.066187385	0.000163811	0.002391547	0.000830661
0.066254221	0.000164264	0.001718455	0.00083079
0.066321039	0.000164722	-0.000635379	0.00083052
0.06638785	0.000165184	0.000347839	0.000830807
0.066454648	0.000165652	0.001889159	0.000831092
0.066521434	0.000166125	-0.000584302	0.000830693
0.066588201	0.000166603	-0.00051886	0.000830392
0.066654962	0.000167085	0.000660155	0.000830344
0.06672171	0.000167573	0.000625685	0.000830522
0.066788445	0.000168065	0.000429173	0.000830289
0.066855161	0.000168562	-0.001176165	0.000830048
0.066921871	0.000169064	-0.000318688	0.000830004
0.066988569	0.00016957	0.000631344	0.000830157
0.067055254	0.000170082	0.000114192	0.000829927
0.067121926	0.000170598	-0.002211908	0.000829644
0.067188579	0.000171119	-0.000543257	0.000829584
0.067255226	0.000171644	-0.001612295	0.000829613
0.06732186	0.000172174	-0.004228127	0.000829011
0.067388482	0.000172709	-0.002036365	0.000829581
0.067455084	0.000173249	5.09114E-05	0.000829917
0.067521681	0.000173792	-0.000573896	0.000829707
0.067588265	0.000174341	-0.001524901	0.000829864
0.067654836	0.000174894	-9.6209E-05	0.000829601
0.067721388	0.000175451	-0.001167432	0.000829374
0.067787934	0.000176013	0.000469497	0.000829747
0.067854467	0.000176579	-0.001063414	0.000829409
0.067920988	0.00017715	-0.001609752	0.000829303
0.067987489	0.000177725	0.000746864	0.000829463
0.068053985	0.000178304	-0.00024112	0.000829541
0.068120467	0.000178888	-0.002117823	0.000829532
0.068186937	0.000179476	0.000544268	0.000829029
0.068253388	0.000180068	-0.000124869	0.000829414
0.068319833	0.000180665	-0.000600281	0.000829209
0.068386265	0.000181266	0.000989674	0.000829356
0.068452685	0.00018187	0.000811773	0.000829163
0.068519086	0.00018248	0.000652376	0.000829009
0.06858548	0.000183093	0.000246688	0.000829583
0.068651862	0.00018371	0.000226101	0.000829287
0.068718231	0.000184331	-0.000257511	0.000829191
0.068784587	0.000184957	0.002780724	0.000829116
0.068850924	0.000185586	0.00336613	0.000829302
0.068917256	0.00018622	0.00132107	0.000828625
0.068983574	0.000186857	0.00251541	0.000829237
0.06904988	0.000187499	0.004744049	0.000829488
0.069116167	0.000188144	0.002128396	0.000828974
0.069182447	0.000188793	0.002320373	0.000829571
0.069248715	0.000189446	0.003553167	0.000829077
0.069314971	0.000190103	0.003858553	0.0008296
0.069381207	0.000190764	0.004942139	0.000829101
0.069447437	0.000191429	0.003011829	0.000829171
0.069513655	0.000192097	0.003231566	0.000829389
0.06957986	0.000192769	0.006093235	0.000829179
0.069646045	0.000193445	0.001902617	0.000828555
0.069712225	0.000194125	0.001609876	0.000829054
0.069778392	0.000194808	0.002763019	0.000828767
0.069844546	0.000195495	0.003997719	0.000828839
0.069910682	0.000196186	0.00263329	0.000828491
0.069976811	0.00019688	0.003673427	0.000828586
0.070042927	0.000197578	0.004501731	0.000828665
0.070109031	0.000198279	0.004218001	0.000828747
0.070175116	0.000198984	0.003804002	0.000828552
0.070241194	0.000199692	0.0016679	0.000828553
0.07030726	0.000200404	0.002460871	0.000828809
0.070373313	0.000201119	0.003024253	0.0008287
0.070439354	0.000201838	0.000817375	0.000828799
0.070505376	0.00020256	0.00124166	0.000829191
0.070571391	0.000203286	0.002008799	0.000828743
0.070637394	0.000204015	0.002300329	0.00082881
0.070703384	0.000204747	0.001412012	0.000828463
0.070769355	0.000205483	0.001238899	0.000828884
0.07083532	0.000206222	0.002148512	0.000828806
0.070901272	0.000206964	0.001514358	0.000828602
0.070967211	0.00020771	0.000832288	0.000828635
0.071033132	0.000208459	0.000893814	0.000828441
0.071099046	0.000209211	0.000821937	0.000828899
0.071164948	0.000209966	0.003219735	0.000829552
0.071230848	0.000211476	0.002936851	0.000828036
0.071296744	0.000211481	0.001589723	0.000828553
0.071362645	0.000211491	0.002789554	0.00082844
0.071428543	0.000211506	0.004120685	0.000828656
0.071494439	0.000211525	0.002524228	0.000828459
0.071560327	0.000211549	0.00127704	0.000828911
0.071626219	0.000211578	0.002595185	0.000828001
0.07169211	0.000211612	0.00462144	0.000828227
0.071757998	0.000211651	0.002725127	0.000828328
0.071823877	0.000211694	0.003386182	0.000828618
0.071889761	0.000211743	0.002142253	0.000828193
0.071955643	0.000211796	0.004325495	0.000828832
0.072021523	0.000211854	0.004239519	0.000829042
0.0720874	0.000211917	0.003882691	0.000828862
0.072153269	0.000211985	0.007573263	0.000828992
0.072219143	0.000212057	0.005754828	0.000828676
0.072285014	0.000212135	0.005652885	0.000828639
0.072350884	0.000212217	0.005040406	0.000828315
0.072416745	0.000212304	0.004818583	0.000828769
0.07248261	0.000212397	0.00490161	0.000828354
0.072548473	0.000212494	0.005434445	0.00082842
0.072614334	0.000212596	0.005032773	0.000828681
0.072680187	0.000212703	0.008277813	0.000828637
0.072746043	0.000212815	0.007171475	0.000828477
0.072811898	0.000212932	0.006014566	0.000828249
0.072877751	0.000213053	0.005123248	0.0008279
0.072943595	0.00021318	0.005372373	0.000828512
0.073009444	0.000213312	0.007936287	0.000828704
0.07307529	0.000213448	0.006699873	0.000828319
0.073141135	0.00021359	0.005366635	0.000828103
0.073206971	0.000213737	0.007810187	0.000828011
0.073272811	0.000213888	0.005800314	0.00082746
0.073338649	0.000214044	0.005031967	0.000827702
0.073404485	0.000214206	0.004793024	0.000827806
0.073470313	0.000214372	0.00654988	0.000827643
0.073536145	0.000214544	0.005621888	0.000828246
0.073601974	0.00021472	0.004268871	0.000827375
0.073667802	0.000214901	0.002528626	0.000827685
0.073733628	0.000215087	0.006317178	0.000828155
0.073799445	0.000215279	0.004120935	0.000827677
0.073865267	0.000215475	0.003614277	0.000827595
0.073931086	0.000215676	0.00591842	0.000827744
0.073996904	0.000215882	0.006263237	0.000827108
0.074062713	0.000216093	0.004407381	0.000827337
0.074128526	0.000216309	0.003418358	0.000827055
0.074194337	0.00021653	0.004191036	0.00082722
0.074260146	0.000216756	0.006062775	0.000827239
0.074325947	0.000216987	0.003598704	0.000827348
0.074391752	0.000217223	0.003675167	0.000827401
0.074457554	0.000217464	0.002634373	0.000826949
0.074523355	0.00021771	0.005781006	0.00082701
0.074589147	0.00021796	0.004176559	0.000827076
0.074654944	0.000218216	0.001954235	0.000827083
0.074720739	0.000218476	0.004110697	0.000826862
0.074786531	0.000218742	0.005853224	0.000826758
0.074852315	0.000219012	0.004282106	0.000826443
0.074918103	0.000219288	0.005078453	0.00082649
0.07498389	0.000219568	0.005707343	0.000827161
0.075049674	0.000219853	0.005724978	0.000826635
0.075115449	0.000220143	0.003375362	0.000826621
0.075181229	0.000220438	0.00449702	0.000826457
0.075247007	0.000220738	0.005144616	0.000826704
0.075312783	0.000221042	0.006735875	0.000826596
0.075378557	0.000221352	0.006422142	0.000826748
0.075444322	0.000221666	0.006407161	0.000826604
0.075510092	0.000221986	0.004781566	0.000826016
0.075575859	0.00022231	0.007181472	0.00082677
0.075641625	0.000222639	0.005431838	0.000826466
0.075707382	0.000222973	0.006490838	0.000826292
0.075773143	0.000223311	0.007143045	0.000826743
0.075838902	0.000223655	0.007445174	0.00082665
0.075904659	0.000224003	0.007702444	0.000826895
0.075970408	0.000224356	0.007031361	0.000826096
0.076036161	0.000224714	0.006597406	0.000826634
0.076101912	0.000225076	0.007284837	0.000826137
0.07616766	0.000225444	0.007132998	0.000826133
0.076233401	0.000225816	0.006497863	0.000825929
0.076299146	0.000226192	0.005493827	0.000825503
0.076364888	0.000226574	0.007892137	0.000826155
0.076430629	0.00022696	0.005914753	0.000825794
0.076496361	0.000227351	0.005677788	0.000825999
0.076562097	0.000227747	0.006167908	0.000825835
0.076627831	0.000228147	0.00612964	0.000825808
0.076693563	0.000228552	0.008492391	0.000825766
0.076759287	0.000228962	0.005848469	0.00082558
0.076825015	0.000229376	0.00612354	0.000825402
0.076890741	0.000229795	0.006731468	0.000825521
0.076956465	0.000230219	0.00579693	0.000825511
0.077022187	0.000230647	0.005807213	0.000825351
0.0770879	0.000231079	0.004774628	0.000825508
0.077153618	0.000231517	0.008767383	0.000825588
0.077219333	0.000231959	0.005758601	0.000825485
0.077285047	0.000232405	0.00592492	0.000825633
0.077350752	0.000232856	0.00706975	0.000825353
0.077416461	0.000233312	0.005758601	0.000825485
0.077482168	0.000233772	0.006280556	0.000824942
0.077547874	0.000234236	0.00586136	0.000824753
0.07761357	0.000234705	0.007021547	0.000824718
0.077679271	0.000235178	0.006002584	0.000824917
0.07774497	0.000235656	0.00745458	0.00082495
0.077810667	0.000236139	0.006581998	0.000824849
0.077876356	0.000236625	0.008499019	0.000824735
0.077942048	0.000237117	0.00919038	0.000825212
0.078007739	0.000237612	0.007934407	0.000824947
0.078073427	0.000238112	0.009052099	0.000824583
0.078139107	0.000238616	0.007944275	0.000824787
0.078204792	0.000239125	0.008265242	0.000824374
0.078270474	0.000239638	0.01174845	0.000825305
0.078336154	0.000240155	0.010954714	0.000824892
0.078401826	0.000240677	0.011108827	0.000824998
0.078467502	0.000241203	0.011590013	0.000824431
0.078533176	0.000241733	0.012213627	0.000824593
0.078598848	0.000242267	0.012341027	0.000824613
0.078664518	0.000242806	0.013898709	0.000824431
0.078730179	0.000243349	0.01424873	0.000824925
0.078795845	0.000243896	0.011935293	0.000824567
0.078861509	0.000244447	0.01439182	0.00082473
0.07892717	0.000245002	0.016195417	0.000824906
0.078992823	0.000245562	0.013791837	0.000824294
0.079058481	0.000246126	0.015898381	0.000824222
0.079124136	0.000246693	0.014832978	0.000824703
0.079189789	0.000247265	0.016746382	0.000824242
0.079255434	0.000247841	0.01745682	0.000824816
0.079321083	0.000248421	0.01955928	0.000824804
0.07938673	0.000249006	0.017319711	0.000824594
0.079452375	0.000249594	0.019013585	0.000824536
0.079518011	0.000250186	0.019864437	0.000825073
0.079583652	0.000250782	0.018065774	0.000824578
0.079649291	0.000251382	0.020995249	0.000824863
0.079714927	0.000251986	0.021942843	0.000825497
0.079780555	0.000252595	0.022305834	0.00082516
0.079846188	0.000253207	0.023671428	0.000825267
0.079911818	0.000253823	0.023837644	0.000825057
0.079977446	0.000254442	0.02605848	0.000825188
0.080043066	0.000255066	0.024609719	0.000825443
0.08010869	0.000255694	0.026854599	0.000825301
0.080174312	0.000256325	0.027712729	0.000825167
0.080239932	0.000256961	0.029759682	0.000825887
0.08030555	0.0002576	0.030306926	0.000826059
0.08037116	0.000258243	0.029332701	0.000825796
0.080436773	0.000258889	0.030942228	0.000825808
0.080502385	0.00025954	0.03564753	0.000826146
0.080567995	0.000260194	0.03564753	0.000826146
0.080633596	0.000260852	0.036049363	0.000826572
0.080699201	0.000261514	0.037642425	0.000826604
0.080764804	0.000262179	0.041288919	0.000826909
0.080830406	0.000262848	0.044512897	0.000827284
0.080895999	0.000263521	0.042781238	0.000827225
0.080961596	0.000264198	0.046411325	0.00082777
0.081027191	0.000264878	0.048699516	0.000828226
0.081092784	0.000265561	0.052138766	0.000828168
0.081158368	0.000266249	0.053332173	0.000829014
0.081223957	0.000266939	0.05557295	0.000829626
0.081289544	0.000267634	0.060354812	0.000830031
0.081355128	0.000268332	0.061407597	0.000830497
0.081420704	0.000269033	0.063533941	0.000830336
0.081486285	0.000269738	0.067401457	0.000831467
0.081551863	0.000270447	0.070223528	0.000831694
0.081617459	0.000271636	0.073553152	0.000831936
0.081683067	0.000271642	0.07600912	0.000832742
0.081748695	0.000271653	0.080006641	0.000832912
0.081814337	0.000271669	0.084285982	0.000833639
0.081879994	0.00027169	0.087895363	0.000834308
0.081945664	0.000271717	0.089891234	0.000834499
0.082011343	0.000271748	0.093848643	0.000835419
0.082077041	0.000271783	0.10024941	0.000836346
0.082142754	0.000271824	0.10171212	0.000836785
0.082208481	0.00027187	0.106364839	0.000837554
0.082274216	0.000271921	0.112536288	0.000838482
0.082339972	0.000271977	0.116653379	0.000839122
0.082405741	0.000272038	0.119203592	0.000839661
0.082471525	0.000272104	0.124498678	0.000841108
0.082537316	0.000272175	0.129266813	0.000841632
0.082603128	0.000272251	0.137153153	0.00084348
0.082668954	0.000272332	0.139568881	0.00084393
0.082734794	0.000272418	0.144626055	0.000845246
0.082800642	0.00027251	0.15030562	0.000845848
0.082866511	0.000272606	0.157759102	0.000847259
0.082932393	0.000272707	0.161566987	0.000847938
0.08299829	0.000272813	0.168119538	0.000849696
0.083064195	0.000272925	0.177586539	0.000851264
0.08313012	0.000273041	0.180646932	0.000851929
0.083196059	0.000273163	0.187911808	0.000853913
0.083262012	0.00027329	0.195136464	0.000855293
0.083327973	0.000273422	0.204104479	0.000857335
0.083393955	0.000273559	0.211332422	0.000858657
0.083459951	0.000273701	0.220313358	0.000860738
0.08352596	0.000273848	0.226774073	0.000863062
0.083591984	0.000274	0.235865243	0.000864791
0.083658016	0.000274158	0.245902176	0.00086699
0.083724069	0.00027432	0.253323531	0.000868561
0.083790135	0.000274488	0.264918072	0.000870868
0.083856216	0.000274661	0.275073966	0.000874054
0.083922304	0.000274839	0.281247503	0.000875791
0.083988413	0.000275022	0.28996045	0.000878211
0.084054536	0.00027521	0.30299767	0.000880851
0.084120673	0.000275403	0.314287321	0.000884207
0.084186818	0.000275602	0.322876979	0.000886638
0.084252983	0.000275805	0.334038361	0.000889702
0.084319163	0.000276014	0.347307708	0.000893239
0.084385357	0.000276228	0.359485479	0.000897097
0.084451558	0.000276447	0.372639546	0.000900761
0.08451778	0.000276671	0.385484532	0.000904349
0.084584016	0.0002769	0.396770809	0.000908313
0.084650267	0.000277135	0.413426767	0.000913347
0.084716525	0.000277374	0.426601773	0.000917309
0.084782803	0.000277619	0.440230797	0.00092169
0.084849096	0.000277868	0.45615836	0.00092772
0.084915403	0.000278123	0.473594462	0.000933493
0.084981717	0.000278383	0.486055254	0.000937897
0.085048052	0.000278648	0.503462189	0.00094436
0.085114402	0.000278919	0.52009263	0.000950548
0.085180765	0.000279194	0.535649871	0.000956849
0.085247143	0.000279475	0.552350854	0.000963231
0.085313528	0.00027976	0.568139853	0.000969596
0.085379934	0.000280051	0.589554885	0.000978298
0.085446354	0.000280347	0.607032205	0.000985498
0.085512788	0.000280648	0.622061185	0.000992324
0.08557923	0.000280953	0.640458075	0.001001025
0.085645692	0.000281265	0.663233502	0.001011181
0.085712169	0.000281581	0.677773178	0.00101876
0.085778659	0.000281902	0.697543282	0.00102799
0.085845158	0.000282228	0.720083538	0.001039364
0.085911677	0.000282559	0.738294015	0.001049488
0.08597821	0.000282896	0.760441233	0.001061238
0.086044757	0.000283237	0.784021218	0.001074351
0.086111312	0.000283584	0.804702212	0.001086189
0.086177887	0.000283935	0.829724783	0.001101267
0.086244477	0.000284292	0.850515201	0.001114922
0.086311081	0.000284653	0.875616434	0.001130187
0.086377692	0.00028502	0.898617767	0.001145227
0.086444324	0.000285391	0.927327199	0.001165107
0.086510971	0.000285768	0.950016954	0.001180972
0.086577631	0.000286149	0.974031666	0.001198734
0.086644299	0.000286536	0.996082275	0.001214408
0.086710988	0.000286927	1.023702145	0.001236948
0.086777691	0.000287324	1.050649664	0.001258779
0.086844407	0.000287725	1.077635304	0.001282094
0.086911138	0.000288132	1.104959902	0.001306393
0.086977877	0.000288543	1.138120726	0.001335461
0.087044637	0.000288959	1.16501398	0.001361794
0.08711141	0.00028938	1.185183749	0.001381468
0.087178198	0.000289806	1.21448918	0.001410757
0.087244993	0.000290237	1.248432147	0.001445072
0.087311809	0.000290673	1.274103892	0.001474282
0.087378639	0.000291114	1.303718775	0.001506931
0.087445483	0.000291559	1.339932345	0.001550395
0.087512335	0.00029201	1.372478217	0.001588823
0.087579208	0.000292465	1.402557586	0.001627121
0.087646094	0.000292925	1.434123102	0.001668778
0.087712995	0.00029339	1.461397441	0.001706416
0.087779903	0.00029386	1.498652661	0.001758644
0.087846832	0.000294334	1.531236379	0.001806698
0.087913776	0.000294813	1.562285642	0.001853599
0.087980733	0.000295297	1.601453617	0.001917519
0.088047698	0.000295786	1.629613544	0.001963673
0.088114684	0.00029628	1.666644141	0.002025794
0.088181683	0.000296778	1.705588502	0.002096382
0.088248697	0.000297281	1.737776311	0.002155423
0.088315719	0.000297789	1.765750096	0.002210958
0.088382761	0.000298301	1.805432857	0.002291446
0.088449817	0.000298818	1.845087465	0.002373077
0.088516888	0.00029934	1.876630876	0.002441919
0.088583972	0.000299866	1.930229485	0.002563781
0.088651065	0.000300397	1.965698754	0.002648363
0.088718177	0.000300933	2.000957088	0.002737222
0.088785304	0.000301473	2.038046625	0.0028304
0.088852445	0.000302018	2.077262785	0.002937865
0.088919594	0.000302568	2.098684376	0.002996439
0.088986764	0.000303122	2.147952131	0.003138938
0.089053947	0.00030368	2.190370009	0.003267504
0.089121145	0.000304244	2.23713053	0.003415586
0.08918835	0.000304811	2.263823625	0.003503176
0.089255576	0.000305383	2.30705015	0.003649443
0.089322817	0.00030596	2.338919687	0.003764455
0.089390071	0.000306541	2.385725035	0.003938056
0.089457333	0.000307127	2.443132787	0.004160945
0.089524615	0.000307717	2.461178318	0.004234269
0.089591912	0.000308312	2.516332186	0.004464846
0.089659223	0.000308911	2.537045479	0.004560189
0.089726541	0.000309514	2.583190415	0.004764833
0.08979388	0.000310122	2.603747182	0.004862336
0.089861234	0.000310735	2.659215201	0.005136295
0.089928601	0.000311351	2.673774657	0.005208813
0.089995976	0.000311972	2.737300611	0.005541906
0.090063372	0.000312597	2.777529741	0.005764788
0.090130782	0.000313227	2.828886952	0.006062834
0.090198206	0.000313861	2.847135142	0.006165538
0.090265644	0.000314499	2.890283825	0.006443332
0.09033309	0.000315142	2.894908124	0.006471957
0.090400556	0.000315789	2.946120244	0.006804314
0.090468036	0.00031644	2.987061114	0.007085699
0.090535531	0.000317095	3.036629038	0.007439403
0.090603033	0.000317754	3.0687172	0.007684923
0.090670556	0.000318418	3.123825296	0.008115038
0.090738093	0.000319086	3.128899338	0.00814994
0.090805645	0.000319758	3.16568275	0.008458643
0.090873204	0.000320434	3.231071628	0.009013464
0.090940783	0.000321115	3.195446566	0.008701473
0.091008377	0.000321799	3.263734349	0.009304416
0.091075984	0.000322488	3.310356216	0.009758588
0.0911436	0.000323181	3.35469218	0.010190459
0.091211236	0.000323877	3.408706306	0.0107599
0.091278886	0.000324578	3.448235942	0.011179289
0.091346551	0.000325283	3.413026605	0.010801028
0.091414223	0.000325992	3.474124036	0.011469018
0.091481915	0.000326705	3.461359508	0.011332286
0.091549622	0.000327422	3.51872752	0.011994016
0.091617343	0.000328143	3.586296248	0.012823725
0.091685071	0.000328868	3.61294985	0.013175168
0.091752821	0.000329597	3.634475458	0.013453987
0.091820584	0.00033033	3.704840323	0.014433659
0.091888361	0.000331066	3.733081163	0.014844331
0.091956157	0.000332407	3.715250627	0.014580912
0.092023963	0.000332411	3.761981718	0.015278737
0.092091772	0.000332421	3.724932848	0.014729075
0.092159576	0.000332435	3.79716375	0.015825962
0.092227376	0.000332456	3.856874116	0.016798538
0.092295166	0.000332482	3.902625672	0.0175729
0.092362957	0.000332514	3.8493696	0.01665633
0.092430744	0.000332551	3.814171122	0.016093049
0.092498526	0.000332594	3.87254308	0.017051099
0.092566298	0.000332643	3.861645443	0.016853888
0.092634072	0.000332698	3.860982292	0.016851708
0.092701841	0.000332758	3.946592754	0.018360641
0.092769607	0.000332823	3.924383864	0.01795817
0.092837361	0.000332895	3.902816779	0.017573577
0.092905117	0.000332972	3.928070659	0.018016597
0.092972869	0.000333054	3.861455999	0.016853265
0.093040617	0.000333143	3.838395138	0.016467033
0.093108354	0.000333237	3.882312805	0.017207215
0.093176093	0.000333337	3.835365527	0.016419419
0.093243828	0.000333442	3.886053067	0.01726149
0.093311558	0.000333553	3.974272717	0.018850095
0.093379277	0.00033367	3.906975127	0.017631449
0.093446999	0.000333793	4.018297295	0.019692943
0.093514716	0.000333922	3.944802171	0.01830743
0.093582429	0.000334056	3.78775617	0.015657897
0.093650137	0.000334196	3.836872966	0.016424151
0.093717835	0.000334342	3.721430295	0.01462724
0.093785535	0.000334493	3.799848128	0.015833838
0.09385323	0.000334651	3.86884694	0.016957802
0.093920921	0.000334814	3.857003464	0.016759452
0.093988601	0.000334982	3.803054479	0.015878929
0.094056283	0.000335157	3.816863244	0.016101194
0.094123961	0.000335337	3.743978492	0.014968531
0.094191635	0.000335524	3.675531176	0.013983987
0.094259298	0.000335716	3.770374919	0.015368946
0.094326962	0.000335913	3.686110088	0.014123293
0.094394623	0.000336117	3.713427967	0.014515408
0.094462279	0.000336326	3.683219408	0.014087644
0.094529924	0.000336541	3.638117009	0.013461916
0.094597572	0.000336762	3.571371464	0.012604422
0.094665215	0.000336989	3.53785112	0.01217947
0.094732853	0.000337221	3.53453327	0.012129787
0.094800481	0.00033746	3.50655468	0.011804885
0.094868111	0.000337704	3.48643151	0.011568119
0.094935737	0.000337953	3.470324623	0.011385
0.095003358	0.000338209	3.39927775	0.010609171
0.095070968	0.00033847	3.401995531	0.010629939
0.095138581	0.000338738	3.345627659	0.010054778
0.095206189	0.000339011	3.255462426	0.009190926
0.095273793	0.000339289	3.241632688	0.009061748
0.095341392	0.000339574	3.231234598	0.008964003
0.095408981	0.000339864	3.206160321	0.00874673
0.095476572	0.00034016	3.201234044	0.008706897
0.095544158	0.000340462	3.150508126	0.008282975
0.09561174	0.00034077	3.082301332	0.007731851
0.095679311	0.000341083	3.080929191	0.007721544
0.095746884	0.000341402	3.019338473	0.007267296
0.095814453	0.000341727	2.977078427	0.006963522
0.095882018	0.000342058	2.953794688	0.006808567
0.095949571	0.000342394	2.956575566	0.006824745
0.096017127	0.000342736	2.862715042	0.006227228
0.096084679	0.000343084	2.849281756	0.006142461
0.096152226	0.000343438	2.810770126	0.005913086
0.096219762	0.000343797	2.773062275	0.005695192
0.0962873	0.000344162	2.740624946	0.005513759
0.096354834	0.000344533	2.711129564	0.005358114
0.096422364	0.000344909	2.632220275	0.004957983
0.096489883	0.000345291	2.62278688	0.004912741
0.096557404	0.000345679	2.593006143	0.004774235
0.09662492	0.000346072	2.541323649	0.004537653
0.096692433	0.000346472	2.511333696	0.004403871
0.096759934	0.000346876	2.455519344	0.004173689
0.096827438	0.000347287	2.415288901	0.004014939
0.096894937	0.000347703	2.406024935	0.003977906
0.096962431	0.000348125	2.357810753	0.003798096
0.097029922	0.000348552	2.318812543	0.003660839
0.097097401	0.000348985	2.274305551	0.003507461
0.097164883	0.000349424	2.231007071	0.003365349
0.09723236	0.000349868	2.180309017	0.003204992
0.097299833	0.000350318	2.145581143	0.003101275
0.097367295	0.000350773	2.108662573	0.002996015
0.09743476	0.000351234	2.073464156	0.002896911
0.09750222	0.0003517	2.032495736	0.002788846
0.097569675	0.000352172	2.004012214	0.002715456
0.09763712	0.00035265	1.948360277	0.002578831
0.097704567	0.000353133	1.91662094	0.002504593
0.097772009	0.000353622	1.876921297	0.002416423
0.097839447	0.000354116	1.830545404	0.002316436
0.097906874	0.000354616	1.81263599	0.002280379
0.097974304	0.000355121	1.776576394	0.002206082
0.098041729	0.000355631	1.739611548	0.00213473
0.098109149	0.000356147	1.70242097	0.00206693
0.098176559	0.000356669	1.667333774	0.002005882
0.098243971	0.000357196	1.62578688	0.001934216
0.098311379	0.000357728	1.592036247	0.001878679
0.098378782	0.000358266	1.567886701	0.001841708
0.098446174	0.000358809	1.52516817	0.001776509
0.098513569	0.000359358	1.50693402	0.001750396
0.098580959	0.000359912	1.468116416	0.001695793
0.098648344	0.000360471	1.429216475	0.001642261
0.098715726	0.000361036	1.395749292	0.001598462
0.098783096	0.000361606	1.363854604	0.001558697
0.098850469	0.000362181	1.33556043	0.001523915
0.098917837	0.000362761	1.30597216	0.001490922
0.098985201	0.000363347	1.277188836	0.001459045
0.099052554	0.000363938	1.243927695	0.001422581
0.09911991	0.000364535	1.226097065	0.001403889
0.09918726	0.000365136	1.189681599	0.001367382
0.099254607	0.000365743	1.155144813	0.001333764
0.099321943	0.000366355	1.132411157	0.001312501
0.09938928	0.000366973	1.106251552	0.001290048
0.099456614	0.000367595	1.073352954	0.001261051
0.099523943	0.000368223	1.05314937	0.001245025
0.099591261	0.000368856	1.024157434	0.001220661
0.099658581	0.000369494	0.998265376	0.001200472
0.099725897	0.000370137	0.96720892	0.001178305
0.099793209	0.000370785	0.939078992	0.001158233
0.09986051	0.000371438	0.910563705	0.001137909
0.099927813	0.000372096	0.892267491	0.001124881
0.099995111	0.00037276	0.866989915	0.001108856
0.100062405	0.000373428	0.843550116	0.001093363
0.100129689	0.000374102	0.823632179	0.001081481
0.100196974	0.00037478	0.794554471	0.001064797
0.100264255	0.000375464	0.775352158	0.001054623
0.100331532	0.000376152	0.753064831	0.001043096
0.100398804	0.000376846	0.735117596	0.001031975
0.100466066	0.000377544	0.710920471	0.001019578
0.100533329	0.000378248	0.688922917	0.001008893
0.100600589	0.000378956	0.671989717	0.001001039
0.100667843	0.000379669	0.65260047	0.000991342
0.100735088	0.000380387	0.635563894	0.000983319
0.100802334	0.00038111	0.61213751	0.000973452
0.100869576	0.000381838	0.59443071	0.000965521
0.100936813	0.00038257	0.579028174	0.000958632
0.10100404	0.000383308	0.559471846	0.000951429
0.101071268	0.00038405	0.541267181	0.00094405
0.101138493	0.000384797	0.528904444	0.000939283
0.101205713	0.000385549	0.512888384	0.000932968
0.101272922	0.000386305	0.492206079	0.000925395
0.101340133	0.000387067	0.478871784	0.000920802
0.10140734	0.000387833	0.464094027	0.000915157
0.101474543	0.000388603	0.446655584	0.000909016
0.101541735	0.000389379	0.433672081	0.000904919
0.101608929	0.000390159	0.419868864	0.000900359
0.101676118	0.000390943	0.404600624	0.000895684
0.101743303	0.000391733	0.393714784	0.000892401
0.101810477	0.000392527	0.377274501	0.000887837
0.101877654	0.000393325	0.366502057	0.000884036
0.101944826	0.000394128	0.354870942	0.000880374
0.102011994	0.000394936	0.340642601	0.000876178
0.102079157	0.000395748	0.326211563	0.000872515
0.102146309	0.000396565	0.318322463	0.000870022
0.102213464	0.000397386	0.308530095	0.000867521
0.102280614	0.000398212	0.298484609	0.000864868
0.102347762	0.000399274	0.287287905	0.000861985
0.102414904	0.00039928	0.277148224	0.000859317
0.102482053	0.00039929	0.268473878	0.000857058
0.102549204	0.000399306	0.256969428	0.00085418
0.102616356	0.000399328	0.24731514	0.000851676
0.102683503	0.000399355	0.239312011	0.000849601
0.102750658	0.000399388	0.232728483	0.000848301
0.102817814	0.000399426	0.223374121	0.000846544
0.102884971	0.00039947	0.2130789	0.000844004
0.102952122	0.000399519	0.207355363	0.000842259
0.103019282	0.000399574	0.198773166	0.00084068
0.103086442	0.000399635	0.191014168	0.000838379
0.103153604	0.000399701	0.183894305	0.000837043
0.103220761	0.000399772	0.178022521	0.000835785
0.103287925	0.00039985	0.169630668	0.000834376
0.10335509	0.000399932	0.164285501	0.00083307
0.103422257	0.000400021	0.157644466	0.000831654
0.103489418	0.000400115	0.148692655	0.000830138
0.103556587	0.000400214	0.143242015	0.000828686
0.103623757	0.00040032	0.138286674	0.000827655
0.103690929	0.000400431	0.132046377	0.00082642
0.103758101	0.000400547	0.129332643	0.000825599
0.103825275	0.000400669	0.123767046	0.000824968
0.10389245	0.000400797	0.116510733	0.000823405
0.103959614	0.000400931	0.11340109	0.00082277
0.104026791	0.00040107	0.108823488	0.00082184
0.10409397	0.000401215	0.103257892	0.000820014
0.104161149	0.000401365	0.099859134	0.000820098
0.10422833	0.000401522	0.095574073	0.000819059
0.104295513	0.000401683	0.090433864	0.000818626
0.104362696	0.000401851	0.088405064	0.000817949
0.104429881	0.000402024	0.084344343	0.000817416
0.104497054	0.000402203	0.079801933	0.000815923
0.104564241	0.000402388	0.079700054	0.000815987
0.104631429	0.000402578	0.075822379	0.000815273
0.104698618	0.000402774	0.069512425	0.000814725
0.104765809	0.000402975	0.068753271	0.00081394
0.104833001	0.000403183	0.06543227	0.000813866
0.104900194	0.000403396	0.064418592	0.000813038
0.104967388	0.000403615	0.060943086	0.000812555
0.105034571	0.000403839	0.058708611	0.000812189
0.105101767	0.000404069	0.05675477	0.000811446
0.105168965	0.000404305	0.053759357	0.000811155
0.105236164	0.000404547	0.05144387	0.000811164
0.105303365	0.000404794	0.046853143	0.000810404
0.105370566	0.000405047	0.048083866	0.000810451
0.105437769	0.000405306	0.046668415	0.000809806
0.105504973	0.00040557	0.044990936	0.000809583
0.105572178	0.00040584	0.045117511	0.000809403
0.105639371	0.000406116	0.042283105	0.000809654
0.105706579	0.000406397	0.039897347	0.00080887
0.105773787	0.000406684	0.037327333	0.000808663
0.105840997	0.000406977	0.036911143	0.000807666
0.105908208	0.000407276	0.036668524	0.000808069
0.105975421	0.00040758	0.035462634	0.000808071
0.106042634	0.00040789	0.03311993	0.000807683
0.106109849	0.000408206	0.031654108	0.000807401
0.106177052	0.000408527	0.032640332	0.000807483
0.106244269	0.000408854	0.030713959	0.000806642
0.106311487	0.000409187	0.024782677	0.000806236
0.106378707	0.000409525	0.026287012	0.000805837
0.106445927	0.000409869	0.027035611	0.000806261
0.106513149	0.000410219	0.024668448	0.000805614
0.106580372	0.000410574	0.023905126	0.00080545
0.106647597	0.000410935	0.022821289	0.000805636
0.106714809	0.000411302	0.021401709	0.000805145
0.106782036	0.000411674	0.023443503	0.000805294
0.106849264	0.000412052	0.020652729	0.000804481
0.106916493	0.000412436	0.017844644	0.00080423
0.106983723	0.000412825	0.019080785	0.000804288
0.107050955	0.00041322	0.018801095	0.000804464
0.107118188	0.000413621	0.015829881	0.000804369
0.107185422	0.000414027	0.017525356	0.00080448
0.107252657	0.000414439	0.016347207	0.00080375
0.10731988	0.000414856	0.014691203	0.000803665
0.107387118	0.000415279	0.014269851	0.000803197
0.107454357	0.000415708	0.0140189	0.000803258
0.107521597	0.000416142	0.014751282	0.000803334
0.107588838	0.000416581	0.013307848	0.000802924
0.10765608	0.000417027	0.01465098	0.000802958
0.107723324	0.000417478	0.012903448	0.00080274
0.107790568	0.000417934	0.013964948	0.000802608
0.107857801	0.000418396	0.01105001	0.000802786
0.107925049	0.000418863	0.010207776	0.000801713
0.107992297	0.000419336	0.011423734	0.000802405
0.108059547	0.000419815	0.012019411	0.000802419
0.108126797	0.000420299	0.011121726	0.000801817
0.108194049	0.000420789	0.01060658	0.000801656
0.108261303	0.000421284	0.008016677	0.000801347
0.108328557	0.000421784	0.010664611	0.000801765
0.1083958	0.00042229	0.009030353	0.000801387
0.108463056	0.000422802	0.009707615	0.000801494
0.108530314	0.000423319	0.008577998	0.000801236
0.108597574	0.000423841	0.010984199	0.000802195
0.108664834	0.000424369	0.008697275	0.000801354
0.108732096	0.000424903	0.008704883	0.000801156
0.108799358	0.000425441	0.00931324	0.000801112
0.108866622	0.000425985	0.009526948	0.000801026
0.108933888	0.000426535	0.008469644	0.000801159
0.109001141	0.00042709	0.009237132	0.00080116
0.109068409	0.00042765	0.009585501	0.000800458
0.109135678	0.000428216	0.009606429	0.000801218
0.109202948	0.000428787	0.008427422	0.000800654
0.109270219	0.000429363	0.009193902	0.000800994
0.109337491	0.000429945	0.007770154	0.000800391
0.109404765	0.000430532	0.008667146	0.000800214
0.10947204	0.000431124	0.006506648	0.000800173
0.109539303	0.000431722	0.00591056	0.000800258
0.10960658	0.000432325	0.00736572	0.000800308
0.109673859	0.000432933	0.005606085	0.000799872
0.109741138	0.000433547	0.006385762	0.000799815
0.109808419	0.000434165	0.008382336	0.00079991
0.109875701	0.000434789	0.006836158	0.000799966
0.109942984	0.000435419	0.004335167	0.000799614
0.110010269	0.000436053	0.004816147	0.000799888
0.110077542	0.000436693	0.003985803	0.000799162
0.110144828	0.000437337	0.00498966	0.000799299
0.110212117	0.000437987	0.00590157	0.000799302
0.110279406	0.000438643	0.006965915	0.000799211
0.110346696	0.000439303	0.003017242	0.000798812
0.110413988	0.000439968	0.008542872	0.00079928
0.110481281	0.000440639	0.004709109	0.000799235
0.110548575	0.000441315	0.002299721	0.000798641
0.11061587	0.000441995	0.002917775	0.000798301
0.110683154	0.000442681	0.004121179	0.000798885
0.110750451	0.000443372	0.004250403	0.000798469
0.11081775	0.000444068	0.003405971	0.000798377
0.11088505	0.000444769	0.003539996	0.000798675
0.110952352	0.000445475	0.003657452	0.00079798
0.111019654	0.000446186	0.003276493	0.00079798
0.111086958	0.000446902	0.001439534	0.00079813
0.111154263	0.000447623	0.001438675	0.000797892
0.111221556	0.000448349	0.004668245	0.000797919
0.111288863	0.00044908	0.003981882	0.000797872
0.111356172	0.000449816	0.001334779	0.000797243
0.111423482	0.000450557	0.003187427	0.000797511
0.111490792	0.000451303	0.002563014	0.000797473
0.111558105	0.000452054	0.001667699	0.000796986
0.111625418	0.000452809	0.002334363	0.000796949
0.111692732	0.00045357	0.003591523	0.000796828
0.111760035	0.000454335	0.00421698	0.000797295
0.111827352	0.000455105	0.004553955	0.00079675
0.11189467	0.00045588	0.001563079	0.000796671
0.11196199	0.00045666	0.00253737	0.000796489
0.11202931	0.000457444	0.003527495	0.000796678
0.112096632	0.000458234	0.003707132	0.000796565
0.112163955	0.000459028	0.003219941	0.00079649
0.112231279	0.000459827	0.00407275	0.000796622
0.112298604	0.000460631	0.003745466	0.000796922
0.112365918	0.000461439	0.002854726	0.000796433
0.112433246	0.000462252	0.003569374	0.000796509
0.112500575	0.00046307	0.005455747	0.000796662
0.112567905	0.000463892	0.003681873	0.000796105
0.112635236	0.000464719	0.002522231	0.000796118
0.112702569	0.000465968	0.003057845	0.00079564
0.112769903	0.000465971	0.001985316	0.000795789
0.112837238	0.000465981	0.003435	0.00079626
0.112904562	0.000465996	0.004329339	0.00079589
0.1129719	0.000466016	0.002014272	0.000795724
0.11303924	0.000466042	0.003493539	0.000795463
0.113106581	0.000466074	0.002949828	0.000795186
0.113173923	0.000466112	0.001833041	0.000795363
0.113241266	0.000466156	0.002054526	0.000795082
0.113308611	0.000466205	0.002089096	0.000795297
0.113375957	0.00046626	0.001603322	0.000795222
0.113443292	0.00046632	0.000659966	0.000795339
0.11351064	0.000466386	0.000668162	0.000794955
0.11357799	0.000466458	0.00123771	0.000794694
0.113645342	0.000466536	0.001573843	0.000794483
0.113712694	0.00046662	0.001198228	0.000795002
0.113780048	0.000466709	-0.000344646	0.000794502
0.113847404	0.000466804	0.000640596	0.000794689
0.11391476	0.000466905	0.001451197	0.000793993
0.113982118	0.000467012	0.001349812	0.000794623
0.114049465	0.000467124	-0.000182917	0.000794684
0.114116826	0.000467242	0.000262919	0.000794264
0.114184188	0.000467366	0.000145975	0.000794053
0.114251551	0.000467496	-0.000392127	0.000793918
0.114318916	0.000467632	0.001228525	0.000793802
0.114386282	0.000467773	0.000331801	0.00079389
0.114453649	0.000467921	0.000417163	0.000794025
0.114521018	0.000468074	-0.001003827	0.000793406
0.114588375	0.000468232	-0.002129103	0.000793215
0.114655746	0.000468397	0.000351724	0.000793736
0.114723119	0.000468568	0.000257167	0.000793512
0.114790492	0.000468744	-0.000186262	0.000793601
0.114857868	0.000468927	4.0046E-05	0.000793601
0.114925244	0.000469115	0.000342631	0.000793648
0.114992622	0.000469309	0.000115648	0.000793177
0.115060002	0.000469508	-0.000956732	0.000793517
0.115127369	0.000469714	-0.000907522	0.000793298
0.115194751	0.000469925	0.000379865	0.0007932
0.115262134	0.000470143	0.002330548	0.000793397
0.115329519	0.000470366	-0.001102177	0.000792903
0.115396905	0.000470595	-0.000610103	0.000792595
0.115464292	0.00047083	0.001141607	0.000793196
0.115531681	0.000471071	0.000561343	0.000793228
0.11559907	0.000471318	-7.06746E-05	0.00079287
0.115666462	0.00047157	0.000688059	0.000792725
0.115733841	0.000471828	0.001248194	0.000792846
0.115801235	0.000472093	-0.000431258	0.000792484
0.11586863	0.000472363	0.000140429	0.000793303
0.115936027	0.000472639	0.000600152	0.000792451
0.116003425	0.000472921	0.000995605	0.000793051
0.116070824	0.000473208	0.001350761	0.000792688
0.116138224	0.000473502	-0.000301456	0.000792591
0.116205626	0.000473801	-0.00123176	0.000792326
0.116273017	0.000474106	0.001332296	0.000792512
0.116340421	0.000474418	0.001503385	0.000792781
0.116407827	0.000474735	-0.000739931	0.000792488
0.116475234	0.000475057	-0.000974698	0.000791931
0.116542642	0.000475386	-0.000623788	0.000792228
0.116610052	0.000475721	0.001022151	0.000792047
0.116677463	0.000476061	0.001690946	0.000791959
0.116744876	0.000476407	-0.000538955	0.000791894
0.116812277	0.000476759	-0.000283823	0.000792298
0.116879692	0.000477117	-0.00026899	0.000791397
0.116947108	0.000477481	-0.000981463	0.000791513
0.117014526	0.000477851	-0.00244786	0.000791445
0.117081945	0.000478226	0.000931663	0.000791634
0.117149365	0.000478607	0.001043267	0.000791564
0.117216787	0.000478994	-0.000968034	0.000790943
0.11728421	0.000479387	-0.000677751	0.00079123
0.117351634	0.000479786	-0.002035063	0.000791421
0.117419047	0.00048019	-0.001211301	0.000791235
0.117486474	0.000480601	-0.001684549	0.00079125
0.117553903	0.000481017	-0.000798341	0.000791212
0.117621332	0.000481438	0.000264263	0.000790924
0.117688763	0.000481866	-0.000838603	0.00079105
0.117756196	0.0004823	-0.00143894	0.000791096
0.117823629	0.000482739	-0.002110192	0.000790907
0.117891064	0.000483184	-0.002168318	0.000791037
0.117958488	0.000483634	-0.001211191	0.000790768
0.118025926	0.000484091	-0.002079077	0.000790981
0.118093365	0.000484553	-0.0005039	0.000790841
0.118160805	0.000485021	0.001021133	0.000790781
0.118228246	0.000485495	-0.002631449	0.000790672
0.118295689	0.000485974	-0.001608322	0.000790828
0.118363134	0.000486459	-0.001545598	0.000790509
0.118430579	0.00048695	-0.000700224	0.000790777
0.118498013	0.000487447	-0.000644614	0.000790508
0.118565462	0.000487949	-0.001309157	0.000790268
0.118632911	0.000488457	0.000685525	0.000790522
0.118700362	0.000488971	0.000571541	0.000790452
0.118767815	0.00048949	-0.00108181	0.000790407
0.118835268	0.000490015	-0.001039398	0.00079024
0.118902723	0.000490546	-0.000160761	0.000790254
0.118970179	0.000491082	0.002201598	0.000790374
0.119037637	0.000491624	0.000386553	0.000790614
0.119105083	0.000492171	0.000638421	0.000790411
0.119172543	0.000492725	0.000947616	0.000790874
0.119240005	0.000493283	0.001321456	0.00079036
0.119307467	0.000493848	0.00110774	0.000790587
0.119374932	0.000494418	0.000943912	0.000790267
0.119442397	0.000494993	0.000955627	0.000790494
0.119509864	0.000495575	0.000381578	0.000790337
0.119577332	0.000496161	0.000981861	0.000790291
0.119644789	0.000496753	-0.000455222	0.000790157
0.11971226	0.000497351	0.000526974	0.00079048
0.119779732	0.000497955	0.002316657	0.000790116
0.119847205	0.000498563	0.000109802	0.000790225
0.11991468	0.000499178	0.000647254	0.000790172
0.119982156	0.000499798	0.001435866	0.000789728
0.120049634	0.000500423	6.49692E-05	0.000789926
0.120117113	0.000501054	-0.001013868	0.000789898
0.12018458	0.00050169	0.000868304	0.000789894
0.120252061	0.000502332	0.00117479	0.000789843
0.120319544	0.000502979	0.001922863	0.000789472
0.120387028	0.000503632	0.00115462	0.000789763
0.120454514	0.00050429	-0.000195861	0.000789809
0.120522	0.000504953	0.002395493	0.000789739
0.120589489	0.000505622	0.0002413	0.00078935
0.120656978	0.000506297	-0.00026994	0.000789155
0.120724469	0.000506976	0.000627602	0.00078939
0.120791948	0.000507661	0.001209846	0.000789635
0.120859441	0.000508352	0.001551526	0.000789843
0.120926936	0.000509047	0.002375579	0.000789892
0.120994432	0.000509748	-0.000792434	0.00078962
0.121061929	0.000510455	3.53361E-05	0.000789571
0.121129428	0.000511166	-0.000195408	0.000789575
0.121196928	0.000511883	0.000216175	0.000789366
0.12126443	0.000512606	0.001973026	0.000789441
0.121331919	0.000513333	0.002627106	0.000789969
0.121399423	0.000514066	0.001169623	0.000789706
0.121466929	0.000514804	-0.000295872	0.000789637
0.121534435	0.000515547	0.00068287	0.000789262
0.121601943	0.000516295	-0.000270338	0.000789388
0.121669453	0.000517049	-0.000766202	0.000789138
0.121736963	0.000517808	0.000457177	0.000789169
0.121804475	0.000518572	0.002303761	0.000788909
0.121871976	0.000519341	0.001656529	0.000789217
0.12193949	0.000520115	0.003776776	0.000789349
0.122007006	0.000520894	0.00022142	0.000789269
0.122074524	0.000521679	0.001229942	0.000789716
0.122142042	0.000522469	0.002169223	0.000789646
0.122209562	0.000523263	0.000502127	0.000789468
0.122277084	0.000524063	0.001069236	0.000789069
0.122344606	0.000524868	0.004216194	0.000789825
0.12241213	0.000525678	0.004222613	0.000788932
0.122479642	0.000526493	0.002183577	0.000789123
0.122547169	0.000527313	0.002978526	0.000789751
0.122614697	0.000528138	0.00040216	0.000789064
0.122682226	0.000528967	0.004359113	0.000789128
0.122749757	0.000529802	0.000778427	0.00078883
0.122817289	0.000530642	0.00142556	0.000788987
0.122884822	0.000531487	0.000587429	0.000789461
0.122952356	0.000532337	0.004368429	0.000788935
0.123019879	0.000533191	0.00218324	0.00078889
0.123087417	0.0005342	0.001906896	0.000788595
0.123154954	0.0005342	0.002378664	0.000788629
0.123222492	0.0005342	0.003508844	0.000788861
0.123290029	0.0005342	0.002248002	0.00078857
0.123357567	0.0005342	0.002991844	0.000788995
0.123425105	0.0005342	0.004140963	0.000788609
0.123492642	0.000534201	0.004131596	0.000788801
0.123560167	0.000534201	0.002533839	0.000788439
0.123627705	0.000534201	0.001254798	0.000788301
0.123695242	0.000534201	0.001786245	0.000788344
0.12376278	0.000534201	0.002468335	0.000788294
0.123830318	0.000534201	0.002658697	0.000788129
0.123897855	0.000534202	0.001705593	0.000787789
0.123965393	0.000534202	0.00073377	0.000787834
0.12403293	0.000534202	0.001550424	0.000787978
0.124100468	0.000534202	8.76386E-05	0.00078791
0.124167993	0.000534203	0.000974151	0.000787638
0.12423553	0.000534203	0.002648026	0.000787856
0.124303068	0.000534203	0.000173624	0.000787206
0.124370606	0.000534204	-9.72968E-05	0.000787746
0.124438143	0.000534204	-0.000167257	0.000787696
0.124505681	0.000534205	0.00142498	0.000787591
0.124573219	0.000534205	0.00158009	0.000787402
0.124640756	0.000534205	0.001855671	0.000787464
0.124708281	0.000534206	0.000839105	0.000787211
0.124775819	0.000534206	0.00212643	0.000787621
0.124843356	0.000534207	0.00055382	0.000787342
0.124910894	0.000534207	0.00203574	0.000787259
0.124978431	0.000534208	0.001504997	0.000787449
0.125045969	0.000534208	0.003628912	0.000787156
0.125113507	0.000534209	0.002551453	0.000787126
0.125181044	0.00053421	0.000798905	0.000787515
0.125248569	0.00053421	-0.00076122	0.000787044
0.125316107	0.000534211	0.00012903	0.00078691
0.125383644	0.000534212	0.00111939	0.000787177
0.125451182	0.000534212	-0.000315911	0.000786861
0.12551872	0.000534213	0.000168478	0.000787302
0.125586257	0.000534214	0.003828212	0.0007868
0.125653795	0.000534214	0.001684446	0.000786317
0.125721332	0.000534215	0.000684259	0.000786705
0.12578887	0.000534216	0.001654719	0.00078666
0.125856395	0.000534217	0.003321234	0.00078651
0.125923932	0.000534217	0.003451716	0.000786568
0.12599147	0.000534218	0.001964785	0.000786514
0.126059008	0.000534219	0.00150931	0.000786194
0.126126545	0.00053422	0.002966495	0.000786822
0.126194083	0.000534221	0.002720733	0.000786649
0.12626162	0.000534222	0.001599349	0.000786323
0.126329158	0.000534223	-0.00063292	0.000785578
0.126396683	0.000534224	0.001664385	0.000786237
0.12646422	0.000534225	0.002518557	0.000785616
0.126531758	0.000534226	-0.000203997	0.000785682
0.126599296	0.000534226	0.002188743	0.000785681
0.126666833	0.000534228	0.002599142	0.000785936
0.126734371	0.000534229	0.002403884	0.000785733
0.126801909	0.00053423	0.000639846	0.000785714
0.126869446	0.000534231	0.000939633	0.000785067
0.126936971	0.000534232	0.000934671	0.000785162
0.127004509	0.000534233	-0.00041236	0.000785072
0.127072046	0.000534234	0.000565492	0.000784837
0.127139584	0.000534235	-0.000746398	0.000785002
0.127207121	0.000534236	0.002332624	0.000784991
0.127274659	0.000534238	0.000839979	0.000784667
0.127342197	0.000534239	-0.001384256	0.000784982
0.127409734	0.00053424	0.001049464	0.000784353
0.127477272	0.000534241	-0.000411921	0.000784842
0.127544797	0.000534242	-0.00076027	0.000784596
0.127612334	0.000534244	0.000445952	0.000784588
0.127679872	0.000534245	-0.001233788	0.000784659
0.12774741	0.000534246	0.000475763	0.000784708
0.127814947	0.000534248	0.001064461	0.000784298
0.127882485	0.000534249	-0.002088697	0.000784222
0.127950022	0.00053425	-0.002133237	0.000784157
0.12801756	0.000534252	-0.001644248	0.000783809
0.128085085	0.000534253	0.00101958	0.000784003
0.128152622	0.000534255	-0.001042524	0.000784127
0.12822016	0.000534256	-0.001758968	0.000784018
0.128287698	0.000534258	-0.000430619	0.000783565
0.128355235	0.000534259	-0.001161279	0.000783328
0.128422773	0.000534261	-0.002004547	0.00078339
0.128490311	0.000534262	-0.000541911	0.000783358
0.128557848	0.000534264	0.000864983	0.000783087
0.128625373	0.000534265	0.002152593	0.000783304
0.12869291	0.000534267	-9.17632E-05	0.000783448
0.128760448	0.000534269	0.000650617	0.000783265
0.128827986	0.00053427	0.002120256	0.000783278
0.128895523	0.000534272	0.00032077	0.000782689
0.128963061	0.000534273	-0.002519916	0.0007827
0.129030599	0.000534275	-0.000515991	0.000783067
0.129098136	0.000534277	0.000104615	0.000782593
0.129165674	0.000534279	0.000239664	0.000782234
0.129233199	0.00053428	-0.001140649	0.000781941
0.129300736	0.000534282	0.000399941	0.000782869
0.129368274	0.000534284	-0.001057085	0.000782164
0.129435811	0.000534286	0.00063278	0.000782084
0.129503349	0.000534288	-0.001571713	0.00078175
0.129570887	0.000534289	-0.001221417	0.000782265
0.129638424	0.000534291	-0.000151991	0.000781881
0.129705962	0.000534293	-0.001018169	0.000781729
0.129773487	0.000534295	-0.00284263	0.000781894
0.129841024	0.000534297	-0.000768805	0.000782124
0.129908562	0.000534299	-0.000840968	0.000781482
0.1299761	0.000534301	-0.001907164	0.000781363
0.130043637	0.000534303	-0.002099716	0.000781208
0.130111175	0.000534305	-0.000832872	0.000781295
0.130178712	0.000534307	-0.000673482	0.000781151
0.13024625	0.000534309	0.001379716	0.000780938
0.130313775	0.000534311	-0.001282737	0.000780933
0.130381312	0.000534313	-0.002458075	0.000780609
0.13044885	0.000534315	-0.000449927	0.000781059
0.130516388	0.000534317	-0.002535483	0.000780702
0.130583925	0.000534319	-0.002116958	0.000780263
0.130651463	0.000534321	-0.000653966	0.000780546
0.130719001	0.000534324	-0.002015088	0.000780655
0.130786538	0.000534326	-0.001970916	0.000780264
0.130854076	0.000534328	-0.001678626	0.000780266
0.130921601	0.00053433	-0.001055218	0.000779837
0.130989138	0.000534332	-0.003062502	0.00077989
0.131056676	0.000534335	-0.002211321	0.000779412
0.131124213	0.000534337	-0.003673335	0.000779903
0.131191751	0.000534339	-0.002086914	0.000779744
0.131259289	0.000534342	-0.000816165	0.000780145
0.131326826	0.000534344	-0.001346134	0.000780107
0.131394364	0.000534346	-0.001869656	0.000779338
0.131461889	0.000534349	-0.002375971	0.000779241
0.131529426	0.000534351	-0.002276283	0.000779089
0.131596964	0.000534354	-0.002863414	0.000779314
0.131664501	0.000534356	-0.001669134	0.000779306
0.131732039	0.000534358	0.000224248	0.000779279
0.131799577	0.000534361	-0.002112594	0.000778989
0.131867114	0.000534363	-0.001118687	0.000779013
0.131934652	0.000534366	-0.000915421	0.000779524
0.132002177	0.000534368	-0.00094218	0.000778769
0.132069714	0.000534371	-0.00112009	0.000778742
0.132137252	0.000534374	-0.002902294	0.000778432
0.13220479	0.000534376	-0.002019681	0.000778252
0.132272327	0.000534379	-0.000210759	0.000779046
0.132339865	0.000534381	-0.001039637	0.000778421
0.132407402	0.000534384	-0.001098973	0.000778412
0.13247494	0.000534387	-0.001102419	0.00077864
0.132542478	0.000534389	-0.001193645	0.000778606
0.132610002	0.000534392	-0.001174594	0.000778775
0.13267754	0.000534395	-0.001314812	0.000778046
0.132745078	0.000534398	-0.000876129	0.00077832
0.132812615	0.0005344	-0.001150075	0.000778217
0.132880153	0.000534403	-0.001679706	0.000777908
0.132947691	0.000534406	-0.002504525	0.000777555
0.133015228	0.000534409	-0.002147634	0.00077815
0.133082766	0.000534412	-0.00047065	0.000778298
0.133150291	0.000534414	-0.000920589	0.000777669
0.133217828	0.000534417	-0.001753065	0.000777772
0.133285366	0.00053442	-0.000227181	0.000777877
0.133352903	0.000534423	-0.000451446	0.000777698
0.133420441	0.000534426	-0.000379384	0.000777563
0.133487979	0.000534429	-0.000992732	0.000777803
0.133555516	0.000534432	-0.000718722	0.000777138
0.133623054	0.000534435	-0.003182821	0.000777204
0.133690579	0.000534438	-0.000617873	0.000777257
0.133758116	0.000534441	-0.002373011	0.000777429
0.133825654	0.000534444	-0.00232797	0.000777312
0.133893192	0.000534447	-0.000286602	0.0007771
0.133960729	0.00053445	-0.002737187	0.000777292
0.134028267	0.000534453	-0.002060471	0.000777103
0.134095804	0.000534457	-0.003048725	0.000776311
0.134163342	0.00053446	-0.002462974	0.000776358
0.13423088	0.000534463	-0.002990382	0.000776051
0.134298404	0.000534466	-0.003937581	0.000776676
0.134365942	0.000534469	-0.003851364	0.000776668
0.13443348	0.000534472	-0.002738753	0.000776752
0.134501017	0.000534476	-0.001994047	0.000776656
0.134568555	0.000534479	-0.00301158	0.000776649
0.134636092	0.000534482	-0.002476996	0.000776231
0.13470363	0.000534486	-0.002248305	0.000776722
0.134771168	0.000534489	-0.002539872	0.00077645
0.134838692	0.000534492	-0.003218386	0.000775561
0.13490623	0.000534496	-0.003778952	0.000776534
0.134973768	0.000534499	-0.000134768	0.000776645
0.135041305	0.000534502	-0.001263427	0.000776434
0.135108843	0.000534506	-0.002968562	0.000775723
0.135176381	0.000534509	-0.001976319	0.000776555
0.135243918	0.000534513	-0.002522082	0.000776349
0.135311456	0.000534516	-0.000502528	0.000775969
0.135378981	0.00053452	-0.00195693	0.000775688
0.135446518	0.000534523	-0.001283739	0.000775996
0.135514056	0.000534527	0.000577671	0.000775759
0.135581593	0.00053453	0.00119657	0.000775831
0.135649131	0.000534534	-0.000501003	0.000776238
