Wave-Number (cm-1)	u(Wave-Number) (cm-1)	Absorbance	u(Absorbance)
0.040789342	6.38864E-05	-0.005227393	0.000854734
0.040854399	6.39809E-05	-0.003744536	0.000853431
0.040919452	6.40754E-05	-0.003381614	0.000853674
0.040984508	6.41699E-05	-0.001758145	0.000853837
0.041049561	6.42645E-05	-0.005651836	0.000853405
0.041114617	6.4359E-05	-0.001820169	0.000852911
0.041179671	6.44535E-05	-0.002976916	0.000854213
0.041244727	6.45481E-05	-0.000650507	0.000854021
0.04130978	6.46427E-05	-0.0008545	0.000852757
0.041374836	6.47372E-05	-0.003457656	0.000853295
0.041439889	6.48318E-05	0.000546661	0.000853015
0.041504946	6.49264E-05	-2.35327E-05	0.000853391
0.041569999	6.5021E-05	-0.001626139	0.000853911
0.041635055	6.51156E-05	-0.000546623	0.000853252
0.041700108	6.52103E-05	0.001243338	0.000853471
0.041765164	6.53049E-05	0.00215148	0.000853465
0.041830218	6.53995E-05	0.00257302	0.000853456
0.041895274	6.54942E-05	0.002907446	0.000852858
0.041960327	6.55889E-05	0.00180096	0.000853642
0.042025383	6.56836E-05	0.003169012	0.000853765
0.042090436	6.57782E-05	0.002669952	0.000853446
0.042155493	6.58729E-05	0.001388604	0.000852998
0.042220546	6.59676E-05	0.004992584	0.00085386
0.042285602	6.60624E-05	0.003342982	0.000853218
0.042350658	6.61571E-05	0.002660114	0.000853183
0.042415712	6.62518E-05	0.003508562	0.000852463
0.042480768	6.63466E-05	0.004513433	0.000853257
0.042545821	6.64413E-05	0.003146585	0.000852324
0.042610877	6.65361E-05	0.00160952	0.000851938
0.04267593	6.66309E-05	0.001244985	0.000852608
0.042740987	6.67257E-05	0.002535945	0.000851597
0.04280604	6.68205E-05	0.00204054	0.000851332
0.042871096	6.69153E-05	-0.000550261	0.000851216
0.042936149	6.70101E-05	-0.000212842	0.000851636
0.043001206	6.71049E-05	0.001452716	0.000851183
0.043066259	6.71998E-05	-0.000583656	0.000851184
0.043131315	6.72946E-05	-0.002020368	0.000850687
0.043196368	6.73895E-05	-0.00133224	0.000850021
0.043261424	6.74843E-05	-0.001641246	0.000850437
0.043326478	6.75792E-05	-0.003798445	0.000850525
0.043391534	6.76741E-05	-0.003954888	0.000850681
0.043456587	6.7769E-05	-0.003857879	0.000849605
0.043521643	6.78639E-05	-0.003995777	0.000850388
0.043586696	6.79588E-05	-0.005720341	0.000849716
0.043651753	6.80537E-05	-0.006975662	0.00084964
0.043716806	6.81486E-05	-0.005308443	0.000849497
0.043781862	6.82436E-05	-0.005624177	0.000849705
0.043846915	6.83385E-05	-0.006069256	0.000849892
0.043911971	6.84335E-05	-0.005826404	0.000849361
0.043977028	6.85284E-05	-0.006870996	0.000848723
0.044042081	6.86234E-05	-0.004635166	0.000849426
0.044107137	6.87184E-05	-0.005175427	0.000848508
0.04417219	6.88134E-05	-0.00779539	0.000848962
0.044237247	6.89084E-05	-0.006165883	0.000848683
0.0443023	6.90034E-05	-0.003423882	0.000849054
0.044367356	6.90984E-05	-0.005394666	0.000848705
0.044432409	6.91934E-05	-0.004538906	0.000848302
0.044497465	6.92884E-05	-0.00523261	0.000848758
0.044562519	6.93835E-05	-0.001283704	0.000848551
0.044627575	6.94785E-05	-0.00272534	0.000848754
0.044692628	6.95736E-05	-0.004659029	0.000848593
0.044757684	6.96687E-05	-0.001449789	0.000848394
0.044822737	6.97637E-05	-0.00134509	0.000848644
0.044887794	6.98588E-05	-0.000564476	0.000847919
0.044952847	6.99539E-05	-0.002148052	0.000848693
0.045017903	7.0049E-05	-0.001082607	0.000848791
0.045082956	7.01441E-05	0.002272982	0.000848879
0.045148013	7.02392E-05	9.91135E-06	0.000848712
0.045213066	7.03344E-05	0.001840461	0.000848523
0.045278122	7.04295E-05	0.002857509	0.000848122
0.045343175	7.05246E-05	0.002046721	0.000848867
0.045408231	7.06198E-05	0.001729782	0.000849022
0.045473285	7.07149E-05	0.002253627	0.000848358
0.045538341	7.08101E-05	0.002159182	0.00084842
0.045603397	7.09053E-05	0.004739648	0.000848383
0.04566845	7.10005E-05	0.001697466	0.000848137
0.045733506	7.10957E-05	0.002336505	0.000847984
0.04579856	7.11909E-05	0.003209676	0.000848051
0.045863616	7.12861E-05	0.002843693	0.000847759
0.045928669	7.13813E-05	4.42286E-05	0.000847839
0.045993725	7.14765E-05	-0.000426486	0.000847245
0.046058778	7.15717E-05	-1.76317E-05	0.000846977
0.046123835	7.1667E-05	0.00082323	0.000848019
0.046188888	7.17622E-05	-0.000658856	0.000847026
0.046253944	7.18575E-05	-0.001639784	0.000846504
0.046318997	7.19527E-05	-0.000725096	0.000846011
0.046384054	7.2048E-05	-0.000379385	0.000846737
0.046449107	7.21433E-05	-0.003333931	0.000846716
0.046514163	7.22386E-05	-0.001232952	0.000846185
0.046579216	7.23338E-05	-0.005134866	0.000846525
0.046644272	7.24291E-05	-0.002531161	0.000845715
0.046709326	7.25245E-05	-0.004281626	0.000845018
0.046774382	7.26198E-05	-0.005550973	0.000845376
0.046839435	7.27151E-05	-0.004905295	0.000845584
0.046904491	7.28104E-05	-0.004523781	0.000845492
0.046969544	7.29058E-05	-0.007902773	0.000845921
0.047034601	7.30011E-05	-0.00658544	0.000844951
0.047099654	7.30964E-05	-0.005205461	0.00084515
0.04716471	7.31918E-05	-0.006069165	0.000845138
0.047229766	7.32872E-05	-0.008740854	0.000844268
0.04729482	7.33825E-05	-0.006597652	0.000844487
0.047359876	7.34779E-05	-0.005898955	0.000844344
0.047424929	7.35733E-05	-0.006189679	0.00084422
0.047489985	7.36687E-05	-0.006646761	0.000843838
0.047555038	7.37641E-05	-0.00599309	0.000844406
0.047620095	7.38595E-05	-0.004374452	0.000844028
0.047685148	7.39549E-05	-0.004380389	0.000843822
0.047750204	7.40504E-05	-0.003611996	0.000844054
0.047815257	7.41458E-05	-0.005896293	0.000843975
0.047880313	7.42412E-05	-0.003262312	0.000844614
0.047945367	7.43367E-05	-0.001017006	0.000843934
0.048010423	7.44321E-05	-0.001965485	0.000844344
0.048075476	7.45276E-05	-0.001913638	0.000844415
0.048140532	7.4623E-05	-0.001500864	0.000844566
0.048205585	7.47185E-05	-0.000173127	0.000844805
0.048270642	7.4814E-05	-0.00012568	0.000844352
0.048335695	7.49095E-05	-0.001087972	0.000844718
0.048400751	7.5005E-05	0.000889655	0.000844163
0.048465804	7.51005E-05	0.000791582	0.000844649
0.048530861	7.5196E-05	0.001509255	0.000844286
0.048595914	7.52915E-05	0.001277807	0.000844332
0.04866097	7.5387E-05	0.003678834	0.00084456
0.048726023	7.54825E-05	0.003274697	0.000844242
0.048791079	7.55781E-05	-0.000796512	0.000844159
0.048856136	7.56736E-05	0.001498172	0.000844452
0.048921189	7.57691E-05	0.003315087	0.000844374
0.048986245	7.58647E-05	0.002220643	0.000844508
0.049051298	7.59603E-05	0.001292294	0.00084448
0.049116355	7.60558E-05	0.002397152	0.000844181
0.049181408	7.61514E-05	0.0023799	0.000843823
0.049246464	7.6247E-05	0.000876278	0.000844119
0.049311517	7.63426E-05	0.000709473	0.000844176
0.049376573	7.64381E-05	0.000365724	0.000843242
0.049441627	7.65337E-05	0.003152117	0.000843742
0.049506683	7.66293E-05	0.000813887	0.000844318
0.049571736	7.6725E-05	-0.000186276	0.000843339
0.049636792	7.68206E-05	-0.000185287	0.000843444
0.049701845	7.69162E-05	0.000882098	0.000843431
0.049766902	7.70118E-05	-0.000922278	0.000842927
0.049831955	7.71075E-05	-0.00219238	0.000843074
0.049897011	7.72031E-05	-0.001628645	0.000842916
0.049962064	7.72987E-05	-0.002193074	0.00084297
0.05002712	7.73944E-05	-0.004273124	0.000842443
0.050092174	7.74901E-05	-0.005490508	0.000842141
0.05015723	7.75857E-05	-0.00447564	0.000843099
0.050222283	7.76814E-05	-0.003991188	0.000842468
0.050287339	7.77771E-05	-0.004440644	0.000842187
0.050352392	7.78728E-05	-0.006475873	0.000841899
0.050417449	7.79685E-05	-0.004478392	0.000842368
0.050482505	7.80642E-05	-0.004710193	0.000841997
0.050547558	7.81599E-05	-0.004043125	0.000842293
0.050612614	7.82556E-05	-0.003712063	0.000841868
0.050677668	7.83513E-05	-0.002800877	0.000842162
0.050742724	7.8447E-05	-0.001981123	0.000842046
0.050807777	7.85427E-05	-0.003188526	0.000841579
0.050872833	7.86385E-05	-0.003096625	0.000841989
0.050937886	7.87342E-05	-0.002684418	0.000842348
0.051002943	7.88299E-05	-0.001609895	0.000841961
0.051067996	7.89257E-05	0.000410709	0.000842582
0.051133052	7.90214E-05	-4.90279E-05	0.000842882
0.051198105	7.91172E-05	0.000680352	0.000842564
0.051263162	7.9213E-05	0.000190149	0.000842359
0.051328215	7.93087E-05	0.000344369	0.000842363
0.051393271	7.94045E-05	-0.000218389	0.000842625
0.051458324	7.95003E-05	0.001683989	0.000842645
0.05152338	7.95961E-05	0.002604022	0.000842151
0.051588434	7.96919E-05	-8.78004E-05	0.000842855
0.05165349	7.97877E-05	0.001506398	0.000842866
0.051718543	7.98835E-05	0.005736995	0.00084248
0.051783599	7.99793E-05	0.005699558	0.000842557
0.051848652	8.00751E-05	0.003387142	0.000843008
0.051913709	8.0171E-05	0.004396103	0.000842404
0.051978762	8.02668E-05	0.005898596	0.000842902
0.052043818	8.03626E-05	0.005241917	0.00084296
0.052108874	8.04585E-05	0.004899673	0.000843341
0.052173931	8.05543E-05	0.006000688	0.000842835
0.052238981	8.06501E-05	0.005873091	0.000842919
0.052304037	8.0746E-05	0.008289658	0.00084309
0.052369093	8.08419E-05	0.006643763	0.000842734
0.052434149	8.09377E-05	0.005174059	0.000842741
0.052499199	8.10336E-05	0.006084182	0.000843203
0.052564256	8.11295E-05	0.005558635	0.000841806
0.052629312	8.12254E-05	0.005276106	0.000842674
0.052694368	8.13213E-05	0.002590572	0.000842107
0.052759418	8.14172E-05	0.004026794	0.000842697
0.052824475	8.15131E-05	0.003094009	0.000842252
0.052889531	8.1609E-05	0.003349118	0.000842086
0.052954587	8.17049E-05	0.002484691	0.000841861
0.053019637	8.18008E-05	0.003221572	0.000842169
0.053084693	8.45021E-05	0.002119175	0.000842467
0.053149749	8.45063E-05	0.000864918	0.000841762
0.053214801	8.45166E-05	-0.000562928	0.000841383
0.053279845	8.4533E-05	0.001652568	0.000842141
0.053344893	8.45555E-05	0.000220022	0.000841449
0.053409938	8.45842E-05	0.000756503	0.000841204
0.05347498	8.46191E-05	-0.002476014	0.000840801
0.053540014	8.46602E-05	0.000789466	0.000841916
0.053605052	8.47074E-05	-0.000409004	0.000841387
0.053670087	8.47609E-05	-0.002152939	0.000841269
0.053735119	8.48206E-05	-0.000729092	0.000841439
0.053800149	8.48866E-05	0.000686325	0.000841878
0.05386517	8.49588E-05	0.000141635	0.00084129
0.053930195	8.50372E-05	-0.001670613	0.000840642
0.053995218	8.51219E-05	-0.00041354	0.000840868
0.054060238	8.52128E-05	0.001127678	0.000841119
0.054125249	8.531E-05	-0.000170046	0.000840866
0.054190264	8.54134E-05	-0.000466349	0.000840693
0.054255276	8.55231E-05	0.000178417	0.00084111
0.054320286	8.56391E-05	0.000843645	0.000842195
0.054385287	8.57613E-05	0.002775991	0.000841514
0.054450292	8.58898E-05	0.001096682	0.000841821
0.054515294	8.60244E-05	0.003433483	0.000841664
0.054580294	8.61654E-05	0.005251122	0.000841901
0.054645285	8.63125E-05	0.003854707	0.000841442
0.054710279	8.64659E-05	0.005458373	0.000841976
0.054775272	8.66254E-05	0.006864112	0.000842063
0.054840261	8.67912E-05	0.007071792	0.000842139
0.054905242	8.69631E-05	0.00610728	0.000841502
0.054970227	8.71412E-05	0.003856172	0.000841546
0.055035209	8.73254E-05	0.006884122	0.000841734
0.055100188	8.75158E-05	0.007859681	0.000842207
0.055165159	8.77123E-05	0.006750402	0.00084219
0.055230134	8.79148E-05	0.007042529	0.000841947
0.055295106	8.81235E-05	0.006862261	0.000841959
0.055360075	8.83381E-05	0.008137989	0.000841921
0.055425042	8.85589E-05	0.007344544	0.00084154
0.05549	8.87856E-05	0.006444852	0.000840915
0.055554962	8.90183E-05	0.006153374	0.000841946
0.055619922	8.92569E-05	0.009285104	0.000841862
0.055684879	8.95015E-05	0.007466068	0.000841146
0.055749827	8.97519E-05	0.003631174	0.000841903
0.055814779	9.00083E-05	0.004653548	0.000842026
0.055879728	9.02705E-05	0.00751594	0.000841692
0.055944675	9.05385E-05	0.006241696	0.000841415
0.056009613	9.08123E-05	0.002863635	0.000841038
0.056074555	9.10918E-05	0.003376936	0.000840809
0.056139494	9.13771E-05	0.003139954	0.000841173
0.056204431	9.16681E-05	0.00345847	0.000840599
0.056269359	9.19647E-05	0.000769448	0.000840516
0.05633429	9.22669E-05	0.002173499	0.000840701
0.05639922	9.25747E-05	0.002016348	0.000840385
0.056464146	9.28881E-05	-0.002069524	0.000839807
0.056529064	9.3207E-05	-0.00145656	0.000839617
0.056593986	9.35314E-05	-0.001429326	0.000840068
0.056658905	9.38613E-05	3.5057E-05	0.000839637
0.056723822	9.41965E-05	-0.001574954	0.000838862
0.056788729	9.45371E-05	-0.000861959	0.000839335
0.056853641	9.48831E-05	-0.002645321	0.000839714
0.05691855	9.52344E-05	-0.001401545	0.000839269
0.056983456	9.55909E-05	-0.004925445	0.000838965
0.05704836	9.59527E-05	-0.002296017	0.0008385
0.057113256	9.63196E-05	-0.001501982	0.000839074
0.057178155	9.66917E-05	-0.000953464	0.000838562
0.057243051	9.70689E-05	-0.003674675	0.000838722
0.057307945	9.74511E-05	-0.003245273	0.000838546
0.05737283	9.78384E-05	-0.000697465	0.000839072
0.057437719	9.82307E-05	0.000217243	0.000838998
0.057502605	9.86279E-05	-0.003108157	0.000838457
0.057567489	9.90301E-05	-0.002067684	0.000838404
0.057632364	9.94371E-05	0.000262786	0.000838916
0.057697243	9.9849E-05	-0.000798109	0.000838409
0.057762119	0.000100266	-0.00033173	0.000838886
0.057826993	0.000100687	-7.58106E-05	0.000838772
0.057891858	0.000101113	0.001451277	0.000838509
0.057956727	0.000101544	0.000545037	0.000838161
0.058021593	0.000101979	-0.000277433	0.000838227
0.058086457	0.000102419	0.000225702	0.000838576
0.058151312	0.000102864	0.002419734	0.000838089
0.05821617	0.000103313	0.002943507	0.00083853
0.058281026	0.000103767	0.002275949	0.000838755
0.05834588	0.000104225	0.002540593	0.000838531
0.058410725	0.000104687	0.003545909	0.00083814
0.058475573	0.000105154	0.004985733	0.000838354
0.058540419	0.000105625	0.003307277	0.000838034
0.058605263	0.0001061	0.001715365	0.00083813
0.058670104	0.00010658	0.003922452	0.000838313
0.058734936	0.000107064	0.002602625	0.000838075
0.058799772	0.000107552	0.00173088	0.000837289
0.058864606	0.000108044	0.003975224	0.000837966
0.058929436	0.00010854	0.004971713	0.000837685
0.058994259	0.00010904	0.002244274	0.000837683
0.059059085	0.000109545	0.001127672	0.000837213
0.059123908	0.000110053	0.002625233	0.000836969
0.059188729	0.000110565	0.002646698	0.000837682
0.059253541	0.000111081	-0.000442248	0.000837712
0.059318357	0.000111601	-0.001491419	0.000836942
0.05938317	0.000112125	-0.001281644	0.000836599
0.059447981	0.000112653	0.000789847	0.000837224
0.059512783	0.000113184	-0.002146545	0.000836127
0.059577588	0.000113719	-0.004129673	0.000836072
0.059642392	0.000114258	-0.003093119	0.000836173
0.059707192	0.000114801	-0.001399902	0.000836314
0.059771984	0.000115347	-0.002419058	0.00083584
0.05983678	0.000115897	-0.005182218	0.000835726
0.059901573	0.00011645	-0.004192723	0.000835907
0.059966364	0.000117007	-0.003339225	0.000836333
0.060031145	0.000117567	-0.004782538	0.000835724
0.060095931	0.000118131	-0.005550152	0.000834937
0.060160714	0.000118698	-0.00477085	0.000835151
0.060225495	0.000119269	-0.002545539	0.000835355
0.060290273	0.000119843	-0.004515395	0.000834883
0.060355042	0.00012042	-0.004933219	0.000834948
0.060419815	0.000121001	-0.004107118	0.000834927
0.060484585	0.000121585	-0.004216987	0.000835152
0.060549353	0.000122172	-0.007019276	0.000834966
0.060614112	0.000122763	-0.00509549	0.000834745
0.060678875	0.000123356	-0.002745092	0.000835124
0.060743636	0.000123953	-0.003008425	0.000835037
0.060808394	0.000124553	-0.003234569	0.00083467
0.060873143	0.000125156	-0.00328999	0.000835014
0.060937895	0.000125762	-0.001890064	0.000834777
0.061002646	0.000126371	-0.003034504	0.000834592
0.061067393	0.000126984	-0.003423313	0.000834022
0.061132133	0.000127599	-0.003034114	0.000834438
0.061196875	0.000128217	-0.001353826	0.00083515
0.061261615	0.000128838	0.001095632	0.000835371
0.061326353	0.000129462	-0.001662969	0.00083499
0.061391082	0.000130089	-0.000189486	0.000834655
0.061455815	0.000130719	0.000184003	0.00083498
0.061520545	0.000131351	0.002334877	0.000835241
0.061585273	0.000131987	0.000838656	0.000834557
0.061649991	0.000132625	0.001185026	0.000834746
0.061714714	0.000133266	0.000519724	0.000834351
0.061779434	0.00013391	0.002253028	0.000835294
0.061844152	0.000134556	0.000310266	0.000834229
0.061908867	0.000135205	0.00198443	0.000834126
0.061973573	0.000135857	0.002652185	0.00083483
0.062038283	0.000136512	0.003488605	0.000834393
0.06210299	0.000137169	-0.001961804	0.00083395
0.062167695	0.000137828	-0.000899037	0.000833725
0.062232391	0.000138491	-1.81978E-05	0.000833362
0.062297091	0.000139156	-0.000345144	0.000833419
0.062361789	0.000139823	-0.002296421	0.000833192
0.062426484	0.000140493	-0.002822756	0.000833327
0.06249117	0.000141165	-0.000163611	0.000833251
0.06255586	0.00014184	-0.001316654	0.000833328
0.062620547	0.000142518	-0.003231509	0.000833591
0.062685232	0.000143198	-0.00553714	0.000832627
0.062749908	0.00014388	-0.001452394	0.000832494
0.062814587	0.000144564	-0.003808147	0.000832531
0.062879265	0.000145252	-0.003625484	0.000832056
0.062943939	0.000145941	-0.003817088	0.000832486
0.063008605	0.000146633	-0.003237476	0.000832469
0.063073275	0.000147327	-0.003498825	0.000832076
0.063137942	0.000148023	-0.005300041	0.00083227
0.063202607	0.000148722	-0.006248312	0.000832118
0.063267263	0.000149423	-0.004438785	0.000831816
0.063331922	0.000150126	-0.004303396	0.000831881
0.063396579	0.000150831	-0.006702578	0.000831191
0.063461241	0.000153816	-0.006903898	0.000831575
0.063525938	0.00015382	-0.00557673	0.000831634
0.063590646	0.000153828	-0.006859271	0.000831648
0.063655379	0.000153842	-0.007297415	0.000831118
0.063720128	0.00015386	-0.005878231	0.00083071
0.063784896	0.000153883	-0.004649203	0.00083129
0.063849675	0.000153911	-0.003976415	0.000831416
0.063914478	0.000153944	-0.006398654	0.000830335
0.063979299	0.000153982	-0.005068893	0.000831204
0.064044137	0.000154026	-0.002013121	0.000831476
0.064108987	0.000154074	-0.002021929	0.000831328
0.064173861	0.000154127	-0.00243783	0.000831188
0.064238752	0.000154185	-0.004079	0.000831126
0.064303661	0.000154248	-0.000124387	0.000831945
0.064368582	0.000154316	-0.000536764	0.000831495
0.064433526	0.00015439	-0.002306477	0.000831155
0.064498488	0.000154468	0.000338014	0.000831544
0.064563468	0.000154551	0.000891548	0.000831853
0.06462846	0.00015464	-8.80724E-05	0.000831512
0.064693475	0.000154733	-0.000486706	0.000831156
0.064758507	0.000154832	9.77291E-05	0.000831597
0.064823558	0.000154935	0.001866407	0.000831481
0.06488862	0.000155044	0.003242835	0.000831723
0.064953706	0.000155158	0.001285284	0.000831242
0.065018809	0.000155277	0.002103718	0.000831995
0.065083931	0.000155401	0.004205052	0.000831514
0.065149069	0.00015553	0.001697871	0.000831181
0.06521422	0.000155665	0.001021773	0.000830798
0.065279394	0.000155804	0.002002308	0.000831394
0.065344586	0.000155949	0.00232087	0.000831701
0.065409796	0.000156098	0.001117451	0.000831196
0.065475017	0.000156253	0.000459948	0.000830853
0.065540262	0.000156413	0.001416313	0.000830953
0.065605524	0.000156578	0.003722782	0.000831363
0.065670805	0.000156748	0.001207244	0.000830628
0.065736096	0.000156923	-0.000459571	0.000831087
0.065801412	0.000157103	0.001176117	0.000831005
0.065866746	0.000157289	0.002699027	0.000830742
0.065932097	0.000157479	-0.002688511	0.000830383
0.065997459	0.000157675	-0.000309854	0.000830328
0.066062845	0.000157875	-0.00063105	0.000830331
0.06612825	0.000158081	-0.000296358	0.000830676
0.066193671	0.000158292	-0.003195304	0.000830556
0.066259105	0.000158508	-0.003517581	0.000829849
0.066324562	0.000158729	-0.002813269	0.000829853
0.066390036	0.000158955	-0.002348337	0.00082991
0.066455529	0.000159186	-0.004396485	0.000829654
0.066521033	0.000159422	-0.004925193	0.000829842
0.066586561	0.000159663	-0.003006612	0.000829622
0.066652106	0.00015991	-0.002755691	0.000830172
0.066717669	0.000160161	-0.002811551	0.000829344
0.06678325	0.000160417	-0.005838027	0.000828861
0.066848843	0.000160678	-0.003603308	0.000829854
0.066914459	0.000160945	-0.002881151	0.000829897
0.066980093	0.000161216	-0.002604232	0.000829414
0.067045744	0.000161492	-0.003096141	0.000829426
0.067111407	0.000161774	-0.002048913	0.000829412
0.067177094	0.00016206	-0.002063489	0.000829828
0.067242799	0.000162351	-0.004299801	0.000829288
0.067308521	0.000162647	-0.001317569	0.000829602
0.067374255	0.000162948	-0.001105149	0.000829618
0.067440013	0.000163254	0.000377787	0.000829784
0.067505788	0.000163565	-0.001560772	0.0008292
0.067571581	0.00016388	0.000223919	0.000829578
0.067637385	0.000164201	0.001260915	0.000830236
0.067703214	0.000164526	0.000576844	0.000829708
0.06776906	0.000164857	0.002578956	0.000830104
0.067834923	0.000165192	0.002628574	0.000830021
0.067900799	0.000165532	0.004343771	0.000830299
0.067966698	0.000165876	0.003563927	0.00083039
0.068032614	0.000166226	0.00347778	0.000830395
0.068098549	0.00016658	0.007739606	0.000830579
0.068164495	0.000166939	0.004739587	0.000830454
0.068230465	0.000167303	0.005189143	0.000830472
0.068296452	0.000167671	0.004410173	0.000830001
0.068362457	0.000168044	0.0050335	0.000830265
0.06842848	0.000168422	0.006804037	0.000830717
0.068494514	0.000168805	0.005630543	0.000830599
0.068560572	0.000169192	0.005969675	0.000830381
0.068626648	0.000169584	0.00742238	0.000830218
0.068692742	0.00016998	0.004851085	0.000830127
0.068758847	0.000170381	0.00619765	0.000830491
0.068824976	0.000170787	0.005717339	0.000830031
0.068891122	0.000171197	0.003393719	0.000829836
0.068957287	0.000171612	0.005433708	0.000830367
0.069023462	0.000172031	0.005125544	0.000830462
0.069089662	0.000172455	0.00331299	0.000830041
0.069155879	0.000172883	0.005620442	0.000830452
0.069222114	0.000173315	0.005531798	0.000830765
0.069288361	0.000173753	0.003440038	0.000830061
0.069354631	0.000174194	0.002381824	0.000829363
0.069420919	0.00017464	0.001676359	0.000829613
0.069487225	0.000175091	0.002327922	0.0008295
0.069553542	0.000175545	0.00129601	0.000829551
0.069619883	0.000176004	0.000626039	0.000829116
0.069686242	0.000176468	0.000431421	0.000828632
0.069752618	0.000176936	0.001516643	0.000828952
0.069819006	0.000177408	-0.000625696	0.000829006
0.069885417	0.000177884	-0.000756244	0.000828531
0.069951847	0.000178364	-0.000797365	0.000829014
0.070018294	0.000178849	-0.000268712	0.000828827
0.070084759	0.000179338	0.000449637	0.000828925
0.070151235	0.000179831	-0.001226413	0.000829036
0.070217735	0.000180329	0.000711479	0.000828604
0.070284253	0.00018083	0.001847071	0.000829096
0.070350789	0.000181336	-0.000214577	0.000828945
0.070417335	0.000181846	0.000996762	0.000829031
0.070483906	0.00018236	0.00249478	0.000829291
0.070550495	0.000182877	0.003150673	0.000829125
0.070617101	0.000183399	0.002522601	0.000829477
0.070683719	0.000183925	0.001648231	0.000829172
0.07075036	0.000184455	0.005364847	0.000829593
0.07081702	0.000184989	0.006528346	0.000829256
0.070883697	0.000185527	0.002948353	0.00082951
0.070950385	0.000186069	0.003789486	0.000829174
0.071017097	0.000186615	0.00672545	0.000829487
0.071083827	0.000187165	0.007606388	0.000829486
0.071150575	0.000187718	0.007463559	0.000830243
0.071217334	0.000188275	0.007234682	0.00082957
0.071284117	0.000188837	0.010348578	0.000829934
0.071350918	0.000189402	0.009885346	0.000830385
0.071417736	0.000189971	0.007740214	0.000829707
0.071484566	0.000190543	0.007105154	0.000829295
0.071551419	0.00019112	0.009593373	0.000829955
0.071618291	0.0001917	0.008761242	0.000829565
0.07168518	0.000192284	0.007846546	0.000829434
0.071752087	0.000192871	0.006867192	0.000829601
0.071819005	0.000193463	0.009735864	0.000830172
0.071885947	0.000194057	0.0091536	0.000830545
0.071952907	0.000194656	0.00959489	0.000830108
0.072019884	0.000195258	0.005988844	0.000829602
0.072086873	0.000195864	0.008391012	0.000829444
0.072153886	0.000196473	0.007962818	0.000829923
0.072220917	0.000197086	0.005978584	0.000829966
0.072287965	0.000197702	0.006174155	0.000828819
0.072355024	0.000198322	0.006694263	0.000828741
0.072422108	0.000198946	0.003888984	0.00082855
0.072489209	0.000199572	0.001697543	0.000828581
0.072556328	0.000200203	0.001229053	0.000828425
0.072623458	0.000200836	0.004511973	0.000828915
0.072690613	0.000201474	0.001064339	0.000827972
0.072757785	0.000202114	0.001228771	0.000828019
0.072824974	0.000202758	-0.000250281	0.000827903
0.072892175	0.000203405	0.001721472	0.000827551
0.0729594	0.000204056	-0.001310483	0.00082757
0.073026643	0.00020471	-0.002597359	0.000827587
0.073093903	0.000205367	-0.003276535	0.000827215
0.073161175	0.000206028	-4.79602E-05	0.000827672
0.07322847	0.000206691	-0.001069585	0.000827062
0.073295784	0.000207358	-0.002748722	0.000827583
0.073363115	0.000208029	-0.003248786	0.000826693
0.073430464	0.000208702	-0.000122832	0.000826708
0.073497824	0.000209379	-0.002267619	0.000827073
0.073565208	0.000210058	-0.001710892	0.000826413
0.07363261	0.000210741	-0.003612232	0.000826372
0.073700029	0.000211427	-0.000488049	0.000826286
0.07376746	0.000212117	-0.001333502	0.000826676
0.073834918	0.000214329	-0.000299301	0.000826619
0.073902409	0.000214333	0.000407131	0.000826874
0.073969895	0.000214341	4.1631E-05	0.00082625
0.07403737	0.000214355	0.000344246	0.000826359
0.074104847	0.000214374	0.001997486	0.000826261
0.07417232	0.000214399	0.000949896	0.000826476
0.074239789	0.000214429	0.002946886	0.00082702
0.074307247	0.000214464	0.002768291	0.000826426
0.074374708	0.000214505	0.001707243	0.000826396
0.074442164	0.000214551	0.004730915	0.000827046
0.074509616	0.000214602	0.005069001	0.000826373
0.074577057	0.000214659	0.005005731	0.000826363
0.0746445	0.000214721	0.003742336	0.000826663
0.074711939	0.000214788	0.005183876	0.000826553
0.074779374	0.000214861	0.00599797	0.00082715
0.074846798	0.00021494	0.00645992	0.000826195
0.074914224	0.000215024	0.005484674	0.000826057
0.074981646	0.000215113	0.006562154	0.000826332
0.075049063	0.000215208	0.006980764	0.00082642
0.075116477	0.000215308	0.006485891	0.00082628
0.07518388	0.000215414	0.004803466	0.000826391
0.075251284	0.000215525	0.006331721	0.000825972
0.075318685	0.000215642	0.006737091	0.000826018
0.075386081	0.000215764	0.004039881	0.000825259
0.075453467	0.000215892	0.002147273	0.000825358
0.075520855	0.000216025	0.005772155	0.000825519
0.075588238	0.000216163	0.003598945	0.00082549
0.075655617	0.000216307	0.004735495	0.000825472
0.075722986	0.000216457	0.001314302	0.000824479
0.075790356	0.000216612	0.003635368	0.000825114
0.075857723	0.000216773	0.004115425	0.000825211
0.075925085	0.000216939	0.001113122	0.00082501
0.075992436	0.000217111	0.00116334	0.000824676
0.07605979	0.000217288	0.001805581	0.000824518
0.076127139	0.000217471	0.001200932	0.000824401
0.076194484	0.000217659	-0.000887136	0.000824026
0.076261819	0.000217853	-0.001275523	0.000823523
0.076329155	0.000218052	-0.00130192	0.00082404
0.076396488	0.000218257	-0.001968046	0.000824115
0.076463816	0.000218467	-0.002181852	0.000824202
0.076531133	0.000218683	-0.003646087	0.000823286
0.076598452	0.000218904	-0.001803343	0.000823659
0.076665768	0.000219131	-0.003372372	0.000823711
0.076733078	0.000219363	-0.002679747	0.000823118
0.076800385	0.000219601	-0.00201703	0.000823746
0.076867681	0.000219844	-0.001199349	0.000823174
0.076934979	0.000220093	-0.000923232	0.000823198
0.077002273	0.000220347	-0.002040217	0.00082316
0.077069563	0.000220607	-0.000721982	0.000822969
0.077136841	0.000220872	-0.000521781	0.000823442
0.077204122	0.000221143	-0.000973053	0.000823029
0.077271399	0.000221419	-0.000809247	0.000822675
0.077338672	0.0002217	-0.001450543	0.000823234
0.077405933	0.000221987	0.002293697	0.000822951
0.077473197	0.00022228	0.003427313	0.000823333
0.077540457	0.000222578	5.65643E-05	0.000822973
0.077607713	0.000222881	0.001363408	0.000823042
0.077674957	0.00022319	0.003893788	0.000823488
0.077742204	0.000223504	0.00218038	0.000822873
0.077809447	0.000223824	0.001941963	0.000823175
0.077876685	0.000224148	0.003111738	0.000823082
0.077943913	0.000224479	0.005973131	0.000823422
0.078011143	0.000224814	0.006566554	0.000823498
0.078078368	0.000225156	0.004696102	0.000822676
0.078145589	0.000225502	0.003955168	0.000823097
0.0782128	0.000225854	0.00648968	0.000823346
0.078280013	0.000226211	0.006775733	0.000822811
0.078347221	0.000226573	0.005756105	0.000823007
0.078414425	0.000226941	0.006400013	0.000823151
0.078481625	0.000227314	0.006159751	0.000823052
0.078548814	0.000227692	0.007118128	0.000823047
0.078616006	0.000228076	0.005642206	0.000822929
0.078683193	0.000228464	0.004557343	0.000822614
0.078750376	0.000228858	0.006475324	0.000823103
0.078817548	0.000229258	0.005275513	0.000822709
0.078884722	0.000229662	0.004646442	0.000822808
0.078951892	0.000230072	0.004594162	0.00082244
0.079019058	0.000230487	0.006543991	0.000822154
0.079086213	0.000230907	0.005798556	0.000821775
0.07915337	0.000231332	0.003496188	0.000821485
0.079220523	0.000231762	0.003410411	0.00082209
0.079287672	0.000232198	0.005862833	0.000821985
0.07935481	0.000232638	0.003773448	0.000821709
0.07942195	0.000233084	0.001625529	0.000821524
0.079489086	0.000233535	0.002353357	0.000821461
0.079556217	0.00023399	0.002843144	0.0008215
0.079623338	0.000234451	0.003244216	0.000821245
0.079690461	0.000234917	0.002164082	0.000820932
0.07975758	0.000235388	0.002565869	0.000821076
0.079824695	0.000235864	0.004425654	0.000821394
0.079891799	0.000236345	0.003294348	0.000821213
0.079958905	0.000236831	0.000734757	0.000820943
0.080026006	0.000237322	-0.00079379	0.000821019
0.080093104	0.000237818	0.003480647	0.000820645
0.080160197	0.000238318	0.003702554	0.000821054
0.080227279	0.000238824	0.003317042	0.000820599
0.080294364	0.000239334	0.004259017	0.00082075
0.080361444	0.00023985	0.005635974	0.000821227
0.080428521	0.00024037	0.004732915	0.000821199
0.080495586	0.000240895	0.005279796	0.000820502
0.080562654	0.000241425	0.006434081	0.00082057
0.080629717	0.000241959	0.008159162	0.00082128
0.080696776	0.000242499	0.007915162	0.000821535
0.080763824	0.000243043	0.008351194	0.000821409
0.080830875	0.000243592	0.01183233	0.000821364
0.080897921	0.000244145	0.011017917	0.000821075
0.080964963	0.000244703	0.010766717	0.000821486
0.081031994	0.000245266	0.013408112	0.000821424
0.081099028	0.000245834	0.015825488	0.000822015
0.081166057	0.000246406	0.017273043	0.000822213
0.081233082	0.000246983	0.017685728	0.000822104
0.081300096	0.000247565	0.019026568	0.000822423
0.081367112	0.000248151	0.020813319	0.000822462
0.081434124	0.000248741	0.021687908	0.000822469
0.081501132	0.000249337	0.020906192	0.000822556
0.081568129	0.000249936	0.022813096	0.000822674
0.081635128	0.00025054	0.025018209	0.000822863
0.081702123	0.000251149	0.026526756	0.000823036
0.081769114	0.000251762	0.027819167	0.000822937
0.0818361	0.00025238	0.025072406	0.000822931
0.081903076	0.000253002	0.029704433	0.000823645
0.081970054	0.000253628	0.030715438	0.000823933
0.082037028	0.000254259	0.031090728	0.000823799
0.082103997	0.000254894	0.029856339	0.000823395
0.082170956	0.000255534	0.034732913	0.000824236
0.082237917	0.000256178	0.035234965	0.000824695
0.082304873	0.000256826	0.035472214	0.000824597
0.082371826	0.000257478	0.03534601	0.000824831
0.082438767	0.000258135	0.037388295	0.000825099
0.082505711	0.000258796	0.039120752	0.000825098
0.08257265	0.000259461	0.038395846	0.000824621
0.082639586	0.000260131	0.039682965	0.000825056
0.08270651	0.000260804	0.042656066	0.000825112
0.082773437	0.000261482	0.042098385	0.00082541
0.082840359	0.000262164	0.04273794	0.000825894
0.082907277	0.00026285	0.044276831	0.000825449
0.082974185	0.00026354	0.047853227	0.000826499
0.083041094	0.000264235	0.048795807	0.000826484
0.083108	0.000264933	0.051372015	0.000826971
0.083174901	0.000265635	0.05221897	0.000827336
0.083241791	0.000266342	0.058126387	0.000827601
0.083308684	0.000267052	0.060572279	0.000828408
0.083375572	0.000267767	0.061405881	0.000828259
0.083442456	0.000268485	0.063733359	0.00082883
0.083509336	0.000269207	0.066865971	0.000828637
0.083576205	0.000269934	0.070192271	0.000830104
0.083643076	0.000270664	0.071717112	0.000830715
0.083709943	0.000271398	0.07521519	0.000830912
0.083776806	0.000272136	0.082360317	0.000831899
0.083843658	0.000272878	0.083858301	0.000832333
0.083910512	0.000273623	0.085763338	0.000833341
0.083977361	0.000274373	0.093816664	0.000833905
0.084044207	0.000275126	0.097125911	0.000834348
0.084111042	0.000275883	0.100213599	0.00083533
0.084177879	0.000276644	0.105791098	0.000836412
0.084244716	0.000278093	0.10911298	0.00083723
0.084311548	0.000278099	0.116650934	0.000838811
0.084378365	0.000278109	0.121420296	0.000839125
0.08444518	0.000278125	0.125752599	0.000840361
0.084511986	0.000278146	0.130887987	0.000840782
0.084578783	0.000278171	0.137850228	0.000842906
0.084645565	0.000278202	0.143365898	0.000843746
0.084712344	0.000278238	0.144991701	0.000844341
0.084779115	0.000278278	0.156654777	0.000846474
0.084845878	0.000278324	0.165720937	0.00084792
0.084912625	0.000278375	0.17022053	0.000849304
0.084979369	0.000278431	0.176649915	0.000850587
0.085046106	0.000278492	0.18436544	0.000852004
0.085112833	0.000278558	0.18955534	0.00085327
0.085179552	0.000278629	0.195714343	0.000854926
0.085246255	0.000278705	0.202159664	0.000855763
0.085312956	0.000278786	0.215715588	0.000859028
0.085379649	0.000278873	0.220607631	0.000860678
0.085446333	0.000278964	0.228011708	0.000862233
0.085513001	0.000279061	0.23521142	0.000863843
0.085579668	0.000279163	0.246308052	0.0008664
0.085646325	0.00027927	0.254311088	0.000868304
0.085712974	0.000279382	0.261620255	0.000870288
0.085779608	0.000279499	0.270057049	0.000872436
0.08584624	0.000279621	0.282238876	0.000875479
0.085912862	0.000279749	0.295006978	0.00087851
0.085979476	0.000279881	0.300832093	0.000880249
0.086046075	0.000280019	0.311632817	0.000883417
0.086112672	0.000280162	0.321882891	0.000885958
0.08617926	0.00028031	0.332791692	0.000888775
0.086245839	0.000280464	0.344064542	0.000891687
0.086312403	0.000280622	0.354112085	0.000895004
0.086378965	0.000280786	0.369861362	0.00089999
0.086445518	0.000280955	0.382297215	0.000903049
0.086512062	0.000281129	0.394068896	0.000906838
0.086578592	0.000281308	0.405659309	0.000911013
0.086645119	0.000281492	0.420147914	0.000915701
0.086711637	0.000281682	0.433061069	0.000919427
0.086778146	0.000281877	0.444926581	0.000923523
0.086844647	0.000282077	0.461898456	0.000929892
0.086911133	0.000282282	0.477926087	0.000934952
0.086977616	0.000282492	0.494767334	0.000940765
0.087044091	0.000282708	0.507988982	0.000945719
0.087110556	0.000282928	0.525764719	0.000952665
0.087177007	0.000283154	0.543809959	0.000959569
0.087243456	0.000283385	0.560208116	0.000965703
0.087309895	0.000283622	0.574093039	0.000971791
0.087376326	0.000283863	0.59636466	0.000981108
0.087442742	0.00028411	0.616208952	0.000989934
0.087509156	0.000284362	0.632977538	0.000997698
0.087575561	0.000284619	0.656497468	0.001008379
0.087641957	0.000284881	0.67181669	0.001016239
0.087708338	0.000285148	0.693203915	0.001026343
0.087774717	0.000285421	0.711453118	0.001035068
0.087841087	0.000285699	0.730206546	0.00104438
0.087907448	0.000285982	0.756502975	0.001059362
0.087973794	0.00028627	0.782100401	0.001073065
0.088040138	0.000286563	0.805093746	0.001086825
0.088106473	0.000286861	0.824437372	0.001098462
0.0881728	0.000287165	0.846706498	0.001112174
0.088239111	0.000287473	0.869605881	0.001126116
0.08830542	0.000287787	0.891579886	0.001141154
0.08837172	0.000288106	0.912800135	0.00115531
0.088438012	0.00028843	0.944075065	0.001178097
0.088504295	0.000288759	0.97463964	0.001199377
0.088570562	0.000289094	0.993177207	0.001213755
0.088636828	0.000289433	1.017063692	0.001231694
0.088703084	0.000289778	1.045262921	0.001255635
0.088769332	0.000290127	1.067222271	0.001272078
0.088835565	0.000290482	1.098125776	0.001299901
0.088901796	0.000290842	1.125917423	0.001324443
0.088968018	0.000291207	1.156316974	0.001352813
0.089034231	0.000291577	1.180988476	0.001376355
0.089100429	0.000291952	1.211196665	0.001406103
0.089166625	0.000292332	1.230905856	0.001427515
0.089232811	0.000292717	1.265002446	0.001462981
0.08929899	0.000293107	1.290823972	0.001491101
0.089365153	0.000293502	1.32120116	0.001526567
0.089431314	0.000293903	1.350410495	0.001561216
0.089497466	0.000294308	1.390885594	0.001610675
0.089563609	0.000294718	1.412911869	0.001640632
0.089629738	0.000295133	1.439836849	0.001676479
0.089695863	0.000295553	1.477673643	0.001728156
0.089761981	0.000295979	1.502439327	0.00176285
0.089828089	0.000296409	1.531068515	0.001804666
0.089894183	0.000296844	1.563850991	0.001855298
0.089960274	0.000297284	1.605800751	0.001921662
0.090026356	0.000297729	1.646793679	0.001991194
0.09009243	0.000298179	1.676911241	0.002042538
0.090158495	0.000298633	1.708794793	0.002099196
0.090224545	0.000299093	1.738247071	0.002156005
0.090290592	0.000299558	1.777800736	0.002230813
0.090356631	0.000300027	1.806621254	0.002289534
0.090422661	0.000300501	1.840032721	0.002360322
0.090488676	0.000300981	1.89023666	0.002469054
0.090554688	0.000301465	1.929005156	0.002558588
0.090620692	0.000301953	1.961088874	0.00263529
0.090686688	0.000302447	1.998569849	0.002726555
0.090752668	0.000302946	2.038707856	0.002829006
0.090818646	0.000303449	2.069992941	0.002914721
0.090884615	0.000303957	2.099292533	0.002993459
0.090950575	0.00030447	2.147737525	0.003134108
0.09101652	0.000304987	2.17444508	0.003213313
0.091082463	0.000305509	2.238977433	0.003415553
0.091148397	0.000306037	2.275778862	0.003541545
0.091214323	0.000306568	2.309671224	0.003655961
0.091280233	0.000307105	2.328761244	0.003720766
0.091346141	0.000307646	2.371755187	0.003880028
0.09141204	0.000308192	2.41523264	0.004043692
0.091477931	0.000308742	2.478078997	0.004295169
0.091543807	0.000309297	2.484645152	0.004323044
0.09160968	0.000309857	2.549113227	0.004602861
0.091675544	0.000310421	2.580235659	0.004742379
0.0917414	0.00031099	2.616993944	0.004919051
0.091807247	0.000311564	2.650424477	0.005079582
0.091873079	0.000312142	2.699855828	0.005336318
0.091938909	0.000312725	2.719855983	0.005435217
0.092004729	0.000313312	2.747440501	0.005584761
0.092070542	0.000313904	2.831913004	0.006069877
0.092136339	0.0003145	2.847154798	0.006159469
0.092202133	0.000315101	2.90736651	0.006538247
0.092267919	0.000315706	2.925953204	0.006657742
0.092333697	0.000316316	2.943401987	0.006766547
0.092399459	0.00031693	2.990690407	0.00709573
0.092465219	0.000317549	3.017417021	0.007282596
0.09253097	0.000318172	3.082485794	0.007769356
0.092596712	0.000318799	3.105068078	0.00794006
0.09266244	0.000319431	3.165262455	0.008425224
0.092728165	0.000320068	3.171780499	0.008475139
0.092793881	0.000320708	3.212827567	0.008836338
0.092859589	0.000321353	3.232282224	0.009002231
0.092925281	0.000322003	3.242200536	0.009087624
0.092990971	0.000322656	3.262360531	0.009276534
0.093056653	0.000323315	3.324269802	0.009862987
0.093122325	0.000323977	3.378662264	0.010414417
0.093187983	0.000324643	3.46523237	0.011338462
0.093253638	0.000325314	3.468481603	0.0113821
0.093319285	0.000325989	3.473474212	0.011428961
0.093384923	0.000326669	3.442251418	0.01109586
0.093450552	0.000327352	3.5093374	0.01185125
0.093516166	0.00032804	3.520151245	0.011975297
0.093581777	0.000328732	3.642155755	0.01352388
0.09364738	0.000329428	3.637353152	0.013460331
0.093712975	0.000330128	3.681433935	0.014054923
0.093778554	0.000330833	3.660918795	0.013782641
0.093844131	0.000331541	3.69328766	0.014227742
0.093909699	0.000332254	3.664554214	0.01381868
0.093975258	0.00033297	3.671665388	0.013918733
0.094040803	0.000333691	3.780048096	0.015498096
0.094106344	0.000334416	3.795357179	0.015750084
0.094171878	0.000335145	3.878212739	0.017111133
0.094237402	0.000335878	3.912802127	0.017695905
0.094302912	0.000336615	3.829241996	0.016287408
0.094368419	0.000337356	3.827346306	0.016244311
0.094433917	0.0003381	3.832942796	0.016336493
0.094499407	0.000338849	3.85397521	0.016671516
0.094564881	0.000339602	3.874190915	0.017016341
0.094630389	0.000340701	3.9191329	0.017806253
0.09469592	0.000340708	4.021628326	0.019707848
0.094761468	0.00034072	3.967375563	0.01867793
0.094827026	0.000340737	3.901724878	0.017484578
0.094892607	0.000340759	3.926529983	0.017921873
0.094958205	0.000340786	3.859848615	0.01676907
0.095023821	0.000340818	3.860101931	0.016769921
0.095089453	0.000340856	3.877231656	0.017067183
0.095155096	0.000340899	3.962065446	0.018561844
0.095220762	0.000340946	3.974831736	0.018804146
0.095286444	0.000340999	4.00215305	0.019313773
0.095352144	0.000341058	3.901820663	0.017484925
0.095417855	0.000341121	3.992404286	0.019121912
0.095483588	0.00034119	3.793248634	0.01567417
0.095549339	0.000341263	3.749944499	0.015016966
0.095615106	0.000341342	3.85561954	0.016676985
0.095680885	0.000341426	3.908492262	0.017594164
0.095746686	0.000341516	3.809622784	0.015934677
0.095812504	0.000341611	3.867594354	0.016874019
0.095878339	0.000341711	3.759054181	0.015139104
0.095944185	0.000341816	3.751246776	0.015020559
0.096010054	0.000341926	3.669878773	0.013858918
0.09607594	0.000342042	3.649157909	0.013566399
0.096141843	0.000342163	3.753842274	0.015059865
0.096207756	0.000342289	3.709917737	0.01441671
0.096273693	0.00034242	3.653509668	0.013629832
0.096339647	0.000342557	3.645101766	0.013504179
0.096405617	0.000342699	3.595987275	0.012867716
0.096471598	0.000342847	3.528853657	0.012033636
0.096537603	0.000342999	3.525899895	0.011985783
0.096603624	0.000343157	3.522225795	0.011936976
0.096669662	0.00034332	3.448869836	0.011106326
0.096735717	0.000343489	3.42382181	0.010834566
0.096801783	0.000343663	3.466401508	0.011302361
0.096867872	0.000343842	3.392606711	0.010499669
0.096933978	0.000344026	3.313688311	0.009705226
0.097000101	0.000344216	3.275603312	0.009344182
0.097066234	0.000344411	3.232634029	0.008953441
0.097132391	0.000344611	3.205982645	0.0087234
0.097198564	0.000344817	3.191439465	0.008594374
0.097264755	0.000345028	3.202452345	0.008685131
0.097330956	0.000345244	3.137819759	0.008147304
0.09739718	0.000345466	3.110045588	0.007924737
0.097463422	0.000345693	3.067276703	0.007593248
0.09752968	0.000345925	3.011782551	0.007189158
0.097595949	0.000346163	2.961944837	0.006842773
0.097662241	0.000346406	2.96249971	0.006850433
0.097728549	0.000346654	2.931389643	0.006640061
0.097794875	0.000346908	2.909685887	0.006499523
0.097861212	0.000347166	2.85572367	0.006163569
0.097927571	0.000347431	2.837843263	0.006055234
0.097993948	0.0003477	2.773137629	0.005680035
0.098060342	0.000347975	2.713554233	0.005359103
0.098126746	0.000348255	2.69621881	0.005268161
0.098193173	0.00034854	2.666452283	0.005113267
0.098259617	0.000348831	2.625779049	0.004917555
0.098326079	0.000349127	2.591593218	0.004755919
0.098392557	0.000349429	2.551792841	0.004573182
0.098459045	0.000349735	2.504162491	0.004365797
0.098525557	0.000350047	2.475143769	0.004242179
0.098592086	0.000350364	2.429678698	0.004061436
0.098658632	0.000350687	2.382277672	0.003878766
0.098725189	0.000351015	2.347357503	0.003751519
0.098791768	0.000351348	2.310246832	0.003619903
0.098858365	0.000351686	2.271794698	0.003489758
0.098924978	0.000352029	2.252693309	0.003427397
0.098991602	0.000352378	2.172959688	0.003175662
0.09905825	0.000352732	2.145914297	0.003096775
0.099124914	0.000353092	2.098485336	0.00295943
0.099191595	0.000353456	2.072569942	0.002889027
0.099258287	0.000353826	2.03698793	0.002796212
0.099325002	0.000354201	1.993635602	0.002684818
0.099391734	0.000354582	1.967732191	0.002621559
0.099458483	0.000354967	1.919380241	0.002505443
0.099525242	0.000355358	1.875374551	0.002407472
0.099592025	0.000355754	1.832896389	0.002317944
0.099658824	0.000356155	1.798960774	0.002247553
0.099725641	0.000356561	1.774300103	0.002198129
0.099792468	0.000356973	1.740392881	0.002134717
0.099859318	0.00035739	1.703012177	0.002064262
0.099926186	0.000357812	1.663881936	0.001995388
0.09999307	0.000358239	1.633500176	0.001943878
0.100059971	0.000358671	1.589710565	0.00187275
0.100126883	0.000359108	1.553463367	0.001816679
0.100193818	0.000359551	1.533468619	0.00178586
0.100260769	0.000359999	1.498659906	0.001734414
0.100327738	0.000360451	1.469772073	0.001693722
0.100394718	0.000360909	1.438698491	0.001652136
0.10046172	0.000361372	1.39963692	0.001602092
0.10052874	0.00036184	1.372763247	0.001567906
0.100595776	0.000362314	1.333623605	0.001521159
0.100662823	0.000362792	1.303728105	0.001485191
0.100729894	0.000363275	1.279688691	0.001459593
0.100796981	0.000363764	1.254372835	0.001432004
0.100864085	0.000364257	1.230944841	0.001406946
0.1009312	0.000364756	1.196537928	0.00137211
0.100998338	0.000365259	1.169409598	0.001346675
0.101065493	0.000365768	1.140445219	0.001319212
0.101132665	0.000366281	1.113472679	0.001294943
0.101199847	0.0003668	1.083993128	0.001269966
0.101267053	0.000367323	1.059658883	0.001248369
0.101334275	0.000367852	1.040398599	0.001232623
0.101401515	0.000368385	1.013708343	0.00121285
0.101468765	0.000368924	0.981893937	0.001188246
0.101536038	0.000369467	0.958601382	0.001170768
0.101603329	0.000370015	0.929959715	0.001150432
0.101670636	0.000370569	0.906618896	0.001133985
0.10173796	0.000371127	0.881332848	0.001117904
0.101805294	0.00037169	0.858979122	0.001102816
0.101872652	0.000372258	0.839661352	0.001091732
0.101940027	0.000372831	0.817469924	0.001077661
0.102007419	0.000373408	0.788454082	0.001061007
0.102074821	0.000373991	0.766984381	0.00104901
0.102142247	0.000374578	0.748407557	0.001039207
0.10220969	0.00037517	0.72624509	0.001027407
0.102277149	0.000375767	0.700787409	0.001014047
0.102344619	0.000376369	0.682727985	0.001005358
0.102412113	0.000376976	0.669212357	0.00099866
0.102479623	0.000377587	0.646080473	0.000988827
0.10254715	0.000378203	0.626364282	0.000979492
0.102614688	0.000378824	0.609539156	0.000971561
0.102682249	0.000379449	0.590340545	0.000963254
0.102749827	0.00038008	0.569974714	0.00095523
0.102817421	0.000380715	0.551772441	0.000948155
0.102885027	0.000381354	0.535242109	0.000941072
0.102952655	0.000381999	0.521783613	0.000936353
0.103020301	0.000382648	0.504368902	0.000930508
0.103087964	0.000383301	0.484678974	0.000922819
0.103155637	0.00038396	0.470195561	0.00091768
0.103223333	0.000384623	0.455247709	0.000912411
0.103291046	0.00038529	0.438993266	0.000906257
0.103358776	0.000385962	0.42469107	0.000902206
0.103426524	0.000386639	0.410918439	0.000897479
0.103494281	0.000387321	0.400493486	0.000894721
0.103562062	0.000388006	0.385758911	0.000889591
0.10362986	0.000388697	0.372813839	0.00088606
0.103697675	0.000389392	0.359933739	0.00088293
0.1037655	0.000390091	0.347760512	0.000878783
0.103833349	0.000390795	0.333668204	0.000874928
0.103901214	0.000391504	0.324172705	0.00087184
0.103969097	0.000392217	0.313748494	0.000869696
0.10403699	0.000392934	0.304314264	0.000866755
0.104104906	0.000393656	0.292878299	0.000863716
0.104172839	0.000394382	0.283257691	0.000861557
0.10424079	0.000395113	0.274847908	0.000859003
0.10430875	0.000395848	0.263682945	0.000856031
0.104376734	0.000396587	0.255540306	0.000853805
0.104444735	0.000397331	0.24259653	0.000851313
0.104512753	0.000398079	0.237597895	0.000849815
0.104580781	0.000398832	0.230034817	0.000848019
0.104648833	0.000399588	0.221480248	0.000846377
0.104716902	0.00040035	0.212271479	0.000843961
0.104784987	0.000401115	0.206738956	0.000843283
0.104853083	0.000401885	0.198148374	0.000840847
0.104921203	0.000402659	0.189053889	0.00083875
0.104989354	0.000403745	0.180810523	0.000836721
0.105057517	0.000403751	0.178463183	0.000836636
0.105125668	0.000403762	0.172695195	0.000834642
0.105193808	0.000403779	0.165396899	0.00083309
0.105261936	0.000403803	0.159951685	0.000831878
0.10533004	0.000403831	0.153314289	0.000830267
0.105398145	0.000403866	0.14533678	0.000829063
0.105466239	0.000403907	0.139190695	0.000828739
0.105534321	0.000403953	0.131703305	0.000826844
0.105602392	0.000404005	0.130245722	0.000825489
0.105670452	0.000404063	0.124340804	0.000825056
0.105738499	0.000404127	0.118741517	0.000823421
0.105806536	0.000404197	0.113824889	0.000822398
0.105874547	0.000404273	0.109606762	0.000821904
0.105942561	0.000404354	0.103372864	0.000820059
0.106010563	0.000404442	0.098022556	0.000819389
0.106078553	0.000404535	0.093589427	0.000818775
0.106146532	0.000404634	0.089701042	0.000817635
0.106214499	0.000404739	0.084913612	0.000817436
0.106282455	0.00040485	0.080635713	0.000815893
0.106350399	0.000404967	0.078719088	0.000815022
0.106418319	0.00040509	0.073154201	0.000815247
0.10648624	0.000405219	0.068837967	0.000813432
0.10655415	0.000405353	0.063548129	0.000812607
0.106622049	0.000405494	0.062524026	0.000812671
0.106689935	0.000405641	0.059283445	0.000811948
0.106757811	0.000405793	0.056701715	0.000811341
0.106825674	0.000405952	0.053923708	0.000810965
0.106893527	0.000406116	0.054309992	0.00081093
0.106961368	0.000406287	0.051485002	0.000810286
0.107029184	0.000406463	0.047988559	0.00080921
0.107097002	0.000406646	0.043534002	0.000809242
0.107164808	0.000406834	0.042809052	0.000808437
0.107232603	0.000407028	0.043256783	0.000808211
0.107300386	0.000407229	0.039776136	0.00080811
0.107368158	0.000407435	0.038943002	0.00080733
0.107435919	0.000407647	0.041486149	0.000807754
0.107503667	0.000407865	0.039259655	0.000807483
0.107571392	0.000408089	0.034826986	0.000806447
0.107639118	0.00040832	0.034464371	0.000806967
0.107706832	0.000408556	0.034474826	0.000806269
0.107774535	0.000408798	0.034333346	0.000806405
0.107842226	0.000409046	0.030798911	0.000805923
0.107909906	0.0004093	0.032272772	0.000805506
0.107977575	0.00040956	0.030525355	0.000805699
0.108045231	0.000409827	0.029118127	0.000805388
0.108112864	0.000410099	0.025954918	0.000804892
0.108180498	0.000410377	0.027178875	0.000804772
0.10824812	0.000410661	0.028707724	0.000804563
0.108315731	0.000410951	0.028215061	0.000804622
0.10838333	0.000411247	0.025955035	0.000803915
0.108450918	0.000411549	0.024804267	0.000804187
0.108518495	0.000411857	0.02497104	0.000803596
0.108586059	0.000412171	0.023412571	0.000803245
0.108653613	0.00041249	0.020838411	0.000802651
0.108721142	0.000412816	0.021456415	0.000803287
0.108788672	0.000413148	0.021208676	0.000802809
0.108856191	0.000413486	0.020712455	0.000802293
0.108923698	0.00041383	0.015814226	0.000802084
0.108991194	0.000414179	0.016350352	0.000801753
0.109058679	0.000414535	0.016776596	0.000802019
0.109126152	0.000414896	0.014887765	0.000801262
0.109193613	0.000415264	0.013002945	0.000800843
0.10926105	0.000415637	0.012609507	0.000801039
0.109328488	0.000416017	0.011829098	0.000800994
0.109395915	0.000416402	0.011211041	0.000800659
0.109463331	0.000416793	0.009871923	0.000800388
0.109530735	0.00041719	0.008226957	0.000799832
0.109598127	0.000417593	0.009236251	0.000800208
0.109665508	0.000418002	0.007787077	0.000799723
0.109732877	0.000418417	0.005739398	0.000799897
0.109800222	0.000418838	0.003716366	0.000798731
0.109867569	0.000419264	0.006009286	0.000799208
0.109934904	0.000419697	0.005305572	0.000798742
0.110002227	0.000420135	0.004979401	0.000798849
0.110069539	0.000420579	0.004480211	0.000798732
0.11013684	0.000421029	0.002775999	0.000798368
0.110204128	0.000421485	0.001188301	0.000797746
0.110271406	0.000421946	0.000620703	0.000798427
0.110338672	0.000422414	0.002397281	0.000797658
0.110405913	0.000422887	0.00296375	0.000798535
0.110473156	0.000423366	0.001216872	0.000798106
0.110540388	0.000423851	0.001848141	0.000797809
0.110607608	0.000424342	0.003789882	0.000797599
0.110674816	0.000424838	0.002205532	0.000797353
0.110742013	0.000425341	-0.000122855	0.000797288
0.110809199	0.000425849	0.002047261	0.000797545
0.110876372	0.000426362	0.001985406	0.000797772
0.110943522	0.000426882	0.003795146	0.000797502
0.111010673	0.000427407	0.0027837	0.000797561
0.111077812	0.000427938	0.003804832	0.000797779
0.11114494	0.000428475	0.006588547	0.00079776
0.111212057	0.000429017	0.005768843	0.000797888
0.111279162	0.000429565	0.003500411	0.000797495
0.111346255	0.000430119	0.003521596	0.000797105
0.111413337	0.000430678	0.00663332	0.000797119
0.111480395	0.000431243	0.006261589	0.000796923
0.111547454	0.000431814	0.004776634	0.00079732
0.111614501	0.00043239	0.004217576	0.000797194
0.111681537	0.000432972	0.005651544	0.000797535
0.111748562	0.000433559	0.005559865	0.000797167
0.111815575	0.000434152	0.003288549	0.000796872
0.111882576	0.000434751	0.003700119	0.00079676
0.111949566	0.000435355	0.00542746	0.000796636
0.112016545	0.000435965	0.005600335	0.000796623
0.112083499	0.00043658	0.00577812	0.000796514
0.112150454	0.000437201	0.004619885	0.000796333
0.112217398	0.000437828	0.00198145	0.000796316
0.112284331	0.000438459	0.004401597	0.00079628
0.112351252	0.000439097	0.002936115	0.000795915
0.112418161	0.00043974	0.001607945	0.000795984
0.112485059	0.000440388	0.002141416	0.000795655
0.112551946	0.000441042	0.002874615	0.000796141
0.112618808	0.000441701	0.001118938	0.000795536
0.112685671	0.000442366	0.000124548	0.000795167
0.112752523	0.000443036	0.001773566	0.000795226
0.112819364	0.000443711	0.000210465	0.00079516
0.112886193	0.000444392	-0.000981597	0.000795055
0.11295301	0.000445078	-0.002453716	0.000794099
0.113019816	0.00044577	-0.000956682	0.000794433
0.113086611	0.000446467	-0.000744368	0.000794535
0.113153381	0.000447169	-0.001529938	0.000794554
0.113220153	0.000447876	-0.004247423	0.000794415
0.113286913	0.000448589	0.000298031	0.000794453
0.113353661	0.000449307	-0.002309564	0.000794243
0.113420398	0.00045003	-0.00388045	0.000793724
0.113487124	0.000450759	-0.004294773	0.000793748
0.113553838	0.000451493	-0.0014353	0.00079403
0.11362054	0.000452232	-0.002704784	0.000793696
0.113687231	0.000452976	-0.00320894	0.000793914
0.113753898	0.000453726	-0.001943973	0.000793552
0.113820566	0.00045448	-0.001890785	0.000793613
0.113887222	0.00045524	-0.003339328	0.000793391
0.113953868	0.000456005	-0.002061446	0.00079409
0.114020501	0.000456775	-0.00212428	0.000793663
0.114087123	0.00045755	-0.001121703	0.000793557
0.114153734	0.00045833	0.000164807	0.000793929
0.114220333	0.000459116	-0.000462729	0.000793849
0.114286907	0.000459906	0.001122431	0.000793712
0.114353483	0.000460701	0.001594441	0.000794028
0.114420048	0.000461502	0.00157188	0.000794041
0.114486601	0.000462307	0.000265446	0.000793355
0.114553143	0.000463118	0.002031777	0.000793246
0.114619673	0.000463933	0.000839518	0.000793374
0.114686191	0.000464754	0.002355094	0.000793746
0.114752698	0.000465579	0.001986773	0.000793273
0.114819181	0.000466409	0.002316999	0.000793723
0.114885665	0.000467245	0.004200674	0.000793685
0.114952138	0.000468085	0.003377325	0.000793818
0.115018599	0.00046893	0.00277443	0.000793395
0.115085048	0.00046978	0.004236889	0.000793569
0.115151486	0.000470634	0.005235592	0.000793516
0.115217913	0.000471494	0.00249557	0.000793473
0.115284328	0.000472358	0.003877742	0.000793323
0.115350741	0.000473453	0.003638944	0.000793563
0.115417172	0.000473457	0.00365584	0.000793133
0.115483631	0.000473467	0.002836657	0.000793543
0.115550104	0.000473482	0.001583967	0.000793055
0.115616592	0.000473503	0.002938908	0.000793247
0.115683095	0.00047353	0.002912969	0.000792984
0.115749612	0.000473562	0.002324427	0.000793066
0.115816144	0.000473599	0.001137944	0.00079226
0.115882691	0.000473643	0.003281622	0.00079285
0.11594924	0.000473691	0.001543104	0.000792755
0.116015817	0.000473746	0.000292119	0.00079213
0.116082408	0.000473806	-0.000272587	0.000792199
0.116149015	0.000473871	-2.98522E-05	0.000792374
0.116215635	0.000473943	0.000867981	0.000792426
0.116282271	0.000474019	-0.001391041	0.000791682
0.116348922	0.000474102	-0.000960901	0.000791834
0.116415587	0.00047419	-0.002313287	0.000792249
0.116482254	0.000474284	-0.001591624	0.000792083
0.116548949	0.000474383	-0.002382386	0.000792014
0.116615658	0.000474488	-0.004339599	0.000791369
0.116682383	0.000474599	-0.00148909	0.00079165
0.116749122	0.000474715	-0.001894715	0.00079176
0.116815876	0.000474837	-0.001534966	0.000791539
0.116882644	0.000474965	-0.003925092	0.000791761
0.116949428	0.000475099	-0.001925266	0.000791686
0.117016226	0.000475238	-0.001795806	0.000791931
0.117083026	0.000475382	-0.001623991	0.000791733
0.117149854	0.000475533	-0.004820029	0.000791434
0.117216697	0.000475689	-0.001652815	0.000791935
0.117283554	0.000475851	0.000565077	0.000791499
0.117350426	0.000476019	-0.001143719	0.00079153
0.117417313	0.000476192	-0.000979346	0.000791383
0.117484214	0.000476371	0.00139926	0.000792007
0.117551131	0.000476556	0.002340901	0.000791893
0.117618049	0.000476746	-0.000924184	0.000791719
0.117684995	0.000476942	0.000463682	0.000791932
0.117751956	0.000477144	0.003378153	0.000792139
0.117818931	0.000477352	0.0037346	0.000792246
0.117885922	0.000477565	0.001264372	0.00079209
0.117952927	0.000477784	0.004394215	0.0007924
0.118019947	0.000478009	0.005117498	0.000792236
0.118086981	0.00047824	0.005807035	0.000792325
0.118154018	0.000478476	0.004478068	0.00079193
0.118221082	0.000478718	0.004520193	0.00079223
0.118288161	0.000478966	0.007583884	0.000792636
0.118355255	0.000479219	0.008372849	0.000792293
0.118422363	0.000479479	0.006926486	0.000792292
0.118489486	0.000479744	0.005227735	0.000792028
0.118556624	0.000480014	0.006717504	0.000792467
0.118623777	0.000480291	0.006927116	0.000792758
0.118690945	0.000480573	0.006040789	0.000792275
0.118758114	0.000480861	0.005836301	0.000792261
0.118825311	0.000481155	0.006571705	0.00079279
0.118892523	0.000481454	0.008733916	0.000792539
0.11895975	0.000481759	0.00667024	0.000792356
0.119026991	0.00048207	0.005851989	0.000791367
0.119094248	0.000482387	0.005485901	0.000792103
0.119161519	0.000482709	0.003123804	0.000791738
0.119228804	0.000483037	0.004427114	0.000791542
0.119296092	0.000483371	0.002655509	0.0007917
0.119363407	0.00048371	0.004734018	0.000791866
0.119430737	0.000484056	0.004848377	0.000791935
0.119498082	0.000484407	0.003756427	0.000791628
0.119565442	0.000484763	0.001889134	0.000791289
0.119632816	0.000485126	0.003546932	0.0007912
0.119700206	0.000485494	0.003166997	0.000791572
0.11976761	0.000485867	0.000298713	0.000791199
0.119835015	0.000486247	0.001460849	0.000791413
0.119902449	0.000486632	0.00256762	0.00079129
0.119969897	0.000487023	0.003080519	0.0007913
0.12003736	0.000487419	0.002321072	0.000790839
0.120104838	0.000487822	0.002055551	0.000790677
0.120172331	0.00048823	6.45618E-05	0.000791112
0.120239838	0.000488643	-0.000991481	0.000790743
0.12030736	0.000489062	-0.003005174	0.00079078
0.120374897	0.000489487	0.001348555	0.000791481
0.120442436	0.000489918	0.00270929	0.000791157
0.120510003	0.000490354	0.000879911	0.000790565
0.120577584	0.000490796	0.001429678	0.000790598
0.12064518	0.000491244	4.55922E-05	0.000790661
0.120712791	0.000491697	0.002845628	0.000791212
0.120780416	0.000492156	0.003243093	0.000791618
0.120848057	0.00049262	0.000898074	0.000790878
0.120915712	0.00049309	0.003329243	0.000791287
0.120983369	0.000493566	0.005023877	0.000791549
0.121051054	0.000494047	0.003237692	0.000791204
0.121118753	0.000494534	0.004371379	0.000791344
0.121186467	0.000495026	0.005406739	0.000791639
0.121254196	0.000495524	0.005861622	0.000791593
0.12132194	0.000496028	0.004383757	0.000791151
0.121389699	0.000496537	0.004389191	0.000791055
0.121457472	0.000497052	0.007267076	0.000791617
0.121525247	0.000497572	0.008942367	0.000791897
0.12159305	0.000498098	0.008218184	0.000791454
0.121660868	0.000498629	0.005094765	0.000791319
0.1217287	0.000499166	0.007717309	0.000791668
0.121796547	0.000499709	0.008299145	0.000791544
0.121864409	0.000500256	0.005619245	0.000791556
0.121932286	0.00050081	0.007884209	0.000791286
0.122000178	0.000501369	0.0071513	0.000791036
0.122068084	0.000501933	0.009443016	0.000791451
0.122135992	0.000502503	0.006994663	0.000790993
0.122203928	0.000503078	0.006206892	0.00079087
0.122271879	0.000503659	0.004157153	0.000791058
0.122339844	0.000504245	0.005828215	0.00079087
0.122407824	0.000504837	0.004814648	0.000790655
0.122475819	0.000505434	0.003827472	0.000790425
0.122543829	0.000506037	0.005365394	0.000790411
0.122611853	0.000506645	0.005803603	0.000790653
0.12267988	0.000507258	0.003899009	0.000790242
0.122747934	0.000507877	0.000579537	0.000789964
0.122816003	0.000508501	0.001374599	0.000789893
0.122884086	0.00050913	0.000554931	0.00078938
0.122952185	0.000509765	-0.001722845	0.000789302
0.123020298	0.000510405	0.000343211	0.000789464
0.123088426	0.000511051	0.001316354	0.000789052
0.123156568	0.000511702	-0.000268124	0.000789331
0.123224713	0.000512358	-0.001770928	0.000788735
0.123292885	0.000513019	-0.002983254	0.000788376
0.123361072	0.000513686	1.80822E-05	0.000788834
0.123429274	0.000514358	-0.001793231	0.000788519
0.123497491	0.000515035	-0.002765541	0.000788564
0.123565722	0.000515718	-0.004055005	0.000788117
0.123633968	0.000516405	0.000226084	0.000788615
0.123702229	0.000517098	-0.00075096	0.000788523
0.123770505	0.000517797	-0.002121997	0.000787986
0.123838782	0.0005185	-0.001440452	0.000787936
0.123907087	0.000519208	-0.001171948	0.000788093
0.123975407	0.000519922	-0.001841651	0.000787586
0.124043742	0.000520641	-0.002153652	0.000787731
0.124112092	0.000521365	-0.002068834	0.000787359
0.124180456	0.000522095	0.001060576	0.000787875
0.124248835	0.000522829	0.000416853	0.000788085
0.124317229	0.000523569	-0.000475328	0.000787621
0.124385624	0.000524313	-0.000230609	0.000788159
0.124454048	0.000525063	0.002568143	0.000788241
0.124522486	0.000525818	0.000729635	0.000787343
0.124590939	0.000526578	-0.000721432	0.00078768
0.124659407	0.000527343	0.001995149	0.000787671
0.124727889	0.000528113	0.005992122	0.000787901
0.124796387	0.000528888	0.003434843	0.000787757
0.124864899	0.000529668	0.002737938	0.000787631
0.124933413	0.000530453	0.002018087	0.00078729
0.125001954	0.000531243	0.004720458	0.000787801
0.125070511	0.000532038	0.005832961	0.000787261
0.125139082	0.000532838	0.002179484	0.000787834
0.125207668	0.000533643	0.002984198	0.000787573
0.125276268	0.000534453	0.007214669	0.000788032
0.125344884	0.000535268	0.007587474	0.000787205
0.125413514	0.000536087	0.002671181	0.000787121
0.125482159	0.000536912	0.003129873	0.000786749
0.125550806	0.000537741	0.003429108	0.000787026
0.125619481	0.000538576	0.003103261	0.000786995
0.12568817	0.000539415	0.001802739	0.000786642
0.125756884	0.000540153	0.00139802	0.000786523
0.125825605	0.000540153	0.005033499	0.000787426
0.125894325	0.000540153	0.002494085	0.000786633
0.125963046	0.000540153	0.001771662	0.000786753
0.126031767	0.000540153	-0.000983539	0.000786102
0.126100474	0.000540153	0.000414095	0.000785797
0.126169195	0.000540153	-0.000613218	0.000785602
0.126237916	0.000540153	-0.002783914	0.00078556
0.126306636	0.000540154	0.000557504	0.000785436
0.126375357	0.000540154	0.00035863	0.000785329
0.126444078	0.000540154	-0.002381643	0.000784951
0.126512798	0.000540154	-0.00356251	0.000784944
0.126581519	0.000540154	-0.004333892	0.000784598
0.126650227	0.000540155	-0.002526206	0.000784948
0.126718947	0.000540155	-0.004776018	0.00078455
0.126787668	0.000540155	-0.004038904	0.000784509
0.126856389	0.000540156	-0.003963539	0.000784463
0.126925109	0.000540156	-0.002441366	0.000784578
0.12699383	0.000540156	-0.003997341	0.000784075
0.127062551	0.000540157	-0.005605431	0.000784196
0.127131271	0.000540157	-0.004652262	0.000783977
0.127199992	0.000540158	-0.003570541	0.000783815
0.1272687	0.000540158	-0.004602867	0.000784309
0.12733742	0.000540158	-0.004181706	0.00078378
0.127406141	0.000540159	-0.002899544	0.00078386
0.127474862	0.000540159	-0.00243238	0.000783168
0.127543582	0.00054016	-0.003419968	0.000783724
0.127612303	0.00054016	-0.005201076	0.000783226
0.127681024	0.000540161	-0.003225867	0.000784058
0.127749744	0.000540162	-0.001290042	0.000783741
0.127818452	0.000540162	-0.003046522	0.000782999
0.127887173	0.000540163	-0.00191185	0.000783304
0.127955893	0.000540163	-0.000373266	0.000783728
0.128024614	0.000540164	-0.000969317	0.000784
0.128093335	0.000540165	-0.00105401	0.000784006
0.128162055	0.000540165	0.000613369	0.000783763
0.128230776	0.000540166	0.000235832	0.00078363
0.128299497	0.000540167	-0.000668193	0.000783816
0.128368204	0.000540168	0.000336145	0.000783569
0.128436925	0.000540168	1.48293E-05	0.00078331
0.128505646	0.000540169	0.00252476	0.000783692
0.128574366	0.00054017	0.002821324	0.000783376
0.128643087	0.000540171	0.000906687	0.000783312
0.128711808	0.000540172	0.000950987	0.000783376
0.128780528	0.000540173	0.00101282	0.000783157
0.128849249	0.000540173	0.00075632	0.000783404
0.12891797	0.000540174	0.002153917	0.000783236
0.128986677	0.000540175	0.001875739	0.000782452
0.129055398	0.000540176	0.001691142	0.000783108
0.129124119	0.000540177	0.001448241	0.000782938
0.129192839	0.000540178	-0.001643097	0.000782507
0.12926156	0.000540179	-0.001180229	0.000782045
0.129330281	0.00054018	-0.001474534	0.000782133
0.129399001	0.000540181	-0.001831213	0.000782441
0.129467722	0.000540182	-0.002000617	0.000782092
0.12953643	0.000540183	-0.002263658	0.000782071
0.12960515	0.000540185	-0.001141942	0.000781841
0.129673871	0.000540186	-0.003542927	0.000781541
0.129742592	0.000540187	-0.004753145	0.000781422
0.129811312	0.000540188	-0.005065735	0.000780624
0.129880033	0.000540189	-0.004428732	0.000780865
0.129948754	0.00054019	-0.0036093	0.000780593
0.130017474	0.000540192	-0.004128123	0.000780369
0.130086182	0.000540193	-0.006569909	0.000780148
0.130154903	0.000540194	-0.004229668	0.00078052
0.130223623	0.000540195	-0.005368531	0.000780808
0.130292344	0.000540197	-0.007928419	0.000780258
0.130361065	0.000540198	-0.008208138	0.00078007
0.130429785	0.000540199	-0.006363845	0.000780471
0.130498506	0.000540201	-0.004802538	0.000779747
0.130567227	0.000540202	-0.008597773	0.000779949
0.130635947	0.000540204	-0.005240073	0.000779744
0.130704655	0.000540205	-0.004525635	0.000779893
0.130773376	0.000540206	-0.006169576	0.000779771
0.130842096	0.000540208	-0.007422363	0.000779459
0.130910817	0.000540209	-0.004030827	0.000779593
0.130979538	0.000540211	-0.003129551	0.000779853
0.131048258	0.000540212	-0.002613251	0.000779764
0.131116979	0.000540214	-0.003400771	0.00077948
0.1311857	0.000540215	-0.002339975	0.000779868
0.131254407	0.000540217	-0.001197265	0.000779624
0.131323128	0.000540219	-0.003313373	0.000780054
0.131391849	0.00054022	-0.002137523	0.000779566
0.131460569	0.000540222	-0.002131662	0.00078019
0.13152929	0.000540224	0.001618526	0.000779988
0.131598011	0.000540225	0.001600279	0.000779819
0.131666731	0.000540227	0.000424249	0.000780036
0.131735452	0.000540229	0.00159559	0.000780047
0.13180416	0.00054023	0.003683818	0.000779865
0.13187288	0.000540232	0.000945532	0.00078026
0.131941601	0.000540234	-7.29753E-05	0.000779483
0.132010322	0.000540236	0.001312205	0.000779588
0.132079042	0.000540238	0.003747423	0.000779646
0.132147763	0.000540239	0.000658816	0.00077922
0.132216484	0.000540241	0.003096978	0.000779589
0.132285204	0.000540243	0.003468344	0.00077977
0.132353925	0.000540245	0.002080695	0.000779393
0.132422633	0.000540247	5.9894E-05	0.000779357
0.132491353	0.000540249	0.00032486	0.000779377
0.132560074	0.000540251	0.000951592	0.000778953
0.132628795	0.000540253	0.001856534	0.000779214
0.132697515	0.000540255	0.00029738	0.000779393
0.132766236	0.000540257	0.000965145	0.000779079
0.132834957	0.000540259	0.002702416	0.000778928
0.132903677	0.000540261	0.000521952	0.000779033
0.132972385	0.000540263	-0.00205961	0.000778623
0.133041106	0.000540265	-0.002732375	0.000778314
0.133109826	0.000540267	-0.001989022	0.000778178
0.133178547	0.000540269	-0.002071287	0.000778227
0.133247268	0.000540271	-0.002886664	0.000778229
0.133315988	0.000540274	-0.002879798	0.000778582
0.133384709	0.000540276	-0.002657145	0.000777912
0.13345343	0.000540278	-0.004895783	0.000777928
0.133522137	0.00054028	-0.004975786	0.000777709
0.133590858	0.000540282	-0.007419623	0.000777365
0.133659579	0.000540285	-0.003394541	0.000777243
0.133728299	0.000540287	-0.001670618	0.000777316
0.13379702	0.000540289	-0.004891106	0.000777391
0.133865741	0.000540292	-0.004235647	0.000777262
0.133934461	0.000540294	-0.004227225	0.000777925
0.134003182	0.000540296	-0.004421263	0.00077773
0.134071903	0.000540299	-0.004832151	0.0007774
0.13414061	0.000540301	-0.00445903	0.000777352
0.134209331	0.000540304	-0.002858638	0.000777365
0.134278052	0.000540306	-0.000937781	0.000777364
0.134346772	0.000540308	-0.003396353	0.000777511
0.134415493	0.000540311	-0.001614606	0.000777014
0.134484214	0.000540313	-0.000716057	0.000777811
0.134552934	0.000540316	-0.000957344	0.000777733
0.134621655	0.000540319	-0.001152472	0.000777538
0.134690363	0.000540321	-0.001057122	0.000777615
0.134759083	0.000540324	0.001002757	0.00077807
0.134827804	0.000540326	0.00260951	0.000777548
0.134896525	0.000540329	-0.000196317	0.000777765
0.134965245	0.000540332	0.002377131	0.000778092
0.135033966	0.000540334	0.003181541	0.000778234
0.135102687	0.000540337	0.003999986	0.000778234
0.135171407	0.00054034	0.000879596	0.00077801
0.135240115	0.000540342	0.003158756	0.000778293
0.135308836	0.000540345	0.004657152	0.000777838
0.135377556	0.000540348	0.006386709	0.000777874
0.135446277	0.000540351	0.003963189	0.000778167
0.135514998	0.000540353	0.005417556	0.000778098
0.135583718	0.000540356	0.007506361	0.000778189
0.135652439	0.000540359	0.005477147	0.000778107
0.13572116	0.000540362	0.004144666	0.000777698
0.13578988	0.000540365	0.003628453	0.000777785
0.135858588	0.000540368	0.005587967	0.00077831
0.135927309	0.000540371	0.004827214	0.00077805
0.135996029	0.000540374	0.003884257	0.000777721
0.13606475	0.000540376	0.004017937	0.000778134
0.136133471	0.000540379	0.005380699	0.000778031
0.136202191	0.000540382	0.003527675	0.000777667
0.136270912	0.000540385	0.001244974	0.00077761
0.136339633	0.000540388	0.001888388	0.000777625
0.13640834	0.000540392	0.003034381	0.000777695
0.136477061	0.000540395	-5.34942E-05	0.000777187
0.136545782	0.000540398	0.00079396	0.000777212
0.136614502	0.000540401	0.003340178	0.000777556
0.136683223	0.000540404	0.002048197	0.000777753
0.136751944	0.000540407	0.000264901	0.000777442
0.136820664	0.00054041	-0.002355565	0.000776883
0.136889385	0.000540413	-0.000325053	0.000776548
0.136958093	0.000540417	0.000438588	0.000777158
0.137026813	0.00054042	-0.001028086	0.000775948
0.137095534	0.000540423	-0.001639551	0.000776495
0.137164255	0.000540426	4.76221E-05	0.000776769
0.137232975	0.00054043	0.000206233	0.000777165
