Wave-Number (cm-1)	u(Wave-Number) (cm-1)	Absorbance	u(Absorbance)
0.04088231	6.31428E-05	0.004049201	0.000857849
0.040947515	6.32406E-05	0.004017472	0.000857257
0.041012716	6.33383E-05	0.00440008	0.000857721
0.041077921	6.34361E-05	0.003352888	0.000857599
0.041143122	6.35339E-05	0.001295608	0.000857389
0.041208327	6.36316E-05	0.002951065	0.000857372
0.041273528	6.37294E-05	0.002153561	0.000857025
0.041338733	6.38272E-05	0.001328545	0.000856754
0.041403934	6.3925E-05	0.001369675	0.000856282
0.041469139	6.40228E-05	0.001835719	0.000856519
0.04153434	6.41206E-05	-0.00112059	0.000856374
0.041599544	6.42184E-05	0.000399897	0.000856333
0.041664746	6.43162E-05	-0.00088504	0.00085588
0.04172995	6.4414E-05	-0.000344609	0.000855678
0.041795152	6.45118E-05	-0.000135685	0.000855314
0.041860356	6.46096E-05	-0.002519626	0.000855503
0.041925558	6.47074E-05	-0.004775699	0.00085561
0.041990762	6.48053E-05	-0.003254952	0.000854957
0.042055964	6.49031E-05	-0.004191803	0.000854935
0.042121168	6.50009E-05	-0.003958454	0.000855106
0.04218637	6.50988E-05	-0.004604908	0.000854336
0.042251574	6.51966E-05	-0.004772959	0.000854176
0.042316776	6.52944E-05	-0.00328619	0.000854261
0.04238198	6.53923E-05	-0.003435446	0.000854529
0.042447185	6.54902E-05	-0.008415938	0.000854029
0.042512386	6.5588E-05	-0.006548613	0.00085407
0.042577591	6.56859E-05	-0.004347448	0.000854325
0.042642792	6.57837E-05	-0.006823925	0.000854422
0.042707997	6.58816E-05	-0.005551556	0.000854048
0.042773198	6.59795E-05	-0.005949647	0.000854539
0.042838403	6.60774E-05	-0.004739325	0.000854208
0.042903604	6.61752E-05	-0.004052457	0.00085297
0.042968809	6.62731E-05	-0.004484241	0.000854144
0.04303401	6.6371E-05	-0.002345204	0.000853675
0.043099215	6.64689E-05	-0.001791432	0.000853793
0.043164416	6.65668E-05	-0.002646174	0.00085344
0.043229621	6.66647E-05	-0.002472812	0.000853707
0.043294822	6.67626E-05	-0.001468671	0.000853793
0.043360027	6.68605E-05	-0.000109503	0.000853859
0.043425228	6.69584E-05	-0.000822458	0.000853133
0.043490433	6.70564E-05	-0.001374872	0.000853729
0.043555634	6.71543E-05	-4.95154E-05	0.000853763
0.043620839	6.72522E-05	0.000742217	0.000853445
0.04368604	6.73501E-05	0.001216144	0.000853232
0.043751245	6.74481E-05	0.000263003	0.00085355
0.043816446	6.7546E-05	-0.0005546	0.000853336
0.04388165	6.7644E-05	0.002953834	0.000853706
0.043946852	6.77419E-05	0.002293038	0.000853438
0.044012056	6.78398E-05	0.001893608	0.000853213
0.044077261	6.79378E-05	0.002568556	0.00085314
0.044142462	6.80358E-05	0.001208107	0.000853072
0.044207667	6.81337E-05	0.001535353	0.000852519
0.044272868	6.82317E-05	0.001669647	0.000853255
0.044338073	6.83296E-05	0.001489097	0.000852881
0.044403274	6.84276E-05	0.001386255	0.000852126
0.044468479	6.85256E-05	0.001595022	0.000852424
0.04453368	6.86236E-05	0.000335149	0.000851741
0.044598885	6.87215E-05	0.001268515	0.000851711
0.044664086	6.88195E-05	-1.82881E-05	0.000851103
0.044729291	6.89175E-05	-0.000982269	0.000851813
0.044794492	6.90155E-05	-0.001293262	0.000851366
0.044859697	6.91135E-05	-0.000158609	0.000851527
0.044924898	6.92115E-05	-0.002339878	0.000851694
0.044990103	6.93095E-05	-0.002011567	0.000851143
0.045055304	6.94075E-05	-0.004346998	0.000850654
0.045120509	6.95055E-05	-0.003541967	0.000850707
0.04518571	6.96035E-05	-0.004409307	0.000850696
0.045250915	6.97015E-05	-0.003168037	0.000850453
0.045316116	6.97996E-05	-0.005601468	0.00085058
0.045381321	6.98976E-05	-0.005672805	0.00085041
0.045446522	6.99956E-05	-0.005200823	0.000850198
0.045511727	7.00936E-05	-0.006324888	0.000850146
0.045576928	7.01917E-05	-0.008673987	0.000849842
0.045642133	7.02897E-05	-0.004262825	0.000850378
0.045707337	7.03877E-05	-0.006776437	0.000850072
0.045772539	7.04858E-05	-0.007284539	0.000849386
0.045837743	7.05838E-05	-0.006984933	0.000849671
0.045902945	7.06819E-05	-0.005501546	0.000849913
0.045968149	7.07799E-05	-0.004787594	0.000849374
0.046033351	7.0878E-05	-0.006344663	0.00084967
0.046098555	7.0976E-05	-0.004839324	0.00084892
0.046163756	7.10741E-05	-0.002974013	0.000849776
0.046228961	7.11722E-05	-0.004233095	0.000849596
0.046294162	7.12702E-05	-0.004313889	0.000849215
0.046359367	7.13683E-05	-0.001796733	0.000848868
0.046424568	7.14664E-05	-0.002174815	0.000849016
0.046489773	7.15645E-05	-0.001541768	0.000849513
0.046554974	7.16625E-05	-0.004523657	0.000848814
0.046620179	7.17606E-05	-0.000298205	0.000849324
0.04668538	7.18587E-05	-0.000722926	0.000849176
0.046750585	7.19568E-05	-0.000705071	0.000849546
0.046815786	7.20549E-05	0.000463544	0.000849136
0.046880991	7.2153E-05	0.00088155	0.000849781
0.046946192	7.22511E-05	0.002451451	0.000849647
0.047011397	7.23492E-05	0.000938427	0.000849633
0.047076598	7.24473E-05	-2.61561E-05	0.000848322
0.047141803	7.25454E-05	0.001150864	0.00084938
0.047207004	7.26435E-05	0.001246798	0.00084937
0.047272209	7.27416E-05	0.002742904	0.000849067
0.047337413	7.28397E-05	0.00127684	0.000848694
0.047402615	7.29379E-05	0.0015292	0.000849233
0.047467819	7.3036E-05	0.002616567	0.000848497
0.047533021	7.31341E-05	0.001051418	0.000848683
0.047598225	7.32322E-05	0.00098392	0.00084862
0.047663427	7.33304E-05	0.001927851	0.000848854
0.047728631	7.34285E-05	0.001004459	0.000848388
0.047793833	7.35266E-05	-0.000403826	0.000847816
0.047859037	7.36248E-05	0.001410165	0.000847786
0.047924239	7.37229E-05	0.000234129	0.000847657
0.047989443	7.38211E-05	0.002688114	0.000847359
0.048054645	7.39192E-05	-0.000925269	0.000847083
0.048119849	7.40174E-05	-0.002052269	0.000846707
0.048185051	7.41155E-05	0.000172975	0.000847263
0.048250255	7.42137E-05	-0.000661871	0.000847339
0.048315457	7.43119E-05	-0.002653053	0.000846247
0.048380661	7.441E-05	-0.00260482	0.000846701
0.048445862	7.45082E-05	-0.003520473	0.000846509
0.048511067	7.46064E-05	-0.004344851	0.000847013
0.048576268	7.47045E-05	-0.004331789	0.000846355
0.048641473	7.48027E-05	-0.004329729	0.000846462
0.048706674	7.49009E-05	-0.003149432	0.000845826
0.048771879	7.49991E-05	-0.004415344	0.000846682
0.04883708	7.50972E-05	-0.004986633	0.000846312
0.048902285	7.51954E-05	-0.005506519	0.000845909
0.048967489	7.52936E-05	-0.005086	0.000846487
0.049032691	7.53918E-05	-0.004357738	0.000845671
0.049097895	7.549E-05	-0.006304251	0.000845694
0.049163097	7.55882E-05	-0.005594219	0.000846022
0.049228301	7.56864E-05	-0.004125934	0.00084573
0.049293503	7.57846E-05	-0.004425525	0.000846149
0.049358707	7.58828E-05	-0.004100644	0.000845713
0.049423909	7.5981E-05	-0.004268168	0.000845665
0.049489113	7.60792E-05	-0.002496426	0.000845763
0.049554315	7.61774E-05	-0.003030052	0.000846015
0.049619519	7.62757E-05	-0.002669061	0.000846096
0.049684721	7.63739E-05	-0.002130696	0.000846056
0.049749925	7.64721E-05	-0.000981845	0.000846308
0.049815127	7.65703E-05	-0.000843872	0.000846161
0.049880331	7.66685E-05	-2.43073E-06	0.000846405
0.049945533	7.67668E-05	-0.000325189	0.000846352
0.050010737	7.6865E-05	0.001953108	0.000846387
0.050075939	7.69632E-05	0.002579952	0.000846236
0.050141143	7.70615E-05	0.001868812	0.000846607
0.050206345	7.71597E-05	0.00282756	0.00084634
0.050271549	7.72579E-05	0.004587113	0.000846567
0.050336751	7.73562E-05	0.004451167	0.000846332
0.050401955	7.74544E-05	0.002450052	0.000845726
0.050467157	7.75527E-05	0.005598089	0.000845886
0.050532361	7.76509E-05	0.007031622	0.000846718
0.050597566	7.77492E-05	0.00557284	0.000845903
0.050662767	7.78474E-05	0.005067466	0.000846243
0.050727972	7.79457E-05	0.003337184	0.000846594
0.050793173	7.8044E-05	0.006174054	0.000846151
0.050858378	7.81422E-05	0.003316957	0.000846336
0.050923579	7.82405E-05	0.004162179	0.000845712
0.050988784	7.83387E-05	0.004217313	0.000846272
0.051053985	7.8437E-05	0.003598147	0.000846255
0.05111919	7.85353E-05	0.004498549	0.000846192
0.051184391	7.86336E-05	0.002877379	0.000845818
0.051249595	7.87318E-05	0.00276746	0.000845567
0.051314797	7.88301E-05	0.003728255	0.000845407
0.051380001	7.89284E-05	0.00295238	0.000845279
0.051445203	7.90267E-05	0.000832697	0.000845354
0.051510407	7.9125E-05	0.000655779	0.000845473
0.051575609	7.92233E-05	0.001200456	0.00084516
0.051640813	7.93216E-05	-0.001107693	0.000845311
0.051706015	7.94198E-05	-0.0013293	0.000844597
0.051771219	7.95181E-05	-0.001395411	0.000845074
0.051836421	7.96164E-05	0.001236932	0.000845082
0.051901625	7.97147E-05	-0.002487137	0.000845001
0.051966827	7.9813E-05	-0.000878694	0.000844671
0.052032031	7.99113E-05	-1.25808E-05	0.000844411
0.052097233	8.00096E-05	-0.002179381	0.000844416
0.052162437	8.0108E-05	-0.001345565	0.000844447
0.052227642	8.02063E-05	-0.002712163	0.000844668
0.052292846	8.03046E-05	-0.00165342	0.000844439
0.052358045	8.04029E-05	-0.002641099	0.000844997
0.052423249	8.05012E-05	-0.003627573	0.00084437
0.052488454	8.05995E-05	-0.001795881	0.000844373
0.052553658	8.06979E-05	-0.000722238	0.000844782
0.052618857	8.07962E-05	-0.0013293	0.000844597
0.052684061	8.08945E-05	-0.000219762	0.000844335
0.052749266	8.09928E-05	-0.001060471	0.000844578
0.052814472	8.20411E-05	0.0008395	0.000844107
0.052879668	8.20471E-05	0.001091135	0.00084491
0.052944864	8.20593E-05	0.00246035	0.00084469
0.053010053	8.20778E-05	0.003755351	0.00084501
0.053075236	8.21025E-05	0.003629111	0.000845095
0.053140405	8.21336E-05	0.003890894	0.000845244
0.053205575	8.21709E-05	0.002962777	0.000844731
0.053270737	8.22146E-05	0.004832597	0.000844447
0.053335893	8.22646E-05	0.004653051	0.000845327
0.053401037	8.23209E-05	0.004971582	0.000844787
0.05346618	8.23837E-05	0.005902061	0.000845301
0.053531316	8.24527E-05	0.006690729	0.000845368
0.053596445	8.25282E-05	0.007375299	0.000845397
0.053661562	8.261E-05	0.007923218	0.000844811
0.053726678	8.26981E-05	0.007833091	0.000845198
0.053791788	8.27927E-05	0.006389715	0.00084443
0.053856891	8.28937E-05	0.007609771	0.000844696
0.053921988	8.3001E-05	0.00623018	0.00084508
0.053987071	8.31147E-05	0.006136782	0.00084498
0.054052154	8.32347E-05	0.005421279	0.000844756
0.054117231	8.33612E-05	0.007634911	0.000845059
0.054182301	8.3494E-05	0.005036242	0.000844798
0.054247358	8.36331E-05	0.005692091	0.000844357
0.054312415	8.37787E-05	0.002937512	0.000844748
0.054377465	8.39305E-05	0.00429486	0.000844105
0.054442508	8.40887E-05	0.002919782	0.000844111
0.054507539	8.42531E-05	0.003441239	0.000843922
0.054572569	8.44239E-05	0.001288011	0.00084359
0.054637592	8.46009E-05	0.003762199	0.000844355
0.054702609	8.47842E-05	0.002549521	0.000844198
0.054767613	8.49738E-05	-0.000781359	0.000843905
0.054832617	8.51696E-05	0.002139845	0.000843772
0.054897614	8.53715E-05	0.000490835	0.000842995
0.054962604	8.55797E-05	-0.001700567	0.000842911
0.055027582	8.5794E-05	-0.001480339	0.000843031
0.055092559	8.60145E-05	-0.000484973	0.000842899
0.05515753	8.62411E-05	-0.001025682	0.000843316
0.055222493	8.64737E-05	-0.00168725	0.000842365
0.055287444	8.67124E-05	-0.000763308	0.000842495
0.055352395	8.69572E-05	-0.002745527	0.000842488
0.055417339	8.72079E-05	0.000877316	0.000842574
0.055482276	8.74646E-05	-0.000826084	0.000842001
0.055547207	8.77273E-05	-0.002065339	0.00084203
0.055612125	8.79958E-05	-0.001643972	0.000842015
0.055677042	8.82703E-05	-0.001980503	0.000842402
0.055741953	8.85506E-05	-0.001419798	0.000841757
0.055806858	8.88367E-05	-0.002184479	0.000841843
0.055871749	8.91286E-05	4.52695E-05	0.000842435
0.05593664	8.94262E-05	-0.000683466	0.000842656
0.056001524	8.97296E-05	4.25164E-05	0.000842275
0.056066402	9.00386E-05	-0.001123079	0.00084204
0.056131267	9.03532E-05	0.000416418	0.000842722
0.056196131	9.06734E-05	-0.000169434	0.00084274
0.056260989	9.09992E-05	0.001405593	0.000842703
0.05632584	9.13306E-05	0.00035662	0.00084244
0.056390679	9.16673E-05	0.002747793	0.000842878
0.056455517	9.20096E-05	0.002778723	0.000842588
0.056520348	9.23573E-05	0.003484032	0.000842976
0.056585173	9.27103E-05	0.002642946	0.000842679
0.056649984	9.30686E-05	0.002651179	0.000841705
0.056714796	9.34322E-05	0.00485195	0.000842543
0.056779601	9.38011E-05	0.00549275	0.000842059
0.056844399	9.41752E-05	0.004166273	0.00084268
0.056909184	9.45544E-05	0.004760208	0.000842551
0.056973969	9.49388E-05	0.004705955	0.000842587
0.057038747	9.53283E-05	0.004906198	0.000842507
0.057103519	9.57227E-05	0.00425444	0.000842513
0.057168284	9.61222E-05	0.006906707	0.000842406
0.057233036	9.65267E-05	0.005065335	0.000842238
0.057297788	9.6936E-05	0.002813362	0.000842026
0.057362533	9.73503E-05	0.002989524	0.000842123
0.057427272	9.77693E-05	0.00329189	0.000841222
0.057491997	9.81931E-05	0.00291871	0.000841794
0.057556722	9.86218E-05	0.003657551	0.000841621
0.057621441	9.90551E-05	0.002576747	0.000841648
0.057686153	9.94931E-05	0.001642403	0.000841631
0.057750852	9.99356E-05	0.002740086	0.000841109
0.057815551	0.000100383	-0.000284714	0.000840727
0.057880243	0.000100835	0.000701803	0.000840707
0.057944929	0.000101291	0.000754381	0.0008411
0.058009601	0.000101751	0.000860049	0.000840869
0.058074273	0.000102217	-0.001339535	0.00084042
0.058138939	0.000102686	-0.001993897	0.000839952
0.058203598	0.00010316	-0.001967581	0.000840521
0.058268244	0.000103638	-0.004151213	0.000840121
0.05833289	0.00010412	-0.002057919	0.000839942
0.058397529	0.000104607	-0.003640136	0.000839459
0.058462161	0.000105098	-0.004013482	0.000839444
0.058526781	0.000105593	-0.004585997	0.000839509
0.0585914	0.000106092	-0.004707488	0.000839219
0.058656013	0.000106595	-0.004388587	0.000839271
0.058720619	0.000107102	-0.005204625	0.0008395
0.058785218	0.000107613	-0.004129232	0.000838884
0.058849805	0.000108128	-0.006255794	0.000838879
0.058914391	0.000108647	-0.00369824	0.000839179
0.05897897	0.00010917	-0.002051785	0.000839086
0.059043543	0.000109697	-0.004561671	0.000838432
0.059108103	0.000110227	-0.003744671	0.000839104
0.059172662	0.000110761	-0.002481623	0.000838949
0.059237215	0.0001113	-0.003989887	0.000838367
0.059301761	0.000111841	-0.00381805	0.000839047
0.059366295	0.000112387	-0.002483883	0.000838791
0.059430828	0.000112936	-0.002397303	0.000838467
0.059495354	0.000113488	0.000425141	0.000838971
0.059559874	0.000114044	-0.000672348	0.000838747
0.059624381	0.000114604	-0.002112643	0.000838648
0.059688888	0.000115167	-0.001653389	0.000838925
0.059753387	0.000115734	0.000937473	0.000839054
0.059817881	0.000116304	-0.000364974	0.000838595
0.059882361	0.000116877	0.000860669	0.000838839
0.059946841	0.000117454	6.55864E-05	0.000838732
0.060011315	0.000118034	-0.000126311	0.000838701
0.060075781	0.000118617	0.002521276	0.000838368
0.060140235	0.000119204	0.001126806	0.000838928
0.060204689	0.000119794	0.000426941	0.000838544
0.060269136	0.000120387	0.003536941	0.000838489
0.060333576	0.000120983	0.00016378	0.000838613
0.060398009	0.000121583	0.000294448	0.000838792
0.06046243	0.000122185	0.001105353	0.00083825
0.060526851	0.000122791	0.002071856	0.000838722
0.060591264	0.0001234	0.001619808	0.000837481
0.060655671	0.000124011	0.0018107	0.000837938
0.060720066	0.000124626	0.001726662	0.000837834
0.060784459	0.000125244	0.00117215	0.000837408
0.060848847	0.000125865	0.000804156	0.000837707
0.060913227	0.000126488	-0.000937924	0.000837491
0.060977595	0.000127115	-0.001355205	0.000837558
0.061041962	0.000127744	-0.000928082	0.000836954
0.061106323	0.000128376	-0.003906423	0.000836988
0.061170677	0.000129011	-0.003622994	0.000837168
0.061235018	0.000129649	-0.002594903	0.000836639
0.061299359	0.00013029	-0.003756013	0.000836676
0.061363693	0.000130933	-0.003757887	0.000836519
0.061428021	0.000131579	-0.005996495	0.000836539
0.061492336	0.000132228	-0.00397383	0.000836663
0.06155665	0.000132879	-0.005166044	0.000836247
0.061620957	0.000133533	-0.005067617	0.000836129
0.061685258	0.00013419	-0.007451286	0.000835723
0.061749547	0.000134849	-0.006964435	0.000835555
0.061813835	0.000135511	-0.005470881	0.000835661
0.061878116	0.000136176	-0.005163021	0.000835666
0.06194239	0.000136843	-0.006593591	0.00083557
0.062006658	0.000137512	-0.006071759	0.000835274
0.062070913	0.000138184	-0.005205749	0.000835905
0.062135168	0.000138859	-0.006811992	0.000835401
0.062199416	0.000139536	-0.007099324	0.000835646
0.062263657	0.000140215	-0.005055169	0.000835594
0.062327886	0.000140897	-0.006832186	0.000835152
0.062392114	0.000141581	-0.005985842	0.000834797
0.062456335	0.000142268	-0.004152407	0.000835359
0.06252055	0.000142956	-0.00580554	0.000835674
0.062584752	0.000143648	-0.005364592	0.000835432
0.062648954	0.000144341	-0.00351908	0.000835305
0.062713149	0.000145037	-0.003903989	0.000834931
0.062777337	0.000145735	-0.00229621	0.000835279
0.062841513	0.000146436	-0.002889105	0.000835675
0.062905688	0.000147139	-0.003332526	0.000835023
0.062969856	0.000147844	-0.000460139	0.000835532
0.063034018	0.000148551	0.000159292	0.000835119
0.063098167	0.00014926	0.00062348	0.000835707
0.063162318	0.000151103	0.001118188	0.00083543
0.063226531	0.000151106	0.002192218	0.000835985
0.063290768	0.000151114	0.000853208	0.000835343
0.063355021	0.000151127	0.001316674	0.000835351
0.063419303	0.000151144	0.000588285	0.000835255
0.063483608	0.000151167	-0.001615981	0.0008353
0.063547937	0.000151195	0.00208023	0.000834895
0.063612288	0.000151228	0.000608098	0.000835348
0.063676656	0.000151267	0.00140279	0.000834607
0.063741053	0.00015131	0.000432966	0.000834673
0.063805473	0.000151358	0.002372511	0.000835282
0.063869917	0.000151412	0.000874238	0.000834537
0.063934377	0.00015147	0.000559464	0.00083443
0.063998866	0.000151534	0.001309477	0.000834775
0.064063378	0.000151603	0.001630728	0.000834455
0.064127913	0.000151677	-0.000181901	0.000834292
0.064192465	0.000151757	-0.000178281	0.000834236
0.064257046	0.000151841	0.000274568	0.000834198
0.064321651	0.000151931	-2.07995E-05	0.000834448
0.064386278	0.000152026	-0.003014	0.000833445
0.064450922	0.000152126	-0.001632978	0.00083389
0.064515595	0.000152231	-0.002066136	0.000833653
0.064580291	0.000152342	-0.002476949	0.000833717
0.06464501	0.000152458	-0.005332827	0.000833313
0.064709746	0.000152579	-0.004441177	0.000833086
0.064774511	0.000152705	-0.003983251	0.000833252
0.064839299	0.000152836	-0.003102895	0.00083319
0.06490411	0.000152973	-0.005476126	0.000832938
0.064968938	0.000153115	-0.005790076	0.000833147
0.065033795	0.000153262	-0.00483154	0.000832875
0.065098675	0.000153414	-0.00379897	0.000832763
0.065163578	0.000153572	-0.005163845	0.000833044
0.065228504	0.000153735	-0.007269895	0.000832411
0.065293447	0.000153903	-0.006014758	0.000832722
0.065358419	0.000154076	-0.006086099	0.000832822
0.065423414	0.000154255	-0.005287232	0.000832395
0.065488432	0.000154438	-0.003238879	0.00083239
0.065553466	0.000154627	-0.00337798	0.000832849
0.06561853	0.000154821	-0.003462892	0.000832539
0.065683617	0.000155021	-0.003859484	0.000833012
0.065748727	0.000155225	-0.003214262	0.000832949
0.065813854	0.000155435	-0.001370851	0.000832562
0.06587901	0.00015565	-0.002363355	0.000832698
0.065944189	0.00015587	-0.003306071	0.000832435
0.066009391	0.000156096	-0.001315091	0.000833311
0.066074609	0.000156326	-0.000781033	0.000833008
0.066139857	0.000156562	0.000467293	0.000833229
0.066205128	0.000156803	5.94423E-05	0.000832922
0.066270422	0.000157049	0.001248487	0.000833077
0.066335732	0.0001573	0.003127508	0.000833197
0.066401072	0.000157556	0.002431813	0.000833343
0.066466435	0.000157817	0.001966043	0.000832916
0.066531821	0.000158084	0.003372068	0.000833403
0.066597223	0.000158355	0.00446849	0.00083373
0.066662655	0.000158632	0.002925967	0.000833331
0.06672811	0.000158914	0.001937827	0.000833356
0.066793588	0.000159201	0.002996661	0.000833231
0.066859089	0.000159493	0.005162669	0.000833269
0.066924606	0.000159789	0.00480786	0.000833452
0.066990153	0.000160091	0.003768289	0.000833246
0.067055723	0.000160398	0.004955539	0.000833143
0.067121315	0.00016071	0.004550472	0.000833096
0.067186925	0.000161027	0.004040406	0.000833013
0.067252563	0.000161349	0.002316251	0.000833473
0.067318225	0.000161676	0.002880188	0.000832362
0.06738391	0.000162008	0.004844716	0.000832848
0.067449611	0.000162345	0.001580772	0.000832909
0.067515342	0.000162687	0.003019429	0.000832532
0.067581095	0.000163033	0.002110996	0.000832662
0.067646872	0.000163385	0.003964476	0.000832852
0.067712666	0.000163741	0.002690723	0.000832645
0.067778488	0.000164102	6.21319E-05	0.000832238
0.067844334	0.000164468	0.000233419	0.000831915
0.067910202	0.000164839	0.00239136	0.000832634
0.067976088	0.000165215	-0.000535077	0.000832216
0.068042002	0.000165595	-0.000572777	0.000831508
0.06810794	0.00016598	-0.001751153	0.000832186
0.0681739	0.00016637	0.000669854	0.000831783
0.068239878	0.000166765	-0.001575661	0.000831808
0.068305884	0.000167164	-0.002507174	0.000831695
0.068371914	0.000167568	-0.002975759	0.00083138
0.068437966	0.000167977	-0.000971626	0.000832034
0.068504042	0.00016839	-0.001146947	0.000831785
0.068570134	0.000168808	-0.00202296	0.000831791
0.068636256	0.000169231	-0.002041924	0.000832065
0.0687024	0.000169658	-0.000135919	0.000832003
0.068768567	0.00017009	-0.000557885	0.000831603
0.068834752	0.000170526	0.000468562	0.000831916
0.068900965	0.000170967	-0.000994101	0.000831422
0.068967202	0.000171413	0.000506046	0.000831996
0.069033461	0.000171862	0.001402428	0.00083203
0.069099737	0.000172317	0.001660128	0.000832016
0.069166043	0.000172776	0.001402428	0.00083203
0.069232371	0.000173239	0.00349776	0.000832425
0.069298722	0.000173706	0.003788501	0.000832232
0.06936509	0.000174178	0.002713694	0.000831947
0.069431488	0.000174655	0.005021418	0.000832415
0.069497908	0.000175135	0.006001569	0.000831818
0.069564352	0.00017562	0.00376434	0.000831933
0.069630812	0.00017611	0.004670242	0.000832542
0.069697301	0.000176603	0.005385777	0.000832068
0.069763813	0.000177101	0.007756722	0.000832658
0.069830349	0.000177603	0.006903809	0.000832537
0.069896901	0.00017811	0.007034889	0.000832134
0.069963482	0.00017862	0.00907957	0.000832468
0.070030086	0.000179135	0.008225673	0.000831978
0.070096713	0.000179654	0.007274323	0.00083245
0.070163364	0.000180176	0.006763439	0.000832366
0.070230031	0.000180703	0.006804992	0.000832392
0.070296727	0.000181235	0.007092295	0.000832254
0.070363446	0.00018177	0.00718174	0.000831826
0.070430188	0.000182309	0.005385777	0.000832068
0.070496947	0.000182852	0.006929585	0.000832098
0.070563736	0.0001834	0.006429278	0.000831482
0.070630547	0.000183951	0.005494256	0.000832049
0.070697381	0.000184506	0.006065382	0.000831828
0.070764232	0.000185065	0.005577838	0.00083173
0.070831112	0.000185628	0.00374511	0.000831211
0.070898015	0.000186195	0.002860263	0.000831326
0.070964941	0.000186766	0.005111416	0.000830936
0.071031884	0.00018734	0.002619944	0.000831066
0.071098856	0.000187919	0.003284692	0.000831045
0.071165851	0.000188501	0.001969728	0.000830868
0.071232869	0.000189087	0.000182119	0.00083012
0.071299904	0.000189677	0.003650553	0.000831012
0.071366968	0.00019027	0.002296336	0.000830443
0.071434055	0.000190868	0.00055855	0.000830236
0.071501165	0.000191468	-0.001537482	0.000830009
0.071568292	0.000192073	-1.15075E-05	0.000830144
0.071635448	0.000192681	-0.000808152	0.000830255
0.071702627	0.000193293	-0.000317378	0.000829617
0.071769829	0.000193909	-0.002581278	0.0008294
0.071837054	0.000194528	-0.000130859	0.000830014
0.071904296	0.00019515	-0.001640003	0.000830077
0.071971567	0.000195777	-0.0001729	0.000830251
0.072038861	0.000196406	-0.001686057	0.00083042
0.072106178	0.00019704	0.000705845	0.000829878
0.072173512	0.000197676	-0.001120803	0.000830201
0.072240875	0.000198316	7.57276E-05	0.000829982
0.072308261	0.00019896	0.001112563	0.000830025
0.072375669	0.000199607	0.002059885	0.000829973
0.072443095	0.000200258	0.001749899	0.000830334
0.07251055	0.000200911	0.002901766	0.000830356
0.072578028	0.000201569	0.003627416	0.000830556
0.072645529	0.000202229	0.002295856	0.000830443
0.072713046	0.000202893	0.004382748	0.00082969
0.072780593	0.00020356	0.003021138	0.000829963
0.072848163	0.000204231	0.00379438	0.000830027
0.072915756	0.000204904	0.005315171	0.000830068
0.072983365	0.000205581	0.005485701	0.000829746
0.073051004	0.000206262	0.004246312	0.000829833
0.073118666	0.000206945	0.004976674	0.000830239
0.073186351	0.000207632	0.005308617	0.000829758
0.073254052	0.000208321	0.005610609	0.000829663
0.073321783	0.000209014	0.005751379	0.000829727
0.073389537	0.00020971	0.004444112	0.000829597
0.073457314	0.00021041	0.005302031	0.000829449
0.073525114	0.000211112	0.006632972	0.000830035
0.073592963	0.000211971	0.007048747	0.000829918
0.073660827	0.000211978	0.006907771	0.000829854
0.073728683	0.000211991	0.007226064	0.000829906
0.073796531	0.000212009	0.005013661	0.000829587
0.073864366	0.000212033	0.004930111	0.000829224
0.073932199	0.000212063	0.004258882	0.000829197
0.074000024	0.000212098	0.004157	0.00082916
0.074067842	0.00021214	0.004860141	0.000828905
0.074135646	0.000212186	0.002404973	0.000828754
0.074203449	0.000212239	0.003224734	0.000828681
0.074271244	0.000212297	0.003677954	0.00082859
0.074339032	0.000212361	0.002783116	0.000828712
0.074406805	0.000212431	1.28402E-05	0.000828307
0.074474578	0.000212507	-0.000326447	0.000828376
0.074542342	0.000212588	0.001586622	0.00082815
0.074610099	0.000212675	-0.001418333	0.000827749
0.074677842	0.000212768	-0.000687711	0.000827784
0.074745584	0.000212867	-0.001526234	0.0008272
0.074813319	0.000212972	-0.001089134	0.000826963
0.074881045	0.000213082	-0.001736153	0.000827493
0.074948758	0.000213198	-0.00352651	0.000827023
0.07501647	0.00021332	-0.001926537	0.000827361
0.075084173	0.000213448	-0.000442615	0.000827312
0.07515187	0.000213582	-0.002019634	0.000826957
0.075219558	0.000213721	-0.003676168	0.000827122
0.075287233	0.000213867	-0.001678437	0.000827093
0.075354906	0.000214018	-0.001036538	0.000827135
0.075422572	0.000214175	-0.002861647	0.000826945
0.075490231	0.000214338	-0.001960494	0.00082666
0.075557875	0.000214507	-0.000375234	0.00082675
0.075625518	0.000214682	-0.000634652	0.000826198
0.075693153	0.000214862	-0.00036354	0.000826691
0.075760781	0.000215049	1.63459E-05	0.000826854
0.075828395	0.000215241	-0.000124533	0.000826688
0.075896007	0.000215439	0.000846564	0.000826824
0.075963612	0.000215643	0.002747133	0.000827436
0.07603121	0.000215853	0.001480791	0.000826354
0.076098793	0.000216068	0.003255073	0.000826946
0.076166375	0.00021629	0.003446482	0.000826405
0.07623395	0.000216517	0.00285076	0.000826901
0.076301517	0.000216751	0.003264641	0.000826784
0.07636907	0.00021699	0.005176739	0.000827134
0.076436622	0.000217235	0.005204339	0.000826648
0.076504166	0.000217485	0.003954321	0.000826589
0.076571702	0.000217742	0.003555935	0.000826851
0.076639225	0.000218004	0.003429431	0.000826831
0.076706746	0.000218272	0.005025735	0.000826558
0.07677426	0.000218546	0.005373742	0.0008269
0.076841766	0.000218826	0.005398624	0.000826884
0.076909265	0.000219112	0.00898912	0.000826446
0.076976749	0.000219403	0.007261269	0.000826594
0.077044232	0.0002197	0.005561757	0.000826257
0.077111708	0.000220003	0.003887019	0.000826374
0.077179176	0.000220312	0.005290288	0.000826539
0.07724663	0.000220626	0.004269517	0.000825967
0.077314083	0.000220946	0.004643435	0.000825152
0.077381529	0.000221272	0.004811651	0.000825973
0.077448966	0.000221604	0.005878332	0.000825738
0.07751639	0.000221941	0.005006327	0.000825638
0.077583812	0.000222284	0.002325771	0.000825022
0.077651227	0.000222633	0.001853428	0.000825333
0.077718634	0.000222987	0.003570455	0.00082565
0.077786028	0.000223347	-0.000755779	0.000824732
0.07785342	0.000223713	0.000366426	0.000825074
0.077920804	0.000224084	9.3777E-05	0.000824482
0.077988181	0.000224461	0.001035898	0.000824531
0.078055544	0.000224844	-0.000485215	0.000824348
0.078122905	0.000225232	-0.000549627	0.000824237
0.07819026	0.000225626	-0.000789243	0.000824137
0.078257606	0.000226025	-0.000778941	0.000823976
0.078324938	0.00022643	-4.27202E-05	0.000823749
0.07839227	0.00022684	-0.001842147	0.000824111
0.078459593	0.000227256	-0.000242865	0.000823778
0.078526909	0.000227677	0.000986195	0.000824564
0.078594217	0.000228104	-0.000678125	0.000824013
0.078661512	0.000228537	-0.000337646	0.000824148
0.078728805	0.000228974	-8.9297E-05	0.000823985
0.078796091	0.000229418	0.000259888	0.000823858
0.078863369	0.000229866	0.001102026	0.000823202
0.078930632	0.00023032	0.002403308	0.000823735
0.078997895	0.00023078	0.00135208	0.000823911
0.07906515	0.000231245	0.003210486	0.000823926
0.079132398	0.000231715	0.001655057	0.000824021
0.079199631	0.000232191	0.003388088	0.000824015
0.079266864	0.000232671	0.004133218	0.000824196
0.079334088	0.000233158	0.006171469	0.0008242
0.079401306	0.000233649	0.00722278	0.000823924
0.079468509	0.000234146	0.005495033	0.000823766
0.079535711	0.000234648	0.006774532	0.000824683
0.079602905	0.000235155	0.008955125	0.000824651
0.079670092	0.000235667	0.009332888	0.000824144
0.079737264	0.000236185	0.009307866	0.000824627
0.079804436	0.000236708	0.009740495	0.000824758
0.0798716	0.000237235	0.011546108	0.000824301
0.079938756	0.000237768	0.010548342	0.000824747
0.080005898	0.000238306	0.010835598	0.000825078
0.080073039	0.00023885	0.01329206	0.000824769
0.080140173	0.000239398	0.013793291	0.000825013
0.080207299	0.000239951	0.012055637	0.000824798
0.080274417	0.00024051	0.011621444	0.000824148
0.080341521	0.000241073	0.013741847	0.000824474
0.080408624	0.000241641	0.013697653	0.000824347
0.080475719	0.000242214	0.01511285	0.000824879
0.080542807	0.000242793	0.015224539	0.000824597
0.080609881	0.000243376	0.014557788	0.000824149
0.080676954	0.000243964	0.014118888	0.000824696
0.080744019	0.000244557	0.014998684	0.000824381
0.080811076	0.000245154	0.013858877	0.000824294
0.080878119	0.000245757	0.01488981	0.000823984
0.080945162	0.000246364	0.017763805	0.000824136
0.081012196	0.000246976	0.015639567	0.000824326
0.081079223	0.000247593	0.016238313	0.000824664
0.081146236	0.000248215	0.01639974	0.00082461
0.081213248	0.000248841	0.015575844	0.000824315
0.081280252	0.000249473	0.017157799	0.000824376
0.081347249	0.000250108	0.018377237	0.000824257
0.081414231	0.000250749	0.019356909	0.000824139
0.081481213	0.000251394	0.017846328	0.00082403
0.081548186	0.000252044	0.016681778	0.000824218
0.081615152	0.000252698	0.019291684	0.000824547
0.081682104	0.000253357	0.01976437	0.000824187
0.081749055	0.00025402	0.02225824	0.000824181
0.081815999	0.000254688	0.021697321	0.000824965
0.081882934	0.000255361	0.022548195	0.000824986
0.081949863	0.000256038	0.024582659	0.000825444
0.082016777	0.000256719	0.025453502	0.00082535
0.08208369	0.000257405	0.025633103	0.00082518
0.082150595	0.000258095	0.028726758	0.000825957
0.082217492	0.00025879	0.028322625	0.000826009
0.082284376	0.000259489	0.031874694	0.000826447
0.082351259	0.000260192	0.032349666	0.000826827
0.082418133	0.0002609	0.035860349	0.000826721
0.082485001	0.000261612	0.037346196	0.000826554
0.082551854	0.000262328	0.037760201	0.000827565
0.082618706	0.000263048	0.042990801	0.00082786
0.08268555	0.000263773	0.043737724	0.000828449
0.082752387	0.000264502	0.047997632	0.000828324
0.08281921	0.000265236	0.049318705	0.000828493
0.082886032	0.000265973	0.048857726	0.000828954
0.082952846	0.000266714	0.053045475	0.000829925
0.083019652	0.00026746	0.058407369	0.000830487
0.083086445	0.00026821	0.058911312	0.000830817
0.083153236	0.000268964	0.065163859	0.000831386
0.083220019	0.000269722	0.065975925	0.000832074
0.083286795	0.000270484	0.070753774	0.000832752
0.083353557	0.00027125	0.073651603	0.000832995
0.083420318	0.00027202	0.075479462	0.000833488
0.083487071	0.000272794	0.080624499	0.000834147
0.083553817	0.000273572	0.083564407	0.000834729
0.083620555	0.000274354	0.087800491	0.000835393
0.083687279	0.00027514	0.088590182	0.000835055
0.083754001	0.00027593	0.093671984	0.00083645
0.083820717	0.000276723	0.097210497	0.000837036
0.083887424	0.000277521	0.100280772	0.000837476
0.083954122	0.000278313	0.103743748	0.000838136
0.084020824	0.000278319	0.107963668	0.0008385
0.084087523	0.000278329	0.109795989	0.000839766
0.084154216	0.000278345	0.114674733	0.000840206
0.084220899	0.000278365	0.118959736	0.000841105
0.084287584	0.000278391	0.124153679	0.000841743
0.084354265	0.000278422	0.128288003	0.00084338
0.084420941	0.000278458	0.132023742	0.000843924
0.084487606	0.000278499	0.137312688	0.000844278
0.084554273	0.000278545	0.143319857	0.000846196
0.084620936	0.000278597	0.147926339	0.000847226
0.084687594	0.000278654	0.152630072	0.000847792
0.084754242	0.000278716	0.158280148	0.000849261
0.084820892	0.000278783	0.164675103	0.00085049
0.084887537	0.000278855	0.171261033	0.000851961
0.084954178	0.000278932	0.178583948	0.000853401
0.085020808	0.000279015	0.186029258	0.000854765
0.08508744	0.000279103	0.193680092	0.000856257
0.085154067	0.000279196	0.199150091	0.000858334
0.085220691	0.000279295	0.206282256	0.000859622
0.085287309	0.000279399	0.213579018	0.000861195
0.085353917	0.000279508	0.2247012	0.000863334
0.085420527	0.000279622	0.233304263	0.000865209
0.085487133	0.000279741	0.243268018	0.000867841
0.085553734	0.000279866	0.250794673	0.000869957
0.085620325	0.000279996	0.260467554	0.000872234
0.085686917	0.000280131	0.270315995	0.000874806
0.085753505	0.000280272	0.280250332	0.000877168
0.085820088	0.000280418	0.291404923	0.000879786
0.085886661	0.000280569	0.303397579	0.000883238
0.085953236	0.000280726	0.314953117	0.000886102
0.086019806	0.000280887	0.324540197	0.000888798
0.086086372	0.000281054	0.337621484	0.000892616
0.086152927	0.000281227	0.351740234	0.000896212
0.086219484	0.000281405	0.363125523	0.000900087
0.086286037	0.000281588	0.375493474	0.000903171
0.086352585	0.000281776	0.384727664	0.000906563
0.086419123	0.000281969	0.404199054	0.000912662
0.086485662	0.000282168	0.414316766	0.000915864
0.086552197	0.000282373	0.428318899	0.000920357
0.086618728	0.000282582	0.443637447	0.00092491
0.086685248	0.000282797	0.457559007	0.000930134
0.08675177	0.000283017	0.474593988	0.000935562
0.086818287	0.000283243	0.488399465	0.000940764
0.0868848	0.000283474	0.505001439	0.000947308
0.086951309	0.00028371	0.520929955	0.000953187
0.087017807	0.000283951	0.537962628	0.000959352
0.087084306	0.000284198	0.555462619	0.000966324
0.087150802	0.00028445	0.572044306	0.000973226
0.087217293	0.000284707	0.588096305	0.000979561
0.087283773	0.00028497	0.603721155	0.000986755
0.087350255	0.000285238	0.623992519	0.000996016
0.087416733	0.000285511	0.643664283	0.001004658
0.087483206	0.00028579	0.657354084	0.001011157
0.087549669	0.000286074	0.676702005	0.001020717
0.087616133	0.000286363	0.694710393	0.001028718
0.087682594	0.000286657	0.717089996	0.001040786
0.087749049	0.000286957	0.73657055	0.001050663
0.087815494	0.000287262	0.755633667	0.001061014
0.087881941	0.000287572	0.774344029	0.001071796
0.087948384	0.000287888	0.798490089	0.001085808
0.088014822	0.000288208	0.823131066	0.001100273
0.088081249	0.000288534	0.839773073	0.001110001
0.088147678	0.000288866	0.86090756	0.001123696
0.088214103	0.000289202	0.889020152	0.001141412
0.088280524	0.000289544	0.912282451	0.001156533
0.088346933	0.000289891	0.932921504	0.001171005
0.088413345	0.000290243	0.960395415	0.001191397
0.088479752	0.0002906	0.98462332	0.001208545
0.088546155	0.000290963	1.013195679	0.00123217
0.088612554	0.000291331	1.037234293	0.00125058
0.088678941	0.000291704	1.067302626	0.001276447
0.088745331	0.000292082	1.093232394	0.001297662
0.088811716	0.000292465	1.118151206	0.001321089
0.088878097	0.000292854	1.144606452	0.001344574
0.088944467	0.000293247	1.173411619	0.001371896
0.089010839	0.000293646	1.207117271	0.001404786
0.089077207	0.00029405	1.232378222	0.001431294
0.08914357	0.000294459	1.260586464	0.001461119
0.089209922	0.000294873	1.289061637	0.00149277
0.089276277	0.000295292	1.319410661	0.001528294
0.089342627	0.000295717	1.349593771	0.001563775
0.089408972	0.000296146	1.389312126	0.001613603
0.089475307	0.000296581	1.420580453	0.001653372
0.089541644	0.00029702	1.45284509	0.001695539
0.089607976	0.000297465	1.486244481	0.001743569
0.089674304	0.000297915	1.513048753	0.001782997
0.089740621	0.00029837	1.54452482	0.001830072
0.08980694	0.000298829	1.589036004	0.001897702
0.089873255	0.000299294	1.620385453	0.001950158
0.089939565	0.000299764	1.651904657	0.002004019
0.090005865	0.000300239	1.690993483	0.00207321
0.090072166	0.000300718	1.718122997	0.002120745
0.090138463	0.000301203	1.761943544	0.002204697
0.090204756	0.000301693	1.783546653	0.002249108
0.090271044	0.000302187	1.827620598	0.002338487
0.090337322	0.000302687	1.873480679	0.002437632
0.090403601	0.000303191	1.898375339	0.002492795
0.090469876	0.000303701	1.937636101	0.002584286
0.090536147	0.000304215	1.973019334	0.002669298
0.090602407	0.000304734	2.01646686	0.002778865
0.090668669	0.000305258	2.051399151	0.002871474
0.090734926	0.000305787	2.089735935	0.002975352
0.090801179	0.000306321	2.124487455	0.003072732
0.090867421	0.000306859	2.16596003	0.003195321
0.090933666	0.000307402	2.218312328	0.003357991
0.090999905	0.000307951	2.231790139	0.003402439
0.091066141	0.000308503	2.282274467	0.003568482
0.091132365	0.000309061	2.336218405	0.003755198
0.091198592	0.000309623	2.349547505	0.003804564
0.091264814	0.000310191	2.406633964	0.00401932
0.091331032	0.000310762	2.437336169	0.004140858
0.091397239	0.000311339	2.477998238	0.0043042
0.091463448	0.00031192	2.531996999	0.004539376
0.091529652	0.000312506	2.566249822	0.004693152
0.091595853	0.000313097	2.581536749	0.004764566
0.091662042	0.000313692	2.621417732	0.004951509
0.091728233	0.000314292	2.668171856	0.005181403
0.09179442	0.000314896	2.716902993	0.005429658
0.091860603	0.000315505	2.731014995	0.005510658
0.091926781	0.000316119	2.786071368	0.005816076
0.091992948	0.000316737	2.809448637	0.005951779
0.092059117	0.00031736	2.81763726	0.005994737
0.092125282	0.000317987	2.878999206	0.006373047
0.092191443	0.000318619	2.930481255	0.006702483
0.092257593	0.000319256	2.963286481	0.0069177
0.092323744	0.000319896	2.996742595	0.007155321
0.092389891	0.000320542	3.043148626	0.007487393
0.092456034	0.000321192	3.069878469	0.007685786
0.092522166	0.000321846	3.11273418	0.008025357
0.0925883	0.000322505	3.150722733	0.008325878
0.09265443	0.000323168	3.168328475	0.008472074
0.092720555	0.000323835	3.183562018	0.008598214
0.09278667	0.000324507	3.24983314	0.009185061
0.092852786	0.000325183	3.275112261	0.009424064
0.092918898	0.000325864	3.33315412	0.009978448
0.092985006	0.000326549	3.323088535	0.009876364
0.093051103	0.000327238	3.358101929	0.010226406
0.093117201	0.000327932	3.442394045	0.011114541
0.093183296	0.00032863	3.479486267	0.011536886
0.093249386	0.000329332	3.542251811	0.012275856
0.093315465	0.000330038	3.504293847	0.011821739
0.093381546	0.000330749	3.570798294	0.012626686
0.093447623	0.000331463	3.604867246	0.013057619
0.093513695	0.000332182	3.602079633	0.01302702
0.093579763	0.000332906	3.629718073	0.013391095
0.09364582	0.000333633	3.726151388	0.014732091
0.093711879	0.000334365	3.692886356	0.014255864
0.093777934	0.0003351	3.66568928	0.013876693
0.093843984	0.00033584	3.801133951	0.015873118
0.093910024	0.000336584	3.787706423	0.015657586
0.093976065	0.000337332	3.798706385	0.015830317
0.094042102	0.000338084	3.792664376	0.015741987
0.094108135	0.00033884	3.800637178	0.015871693
0.094174157	0.0003396	3.841537287	0.016515039
0.094240181	0.000340365	3.837968973	0.016465531
0.094306203	0.000341301	3.890911396	0.017361719
0.094372238	0.000341305	3.921269353	0.017902067
0.094438277	0.000341314	3.815592024	0.016097161
0.094504333	0.000341327	3.876708567	0.017105705
0.094570397	0.000341346	3.932161372	0.01807663
0.094636472	0.00034137	3.880456991	0.017159368
0.09470255	0.000341399	3.93602486	0.018136355
0.094768644	0.000341434	3.916523964	0.017796278
0.094834748	0.000341473	3.911179412	0.017689518
0.094900862	0.000341518	3.904068232	0.017577785
0.094966979	0.000341567	3.877274852	0.017107571
0.095033112	0.000341622	3.92374616	0.017910939
0.095099255	0.000341682	3.868819295	0.016957409
0.095165407	0.000341748	3.953177202	0.018432225
0.09523157	0.000341818	3.872257309	0.017009218
0.095297736	0.000341894	3.93031073	0.018024555
0.095363917	0.000341975	3.912381798	0.017693736
0.095430109	0.000342061	3.831497068	0.016331417
0.09549631	0.000342152	3.842443452	0.01651784
0.095562515	0.000342249	3.858635546	0.016764344
0.095628736	0.00034235	3.843068067	0.016519772
0.095694967	0.000342457	3.820461047	0.016148525
0.095761207	0.00034257	3.887604734	0.017266446
0.095827451	0.000342687	3.804204196	0.015881943
0.095893711	0.00034281	3.78698525	0.015620597
0.095959981	0.000342938	3.676807923	0.013986633
0.09602626	0.000343071	3.718785181	0.014589517
0.096092543	0.00034321	3.73724034	0.014854828
0.096158842	0.000343353	3.760958315	0.015209194
0.096225151	0.000343503	3.577574219	0.012663046
0.096291469	0.000343657	3.643790832	0.013527017
0.096357791	0.000343817	3.636158809	0.013430974
0.096424129	0.000343982	3.566612892	0.012525219
0.096490477	0.000344152	3.555176444	0.012389304
0.096556835	0.000344327	3.542930285	0.012232398
0.096623196	0.000344508	3.465245831	0.011318896
0.096689573	0.000344694	3.444361226	0.011080283
0.096755959	0.000344886	3.427980262	0.01091093
0.096822356	0.000345083	3.416855404	0.010788688
0.096888762	0.000345285	3.343187152	0.010020849
0.096955172	0.000345492	3.336421686	0.009951952
0.097021598	0.000345705	3.27428481	0.009355414
0.097088033	0.000345923	3.239268524	0.009033911
0.097154478	0.000346146	3.215736652	0.008826883
0.097220927	0.000346374	3.14935887	0.008260512
0.097287392	0.000346608	3.147810406	0.008248661
0.097353867	0.000346848	3.107171984	0.007921863
0.097420351	0.000347092	3.03883237	0.007406161
0.097486839	0.000347342	3.057333927	0.007540949
0.097553342	0.000347597	2.987421198	0.007038684
0.097619856	0.000347858	2.948882969	0.006783839
0.097686379	0.000348123	2.923714593	0.006607817
0.097752906	0.000348394	2.862989931	0.006220966
0.097819449	0.000348671	2.836087283	0.006059804
0.097886002	0.000348952	2.812981023	0.005924882
0.097952564	0.000349239	2.766493362	0.005656681
0.09801913	0.000349532	2.723143842	0.005421973
0.098085712	0.000349829	2.684768235	0.005220398
0.098152303	0.000350132	2.646481489	0.005029294
0.098218905	0.00035044	2.607561648	0.004840322
0.098285509	0.000350753	2.596995593	0.004793289
0.09835213	0.000351072	2.534703607	0.004509944
0.098418761	0.000351396	2.511489309	0.004409975
0.098485401	0.000351725	2.469834731	0.00423235
0.098552051	0.00035206	2.408987714	0.003993429
0.098618705	0.0003524	2.395162568	0.003938749
0.098685375	0.000352745	2.348962037	0.003764948
0.098752054	0.000353095	2.304576929	0.00361084
0.098818743	0.00035345	2.255776581	0.003444308
0.098885436	0.000353811	2.227378841	0.00335422
0.098952145	0.000354177	2.20022026	0.003267318
0.099018863	0.000354548	2.151512397	0.003119735
0.099085591	0.000354925	2.111749698	0.003004463
0.099152323	0.000355307	2.065175248	0.002877091
0.099219071	0.000355693	2.028524364	0.00278026
0.099285828	0.000356086	1.994944386	0.002693725
0.099352595	0.000356483	1.954958588	0.002597391
0.099419366	0.000356885	1.924954669	0.002526862
0.099486153	0.000357293	1.884329279	0.002435125
0.099552949	0.000357706	1.850803492	0.002361443
0.099619755	0.000358124	1.808743747	0.002273426
0.099686565	0.000358547	1.779617722	0.002214778
0.099753391	0.000358976	1.740704916	0.00214021
0.099820226	0.000359409	1.705250214	0.00207372
0.099887071	0.000359848	1.672767823	0.002016131
0.09995392	0.000360292	1.637531865	0.00195529
0.100020785	0.000360741	1.594373767	0.00188411
0.100087659	0.000361195	1.574116	0.001852344
0.100154544	0.000361654	1.535218627	0.001793627
0.100221438	0.000362118	1.505415577	0.001750215
0.100288335	0.000362587	1.475481375	0.001707041
0.100355249	0.000363062	1.43938653	0.001657568
0.100422172	0.000363541	1.407441928	0.001616102
0.100489105	0.000364026	1.373757133	0.001572592
0.100556042	0.000364515	1.335514333	0.001527309
0.100622994	0.00036501	1.305287873	0.001491704
0.100689956	0.00036551	1.280332642	0.001463589
0.100756929	0.000366015	1.249063939	0.001430583
0.100823904	0.000366524	1.219395257	0.001399535
0.100890896	0.000367039	1.195433627	0.001375018
0.100957897	0.000367559	1.163730648	0.001344388
0.101024908	0.000368083	1.134162951	0.00131765
0.101091923	0.000368613	1.105953126	0.00129148
0.101158953	0.000369148	1.074834528	0.001265053
0.101225994	0.000369687	1.053551118	0.001246711
0.101293044	0.000370232	1.022081167	0.00122162
0.101360097	0.000370781	0.994313528	0.00119987
0.101427167	0.000371336	0.970975485	0.001182053
0.101494246	0.000371895	0.942287888	0.001161955
0.101561335	0.000372459	0.916800265	0.001144339
0.101628428	0.000373028	0.891420342	0.001126822
0.101695537	0.000373602	0.870187286	0.001113386
0.101762655	0.000374181	0.846025724	0.001098129
0.101829783	0.000374764	0.820859184	0.001082682
0.101896921	0.000375353	0.795457486	0.001068127
0.101964062	0.000375946	0.778509515	0.001058151
0.10203122	0.000376544	0.754868613	0.001045351
0.102098387	0.000377147	0.732338677	0.001034163
0.102165564	0.000377754	0.713812763	0.001023962
0.102232744	0.000378366	0.693770798	0.001013436
0.102299941	0.000378984	0.672639577	0.001003468
0.102367147	0.000379605	0.656343409	0.000995103
0.102434363	0.000380232	0.641027533	0.000988068
0.102501582	0.000380863	0.619493141	0.000979024
0.102568818	0.000381499	0.600721901	0.000970623
0.102636063	0.00038214	0.581756737	0.000961855
0.102703318	0.000382785	0.56692753	0.000956568
0.102770576	0.000383435	0.548148574	0.000948529
0.102837851	0.00038409	0.531274142	0.000941961
0.102905135	0.000384749	0.517534586	0.000937438
0.102972429	0.000385413	0.50170131	0.000930865
0.103039726	0.000386082	0.488638191	0.000925531
0.10310704	0.000386755	0.470764878	0.000919576
0.103174363	0.000387433	0.45740008	0.000914853
0.103241696	0.000388115	0.440684532	0.000909879
0.103309033	0.000388802	0.42672702	0.00090471
0.103376385	0.000389493	0.411539557	0.000900129
0.103443747	0.000390189	0.396387965	0.000895432
0.10351112	0.000390889	0.387765838	0.000892365
0.103578501	0.000391594	0.374315534	0.000887962
0.103645886	0.000392304	0.360226975	0.00088388
0.103713288	0.000393017	0.346415163	0.00088043
0.103780699	0.000393736	0.335064997	0.000877405
0.10384812	0.000394458	0.324013264	0.000873632
0.103915544	0.000395185	0.311110017	0.0008702
0.103982984	0.000395917	0.298153644	0.000866871
0.104050434	0.000396653	0.290055265	0.000864354
0.104117894	0.000397393	0.279853889	0.000862079
0.104185357	0.000398138	0.266176508	0.000858873
0.104252837	0.000398887	0.258259016	0.000856791
0.104320326	0.00039964	0.248079826	0.000853956
0.104387825	0.000400398	0.238515603	0.000852071
0.104455327	0.00040116	0.228010817	0.000849496
0.104522845	0.000401926	0.222792297	0.00084795
0.104590373	0.000402697	0.211673643	0.000845325
0.104657911	0.000403472	0.202508476	0.000843412
0.104725456	0.000403794	0.194816302	0.00084175
0.104793007	0.000403802	0.189539487	0.000840402
0.104860555	0.000403815	0.18003776	0.000838263
0.104928101	0.000403834	0.172186547	0.000836423
0.104995639	0.000403858	0.164665853	0.000835054
0.105063181	0.000403888	0.158140738	0.00083414
0.105130722	0.000403924	0.152118359	0.00083284
0.10519826	0.000403965	0.146321564	0.000831033
0.105265796	0.000404012	0.1403978	0.000829528
0.10533333	0.000404065	0.136531091	0.000828403
0.105400861	0.000404123	0.130604504	0.000827607
0.105468378	0.000404187	0.122841731	0.000825945
0.105535906	0.000404257	0.120121268	0.000825377
0.105603432	0.000404332	0.116062183	0.000824866
0.105670955	0.000404413	0.111518364	0.000824227
0.105738477	0.0004045	0.110799191	0.000823054
0.105805996	0.000404593	0.104775999	0.000822372
0.105873513	0.000404691	0.101316505	0.000821827
0.105941029	0.000404795	0.097986774	0.000820608
0.106008529	0.000404905	0.092571501	0.000820062
0.10607604	0.00040502	0.090438299	0.000819546
0.106143549	0.000405141	0.088187524	0.000818785
0.106211056	0.000405268	0.082917887	0.000817931
0.106278561	0.000405401	0.080871432	0.000817171
0.106346063	0.00040554	0.076769877	0.000816374
0.106413564	0.000405684	0.076502806	0.000815793
0.106481063	0.000405834	0.070669506	0.000815474
0.106548546	0.00040599	0.069336223	0.000814829
0.106616041	0.000406152	0.065194732	0.000814429
0.106683533	0.000406319	0.065085152	0.000814287
0.106751024	0.000406493	0.062638715	0.00081341
0.106818512	0.000406672	0.059442021	0.00081265
0.106885998	0.000406856	0.057491364	0.000812211
0.106953482	0.000407047	0.05509456	0.000812268
0.107020964	0.000407244	0.052748203	0.000811621
0.107088444	0.000407446	0.049248802	0.00081135
0.107155909	0.000407654	0.047263889	0.000810748
0.107223385	0.000407868	0.04617507	0.000809892
0.107290859	0.000408088	0.043594656	0.000809884
0.10735833	0.000408313	0.041089362	0.00080932
0.1074258	0.000408544	0.039378725	0.000808669
0.107493267	0.000408782	0.037192225	0.000808426
0.107560733	0.000409024	0.035277353	0.000808778
0.107628196	0.000409273	0.033097214	0.000808133
0.107695644	0.000409528	0.031314764	0.000807595
0.107763103	0.000409788	0.030760274	0.000807139
0.107830561	0.000410054	0.027912188	0.000806733
0.107898016	0.000410326	0.025419894	0.000806711
0.107965468	0.000410604	0.024214919	0.000805422
0.108032919	0.000410888	0.021583459	0.000805299
0.108100368	0.000411177	0.019651361	0.000805533
0.108167815	0.000411473	0.019373433	0.000804962
0.108235247	0.000411774	0.021079486	0.000804672
0.108302689	0.000412081	0.018955972	0.000804532
0.10837013	0.000412393	0.0164365	0.000804995
0.108437568	0.000412712	0.013698914	0.000804214
0.108505004	0.000413036	0.015436248	0.000803403
0.108572439	0.000413366	0.014406975	0.000803763
0.108639871	0.000413702	0.013565406	0.000803064
0.108707301	0.000414044	0.012117834	0.000803297
0.108774729	0.000414391	0.013866099	0.000802971
0.108842142	0.000414744	0.011869258	0.000802373
0.108909566	0.000415103	0.009789697	0.000802666
0.108976988	0.000415468	0.012315705	0.000802383
0.109044407	0.000415839	0.010238684	0.000802577
0.109111825	0.000416215	0.010053937	0.000802105
0.10917924	0.000416597	0.009162668	0.000802085
0.109246654	0.000416985	0.009922378	0.000801944
0.109314065	0.000417378	0.01095417	0.000802268
0.109381462	0.000417777	0.011765014	0.000802095
0.109448869	0.000418182	0.009602336	0.000802295
0.109516274	0.000418593	0.009779739	0.00080174
0.109583677	0.00041901	0.01076633	0.000801455
0.109651078	0.000419432	0.009320216	0.000801788
0.109718477	0.00041986	0.010514081	0.000801616
0.109785874	0.000420293	0.010043219	0.000801622
0.109853269	0.000420732	0.009519085	0.00080176
0.109920649	0.000421177	0.009816637	0.000801325
0.109988039	0.000421628	0.010449532	0.000801706
0.110055428	0.000422084	0.01000974	0.000801496
0.110122815	0.000422546	0.010416177	0.000801139
0.110190199	0.000423014	0.011077246	0.000800963
0.110257581	0.000423487	0.009959721	0.000801087
0.110324962	0.000423966	0.010021782	0.000800656
0.11039234	0.000424451	0.00968593	0.000800723
0.110459716	0.000424941	0.007970467	0.000800253
0.110527077	0.000425436	0.008386359	0.000800378
0.110594449	0.000425938	0.008681406	0.000800825
0.110661819	0.000426445	0.00760203	0.000800195
0.110729187	0.000426957	0.00713281	0.000800201
0.110796552	0.000427476	0.00714907	0.000799704
0.110863916	0.000427999	0.006943174	0.000799592
0.110931278	0.000428528	0.005724902	0.000799541
0.110998637	0.000429063	0.005702612	0.000799118
0.111065982	0.000429603	0.003000992	0.000798995
0.111133337	0.000430149	0.003396513	0.000798937
0.11120069	0.000430701	0.005111522	0.000798427
0.111268041	0.000431258	0.002965698	0.000798631
0.11133539	0.00043182	0.000841756	0.000798341
0.111402738	0.000432388	0.001078865	0.000798238
0.111470082	0.000432961	0.000162978	0.000797857
0.111537425	0.00043354	-0.000491419	0.000798274
0.111604753	0.000434124	-0.000306923	0.000797963
0.111672092	0.000434714	-0.000990649	0.000797917
0.111739429	0.000435309	0.000265328	0.000797455
0.111806763	0.000435909	-0.000155937	0.000797867
0.111874096	0.000436515	-0.000118338	0.000797554
0.111941426	0.000437126	-0.001250459	0.000797698
0.112008755	0.000437743	0.000410523	0.000797796
0.112076081	0.000438365	-0.002503782	0.000797007
0.112143405	0.000438992	-0.001048912	0.000796993
0.112210714	0.000439625	-0.000715915	0.000797502
0.112278034	0.000440263	-0.000615319	0.000797438
0.112345352	0.000440906	-0.000866722	0.000797021
0.112412668	0.000441555	-0.00096296	0.000796986
0.112479982	0.000442209	0.000317299	0.000797085
0.112547294	0.000442868	-0.000625753	0.000797396
0.112614603	0.000443532	0.000195679	0.000797066
0.112681911	0.000444202	0.000208575	0.000797346
0.112749204	0.000444877	0.000830495	0.000796807
0.112816507	0.000445557	0.001266837	0.000796914
0.112883808	0.000446242	0.002570286	0.000797096
0.112951108	0.000446933	0.003552804	0.00079705
0.113018405	0.000447628	0.00312572	0.000797322
0.1130857	0.000448329	0.004486097	0.000797229
0.113152993	0.000449035	0.003036873	0.000797234
0.113220284	0.000449746	0.005488021	0.000796979
0.11328756	0.000450462	0.00408488	0.000796761
0.113354847	0.000451184	0.005555005	0.000796937
0.113422131	0.00045191	0.005327259	0.000796937
0.113489414	0.000452642	0.004621694	0.00079695
0.113556695	0.000453378	0.005144085	0.000796908
0.113623973	0.00045412	0.006479381	0.00079664
0.11369125	0.000454867	0.005714067	0.00079645
0.113758524	0.000455618	0.004478009	0.000796222
0.113825796	0.000456375	0.003658203	0.000796694
0.113893054	0.000457137	0.005693104	0.00079627
0.113960322	0.000457903	0.004266909	0.00079626
0.114027588	0.000458675	0.003526124	0.000796586
0.114094852	0.000459452	0.001842469	0.000795972
0.114162114	0.000460233	0.0021733	0.000795618
0.114229373	0.00046102	0.001315341	0.000796066
0.114296631	0.000461811	0.003069153	0.000795721
0.114363887	0.000462607	0.001849408	0.000795392
0.114431128	0.000463408	0.00249769	0.000795316
0.114498379	0.000464214	-0.000545627	0.000795092
0.114565629	0.000465025	1.68538E-05	0.000795548
0.114632876	0.00046584	0.000284558	0.000795378
0.114700121	0.000466661	0.001250696	0.000795053
0.114767364	0.000467486	-0.001492554	0.000794929
0.114834606	0.000468316	-0.001938619	0.000794544
0.114901845	0.00046915	-0.000631956	0.000794956
0.114969069	0.00046999	-0.000415874	0.000794532
0.115036304	0.000470834	-0.003167251	0.000794513
0.115103544	0.000471143	-0.003332775	0.000794523
0.115170791	0.000471151	-0.001919479	0.000794388
0.115238045	0.000471165	-0.002553248	0.000794695
0.115305305	0.000471186	-0.002558993	0.000794079
0.115372572	0.000471212	-0.002282213	0.000793999
0.115439846	0.000471244	-0.002845279	0.000794071
0.115507126	0.000471282	-0.002721453	0.00079423
0.1155744	0.000471325	-0.002158242	0.000794159
0.115641693	0.000471375	-0.001260433	0.000794209
0.115708993	0.000471431	-0.000425568	0.000794443
0.1157763	0.000471493	-0.001215639	0.000794514
0.115843613	0.000471561	-0.000830102	0.000794556
0.115910933	0.000471635	-0.000353033	0.000794015
0.11597826	0.000471714	-0.000110186	0.000794386
0.116045593	0.0004718	0.001460941	0.000794154
0.11611292	0.000471892	-0.002212077	0.000793764
0.116180266	0.00047199	0.002040732	0.000794648
0.116247619	0.000472094	0.002192771	0.000794408
0.116314978	0.000472204	0.001509241	0.000794267
0.116382345	0.00047232	0.001893154	0.000794502
0.116449717	0.000472442	0.003093373	0.000794459
0.116517097	0.00047257	0.003911617	0.000794516
0.116584483	0.000472704	0.003115664	0.000794972
0.116651863	0.000472844	0.003263497	0.000794591
0.116719262	0.00047299	0.003538679	0.000794178
0.116786668	0.000473143	0.004718381	0.000794676
0.11685408	0.000473301	0.005616399	0.000794588
0.116921499	0.000473465	0.005145865	0.00079455
0.116988925	0.000473636	0.005084964	0.00079454
0.117056357	0.000473813	0.006232456	0.000794438
0.117123796	0.000473995	0.004782412	0.0007943
0.117191242	0.000474184	0.004409935	0.000794488
0.117258681	0.000474379	0.00398013	0.000794281
0.11732614	0.00047458	0.005651858	0.000794278
0.117393605	0.000474787	0.003004274	0.000794516
0.117461077	0.000475001	0.00344962	0.000794234
0.117528556	0.00047522	0.003514142	0.000793858
0.117596041	0.000475446	0.003334215	0.000794163
0.117663533	0.000475677	0.002836413	0.000793666
0.117731031	0.000475915	0.001554791	0.000793713
0.117798524	0.000476159	0.001440714	0.000793118
0.117866035	0.000476409	0.002383577	0.000793666
0.117933554	0.000476665	0.000830232	0.000793408
0.118001078	0.000476927	-0.000771277	0.000793232
0.11806861	0.000477195	0.000410999	0.000793817
0.118136148	0.000477469	-0.00070121	0.00079333
0.118203693	0.00047775	-0.001130966	0.000792984
0.118271244	0.000478037	-0.000882178	0.000793635
0.118338789	0.000478329	0.001319592	0.000793099
0.118406354	0.000478628	5.24266E-06	0.000793264
0.118473925	0.000478933	0.000635187	0.000793151
0.118541503	0.000479244	-0.002396104	0.000793263
0.118609087	0.000479561	-0.001569549	0.000793214
0.118676678	0.000479885	-0.000307597	0.000792796
0.118744276	0.000480214	0.000541651	0.000792734
0.11881188	0.000480549	0.000541651	0.000792734
0.118879491	0.000480891	0.000501729	0.000793235
0.118947096	0.000481239	0.001062633	0.000793357
0.11901472	0.000481592	0.0017827	0.000792663
0.11908235	0.000481952	0.001428419	0.000793221
0.119149988	0.000482318	0.00118489	0.000792851
0.119217632	0.00048269	-0.000255554	0.000793381
0.119285282	0.000483068	0.001972069	0.000792972
0.119352939	0.000483453	0.001728281	0.000792602
0.119420603	0.000483843	0.005294171	0.000793259
0.119488261	0.000484239	0.004065996	0.000793366
0.119555938	0.000484641	0.004082219	0.000793403
0.119623621	0.00048505	0.003900134	0.000793375
0.119691312	0.000485464	0.006353157	0.000793738
0.119759008	0.000485885	0.006128699	0.000793354
0.119826712	0.000486312	0.004942894	0.000793624
0.119894422	0.000486744	0.006692482	0.000793476
0.119962139	0.000487183	0.006686609	0.000793528
0.120029849	0.000487627	0.00692419	0.000793617
0.120097579	0.000488078	0.007361008	0.000793773
0.120165315	0.000488535	0.008087776	0.000793554
0.120233059	0.000488997	0.009711966	0.000793632
0.120300808	0.000489466	0.008652677	0.000793677
0.120368565	0.000489941	0.007218975	0.000793383
0.120436328	0.000490421	0.007030585	0.000793406
0.120504097	0.000490908	0.009074355	0.000793603
0.120571873	0.000491401	0.007237323	0.000793037
0.120639643	0.000491899	0.005923524	0.000792623
0.120707433	0.000492404	0.006085477	0.000793189
0.120775229	0.000492914	0.00708869	0.000792891
0.120843031	0.00049343	0.005694139	0.000793006
0.120910841	0.000493953	0.004623318	0.000792823
0.120978657	0.000494481	0.003638843	0.000792967
0.121046479	0.000495015	0.005110456	0.000792706
0.121114308	0.000495555	0.005607956	0.000792678
0.121182131	0.000496101	0.004858931	0.000792388
0.121249973	0.000496653	0.002227108	0.000792382
0.121317822	0.00049721	0.002659124	0.000792205
0.121385678	0.000497774	0.002220499	0.000792006
0.12145354	0.000498343	0.002028629	0.000792508
0.121521409	0.000498918	0.001296314	0.000792257
0.121589284	0.000499499	0.001521974	0.000791544
0.121657166	0.000500086	0.000619122	0.000791877
0.121725042	0.000500679	0.000244776	0.000791544
0.121792937	0.000501277	-0.000551416	0.000791147
0.121860839	0.000501882	0.000972013	0.000791322
0.121928748	0.000502492	-0.000735546	0.000791453
0.121996663	0.000503107	-0.002112685	0.000791046
0.122064584	0.000503729	-0.000370495	0.000791175
0.122132513	0.000504356	0.001378376	0.000791208
0.122200448	0.000504989	-0.000451332	0.000791084
0.122268389	0.000505628	-0.002258936	0.000790807
0.122336324	0.000506272	-0.000954156	0.000790928
0.122404279	0.000506922	-0.000542503	0.000790952
0.12247224	0.000507578	0.000612401	0.000790933
0.122540208	0.00050824	-0.00056573	0.0007904
0.122608183	0.000508907	0.00064341	0.000791056
0.122676164	0.00050958	0.002639045	0.000791029
0.122744152	0.000510258	0.001464143	0.000790633
0.122812147	0.000510942	0.001332668	0.000791142
0.122880135	0.000511632	0.001505683	0.000790796
0.122948142	0.000512327	0.003485704	0.00079116
0.123016157	0.000513028	0.00112638	0.00079113
0.123084177	0.000513735	0.001963885	0.000790886
0.123152205	0.000514447	0.003031668	0.000791541
0.123220239	0.000515164	0.004693693	0.000791111
0.12328828	0.000515887	0.002980844	0.000791004
0.123356327	0.000516616	0.004355373	0.000791039
0.123424368	0.00051735	0.004602363	0.000790646
0.123492429	0.000518089	0.00672643	0.000790544
0.123560496	0.000518834	0.00512528	0.000790982
0.12362857	0.000519585	0.003923677	0.000790267
0.12369665	0.000520341	0.005154017	0.000790869
0.123764737	0.000521102	0.006238046	0.000790566
0.123832831	0.000521869	0.005207748	0.00079074
0.123900931	0.000522642	0.004035313	0.000789913
0.123969038	0.000523419	0.004628252	0.000790298
0.124037138	0.000524202	0.005343948	0.000790369
0.124105259	0.000524991	0.001747322	0.000790265
0.124173385	0.000525784	0.003487497	0.000789926
0.124241519	0.000526583	0.003266879	0.00078997
0.124309659	0.000527388	0.002910243	0.000789485
0.124377805	0.000528198	0.001414872	0.000789529
0.124445958	0.000529013	0.000368491	0.000789056
0.124514118	0.000529833	0.002809801	0.000788982
0.124582271	0.000530658	-0.000404833	0.000788742
0.124650444	0.000531489	0.001284426	0.000788903
0.124718624	0.000532325	-0.001861695	0.000788578
0.12478681	0.000533166	0.00143597	0.000789044
0.124855003	0.000534013	-0.001058204	0.000788213
0.124923203	0.000534864	-0.003167666	0.000788087
0.124991409	0.000535721	-0.003552206	0.000788048
0.125059621	0.000536583	-0.004275926	0.000788035
0.125127828	0.00053745	-0.002978888	0.000787687
0.125196054	0.000538322	-0.004182047	0.000787134
0.125264286	0.0005392	-0.003921704	0.000787953
0.125332525	0.000540082	-0.003827932	0.000787285
0.125400771	0.00054097	-0.003612954	0.000787571
0.125469024	0.000541387	-0.005273511	0.000787494
0.125537279	0.000541387	-0.004665695	0.000786925
0.125605533	0.000541387	-0.003992634	0.000787202
0.125673788	0.000541387	-0.004625561	0.00078732
0.125742029	0.000541388	-0.004087878	0.000786702
0.125810284	0.000541388	-0.003389643	0.000786963
0.125878538	0.000541388	-0.002776207	0.000786998
0.125946793	0.000541388	-0.002311764	0.000787127
0.126015047	0.000541388	-0.002966516	0.000786697
0.126083302	0.000541388	-0.0031307	0.000786847
0.126151557	0.000541389	-0.001064158	0.000787045
0.126219811	0.000541389	2.17757E-05	0.000787346
0.126288053	0.000541389	0.000304289	0.000786981
0.126356307	0.000541389	0.000162143	0.000786649
0.126424562	0.00054139	0.002129599	0.000787008
0.126492816	0.00054139	0.001687944	0.000787426
0.126561071	0.00054139	-0.000366106	0.00078684
0.126629325	0.000541391	0.001922201	0.000786763
0.12669758	0.000541391	0.003326314	0.000787056
0.126765834	0.000541391	0.001702682	0.000786807
0.126834076	0.000541392	0.001549155	0.000786997
0.12690233	0.000541392	0.002769711	0.000786466
0.126970585	0.000541393	0.003781664	0.000787476
0.127038839	0.000541393	0.001474956	0.000786481
0.127107094	0.000541394	0.000932841	0.000786165
0.127175348	0.000541394	0.001108642	0.000786289
0.127243603	0.000541395	0.004427544	0.000786178
0.127311857	0.000541395	0.003556744	0.00078616
0.127380112	0.000541396	0.001038279	0.00078624
0.127448353	0.000541396	0.001924386	0.000786433
0.127516608	0.000541397	0.000893371	0.000786237
0.127584862	0.000541398	0.00141062	0.000786568
0.127653117	0.000541398	0.00026119	0.000785792
0.127721372	0.000541399	0.00058844	0.000785493
0.127789626	0.0005414	0.000743464	0.000785536
0.127857881	0.0005414	0.000396816	0.000785193
0.127926135	0.000541401	-0.002836515	0.00078503
0.127994377	0.000541402	-0.002443157	0.000785109
0.128062631	0.000541403	-0.001484202	0.000784694
0.128130886	0.000541403	-0.003623211	0.00078464
0.12819914	0.000541404	-0.005704609	0.000784693
0.128267395	0.000541405	-0.003226624	0.00078416
0.128335649	0.000541406	-0.003405524	0.000784133
0.128403904	0.000541407	-0.005004352	0.000784161
0.128472158	0.000541408	-0.00636897	0.000784322
0.1285404	0.000541409	-0.005108614	0.000783625
0.128608654	0.00054141	-0.004751323	0.00078391
0.128676909	0.00054141	-0.004572954	0.000783474
0.128745163	0.000541411	-0.005857152	0.000783492
0.128813418	0.000541412	-0.00638709	0.000783316
0.128881672	0.000541413	-0.005965884	0.000783283
0.128949927	0.000541415	-0.00788679	0.000783149
0.129018181	0.000541416	-0.007550142	0.000783122
0.129086436	0.000541417	-0.006551316	0.000783696
0.129154677	0.000541418	-0.005282036	0.000783271
0.129222932	0.000541419	-0.00518779	0.000782842
0.129291186	0.00054142	-0.006634085	0.000783009
0.129359441	0.000541421	-0.00463257	0.000783234
0.129427696	0.000541422	-0.004756384	0.000783543
0.12949595	0.000541424	-0.004944927	0.000783476
0.129564205	0.000541425	-0.004954824	0.000782973
0.129632459	0.000541426	-0.002155822	0.000783396
0.129700701	0.000541427	-0.002128099	0.000782823
0.129768955	0.000541429	-0.002892689	0.000783209
0.12983721	0.00054143	-0.000355428	0.000782873
0.129905464	0.000541431	0.000166214	0.000782826
0.129973719	0.000541433	0.001665365	0.000783096
0.130041973	0.000541434	-0.001604678	0.000782959
0.130110228	0.000541435	-0.001357577	0.000783314
0.130178482	0.000541437	0.001812091	0.000783097
0.130246724	0.000541438	0.002002218	0.000783211
0.130314978	0.00054144	0.001693366	0.000782846
0.130383233	0.000541441	0.0005507	0.000783096
0.130451487	0.000541443	0.002373599	0.000782654
0.130519742	0.000541444	0.001937776	0.000782926
0.130587996	0.000541446	0.001699377	0.000782657
0.130656251	0.000541447	0.001830984	0.000782296
0.130724505	0.000541449	0.001695525	0.000782149
0.13079276	0.00054145	0.001119525	0.00078223
0.130861001	0.000541452	0.000771766	0.000782262
0.130929256	0.000541453	0.001668363	0.000782166
0.130997511	0.000541455	0.002694969	0.000782407
0.131065765	0.000541457	0.000483786	0.000782303
0.13113402	0.000541458	-0.001910782	0.000781855
0.131202274	0.00054146	0.000230685	0.000781905
0.131270529	0.000541462	0.000685963	0.000782038
0.131338783	0.000541464	-0.002158951	0.000781733
0.131407025	0.000541465	-0.001340899	0.000780992
0.131475279	0.000541467	-0.003477707	0.000780944
0.131543534	0.000541469	-0.000761196	0.000780953
0.131611788	0.000541471	-0.003354007	0.000781004
0.131680043	0.000541473	-0.00385621	0.00078095
0.131748297	0.000541475	-0.003242905	0.000780705
0.131816552	0.000541476	-0.003485409	0.000780626
0.131884806	0.000541478	-0.005889082	0.000780244
0.131953048	0.00054148	-0.003171905	0.000780063
0.132021302	0.000541482	-0.004893931	0.000780036
0.132089557	0.000541484	-0.005363695	0.000780512
0.132157811	0.000541486	-0.006357982	0.000780216
0.132226066	0.000541488	-0.005558092	0.000780083
0.13229432	0.00054149	-0.006567549	0.000780163
0.132362575	0.000541492	-0.0047384	0.000780122
0.132430829	0.000541494	-0.005730887	0.000780099
0.132499084	0.000541497	-0.005969512	0.00077979
0.132567326	0.000541499	-0.005654099	0.000780006
0.13263558	0.000541501	-0.004580249	0.000779978
0.132703835	0.000541503	-0.004989441	0.000779454
0.132772089	0.000541505	-0.003231293	0.000780054
0.132840344	0.000541507	-0.004143089	0.000779476
0.132908598	0.00054151	-0.002487927	0.000779683
0.132976853	0.000541512	-0.001688973	0.000779782
0.133045107	0.000541514	-0.001979524	0.000780285
0.133113349	0.000541516	-0.001390289	0.000779596
0.133181603	0.000541519	-0.001308761	0.000780281
0.133249858	0.000541521	-0.000111555	0.000780042
0.133318112	0.000541523	-0.001303851	0.000779589
0.133386367	0.000541526	0.000526309	0.000780243
0.133454621	0.000541528	0.001751405	0.000779988
0.133522876	0.00054153	-0.000525453	0.000780484
0.13359113	0.000541533	0.002655508	0.000780441
0.133659372	0.000541535	0.00394695	0.000780238
0.133727626	0.000541538	0.00275831	0.000780561
0.133795881	0.00054154	0.002823749	0.000780382
0.133864135	0.000541543	0.004120686	0.000779991
0.13393239	0.000541545	0.003203746	0.000780146
0.134000644	0.000541548	0.004082702	0.000779922
0.134068899	0.00054155	0.001955899	0.00078046
0.134137154	0.000541553	0.003632613	0.000779833
0.134205408	0.000541555	0.006032258	0.000780283
0.13427365	0.000541558	0.004229206	0.000780386
0.134341904	0.000541561	0.002742297	0.000780433
0.134410159	0.000541563	0.003800844	0.000779544
0.134478413	0.000541566	0.003236973	0.00077971
0.134546668	0.000541569	0.002738771	0.000779466
0.134614922	0.000541572	0.002229228	0.000779599
0.134683177	0.000541574	0.00174692	0.000779714
0.134751431	0.000541577	0.002235177	0.000779411
0.134819673	0.00054158	0.001520885	0.000779302
0.134887927	0.000541583	-0.000506667	0.000779184
0.134956182	0.000541585	0.001856896	0.000779186
0.135024436	0.000541588	-0.000365934	0.000779143
0.135092691	0.000541591	-0.000245734	0.00077893
0.135160945	0.000541594	-0.001156649	0.000778625
0.1352292	0.000541597	-0.000520715	0.000778826
0.135297454	0.0005416	-0.000720711	0.000778859
0.135365696	0.000541603	-0.001102755	0.000777859
0.13543395	0.000541606	-0.001903566	0.00077822
0.135502205	0.000541609	-0.001502322	0.000778657
0.135570459	0.000541612	-0.000680477	0.000778467
0.135638714	0.000541615	-0.001654872	0.000778843
0.135706968	0.000541618	-0.001305838	0.000778352
0.135775223	0.000541621	-0.002410568	0.000778855
0.135843478	0.000541624	-0.002565323	0.000778036
0.135911732	0.000541627	-0.00134314	0.000778283
0.135979974	0.00054163	-0.003297168	0.000778491
0.136048228	0.000541633	-0.001578435	0.000778018
0.136116483	0.000541637	0.000740344	0.000778409
0.136184737	0.00054164	0.000998877	0.000778616
0.136252992	0.000541643	5.87131E-06	0.000778361
0.136321246	0.000541646	-0.000775692	0.000778159
0.136389501	0.000541649	0.002178052	0.000778481
0.136457755	0.000541653	0.000543255	0.000778945
0.136525997	0.000541656	0.001447238	0.000778705
0.136594251	0.000541659	0.001603814	0.000778791
0.136662506	0.000541663	0.002719197	0.000778374
0.13673076	0.000541666	0.002664631	0.000778638
0.136799015	0.000541669	0.001479703	0.00077873
0.136867269	0.000541673	0.005415882	0.00077868
0.136935524	0.000541676	0.005758631	0.000779297
0.137003778	0.00054168	0.004988251	0.000779222
0.13707202	0.000541683	0.006611544	0.000779553
0.137140274	0.000541686	0.005069343	0.000778941
0.137208529	0.00054169	0.005567441	0.000778494
0.137276783	0.000541694	0.005659918	0.000778759
0.137345038	0.000541697	0.0042996	0.000778405
