Wave-Number (cm-1)	u(Wave-Number) (cm-1)	Absorbance	u(Absorbance)
0.041043284	6.36597E-05	-0.002839681	0.000856565
0.041108746	6.3756E-05	-0.000919467	0.000856751
0.041174204	6.38523E-05	-0.001520594	0.000856332
0.041239665	6.39487E-05	-0.002220969	0.000856641
0.041305123	6.4045E-05	-0.00037657	0.000856549
0.041370584	6.41414E-05	-0.000836167	0.000856419
0.041436043	6.42377E-05	-0.001347027	0.000855831
0.041501504	6.43341E-05	-0.003024741	0.0008568
0.041566962	6.44305E-05	-0.002150291	0.000855989
0.041632423	6.45268E-05	-0.002143791	0.000856149
0.041697882	6.46232E-05	-0.002291512	0.000855701
0.041763343	6.47196E-05	-0.003558921	0.000856393
0.041828801	6.4816E-05	-0.003163729	0.000855742
0.041894262	6.49124E-05	-0.001425554	0.0008555
0.04195972	6.50088E-05	-0.004197133	0.000855783
0.042025182	6.51053E-05	-0.004621855	0.000854813
0.04209064	6.52017E-05	-0.00231522	0.000855114
0.042156101	6.52982E-05	-0.002731051	0.000855231
0.042221559	6.53946E-05	-0.004657284	0.000854728
0.042287021	6.54911E-05	-0.004482521	0.000854228
0.042352479	6.55875E-05	-0.00521244	0.000854557
0.04241794	6.5684E-05	-0.003409142	0.000854431
0.042483398	6.57805E-05	-0.003459399	0.000853974
0.042548859	6.58769E-05	-0.005283321	0.000854387
0.042614321	6.59734E-05	-0.004866161	0.000854323
0.042679779	6.60699E-05	-0.002530616	0.000853784
0.04274524	6.61664E-05	-0.002750696	0.000853932
0.042810698	6.62629E-05	-0.004057188	0.000854377
0.04287616	6.63595E-05	-0.003709047	0.000854197
0.042941618	6.6456E-05	-0.005572206	0.000853547
0.043007079	6.65525E-05	-0.003193095	0.000854176
0.043072537	6.66491E-05	-0.003738383	0.000854271
0.043137999	6.67456E-05	-0.002511278	0.000854262
0.043203457	6.68422E-05	-0.002937228	0.000854113
0.043268918	6.69387E-05	-0.003052681	0.000853645
0.043334376	6.70353E-05	-0.002920625	0.00085372
0.043399837	6.71319E-05	-0.002142567	0.000853795
0.043465296	6.72284E-05	-0.003842449	0.000853251
0.043530757	6.7325E-05	-0.003805442	0.000854207
0.043596215	6.74216E-05	-0.001372796	0.000853659
0.043661676	6.75182E-05	1.68635E-05	0.000853652
0.043727134	6.76148E-05	-0.000805018	0.000853331
0.043792596	6.77114E-05	-0.002601942	0.000853614
0.043858054	6.78081E-05	-0.002622708	0.000853901
0.043923515	6.79047E-05	-0.00036301	0.000853088
0.043988973	6.80013E-05	-0.001404255	0.00085368
0.044054435	6.8098E-05	1.68635E-05	0.000853652
0.044119893	6.81946E-05	0.000579856	0.000853218
0.044185354	6.82913E-05	0.000948834	0.000853516
0.044250815	6.83879E-05	-0.001159786	0.000854116
0.044316274	6.84846E-05	7.7313E-05	0.000853556
0.044381735	6.85813E-05	-0.000672532	0.000853406
0.044447193	6.86779E-05	-0.000526525	0.000853799
0.044512654	6.87746E-05	0.000370595	0.000852868
0.044578112	6.88713E-05	-7.5817E-05	0.000853004
0.044643574	6.8968E-05	-0.002671843	0.000852681
0.044709032	6.90647E-05	0.001644413	0.000853158
0.044774493	6.91614E-05	-0.003048697	0.000852934
0.044839951	6.92581E-05	-0.000827515	0.000852801
0.044905413	6.93549E-05	-0.001275927	0.000852885
0.044970871	6.94516E-05	0.000464753	0.000852804
0.045036332	6.95483E-05	0.000732217	0.000853007
0.04510179	6.96451E-05	0.000556471	0.000852688
0.045167251	6.97418E-05	-0.000587734	0.000852367
0.04523271	6.98386E-05	0.000562226	0.000852085
0.045298171	6.99353E-05	-0.00141259	0.000852704
0.045363629	7.00321E-05	-0.00349249	0.000852309
0.04542909	7.01289E-05	-0.00025568	0.00085258
0.045494548	7.02256E-05	-0.001295947	0.000852408
0.04556001	7.03224E-05	-0.000491254	0.000852357
0.045625468	7.04192E-05	-0.000885767	0.000852187
0.045690929	7.0516E-05	-0.001273389	0.000852175
0.045756387	7.06128E-05	-0.000565363	0.000852134
0.045821849	7.07096E-05	-0.002622381	0.000851506
0.04588731	7.08064E-05	-0.002538308	0.000851993
0.045952768	7.09032E-05	-0.001770304	0.000851857
0.046018229	7.1E-05	-0.000670724	0.000851933
0.046083688	7.10969E-05	-0.000861184	0.000852007
0.046149149	7.11937E-05	-0.001324732	0.00085172
0.046214607	7.12905E-05	0.000432112	0.000852063
0.046280068	7.13874E-05	-0.000567671	0.000852082
0.046345526	7.14842E-05	-0.003134588	0.000852394
0.046410988	7.15811E-05	-0.002501253	0.000851316
0.046476446	7.1678E-05	-0.000114842	0.000852104
0.046541907	7.17748E-05	2.80946E-05	0.000851681
0.046607365	7.18717E-05	-0.000520708	0.000851669
0.046672827	7.19686E-05	0.001213394	0.000851484
0.046738285	7.20655E-05	0.000856145	0.00085216
0.046803746	7.21623E-05	0.002759097	0.000852081
0.046869204	7.22592E-05	0.001191097	0.000852425
0.046934665	7.23561E-05	0.000408854	0.000851534
0.047000124	7.2453E-05	0.001661524	0.000852109
0.047065585	7.255E-05	0.000470426	0.000852201
0.047131043	7.26469E-05	0.001037241	0.000851875
0.047196504	7.27438E-05	0.000247519	0.000851534
0.047261963	7.28407E-05	0.003027302	0.000852284
0.047327424	7.29376E-05	0.002425969	0.000851869
0.047392882	7.30346E-05	0.001186866	0.000851611
0.047458343	7.31315E-05	0.000289406	0.000851017
0.047523805	7.32285E-05	0.003458467	0.00085183
0.047589263	7.33254E-05	0.003612596	0.000851672
0.047654724	7.34224E-05	0.002594965	0.000852028
0.047720182	7.35193E-05	0.002956053	0.000851458
0.047785643	7.36163E-05	0.002843164	0.000851807
0.047851102	7.37133E-05	0.004439624	0.000851391
0.047916563	7.38103E-05	0.001610853	0.000851707
0.047982021	7.39072E-05	0.003216638	0.000851502
0.048047482	7.40042E-05	0.003263916	0.00085147
0.04811294	7.41012E-05	0.004026887	0.00085134
0.048178402	7.41982E-05	0.002989364	0.000851382
0.04824386	7.42952E-05	0.002338458	0.000850675
0.048309321	7.43922E-05	0.004103581	0.000851289
0.048374779	7.44892E-05	0.003374694	0.000850633
0.048440241	7.45863E-05	0.003010127	0.00085115
0.048505699	7.46833E-05	0.001686155	0.00085046
0.04857116	7.47803E-05	0.003016957	0.000850873
0.048636618	7.48773E-05	0.002742706	0.000850785
0.04870208	7.49744E-05	0.002436111	0.000850392
0.048767538	7.50714E-05	0.001513809	0.000850902
0.048832999	7.51685E-05	0.003439842	0.000850644
0.048898457	7.52655E-05	-0.001149153	0.000849651
0.048963918	7.53626E-05	0.000739443	0.000850389
0.049029377	7.54596E-05	0.000684232	0.000850209
0.049094838	7.55567E-05	0.002306063	0.000850371
0.049160299	7.56538E-05	0.001700026	0.000850505
0.049225757	7.57509E-05	0.002886564	0.000850253
0.049291219	7.58479E-05	0.001871662	0.000850662
0.049356677	7.5945E-05	0.001992324	0.000850853
0.049422138	7.60421E-05	0.002470969	0.000850206
0.049487596	7.61392E-05	0.001254756	0.000850261
0.049553057	7.62363E-05	0.002326853	0.000850737
0.049618516	7.63334E-05	0.001681708	0.000850246
0.049683977	7.64305E-05	0.001640094	0.000850111
0.049749435	7.65276E-05	0.002614893	0.000850272
0.049814896	7.66247E-05	0.002951558	0.000850264
0.049880355	7.67219E-05	0.003590643	0.000850434
0.049945816	7.6819E-05	0.004745589	0.00084939
0.050011274	7.69161E-05	0.002503484	0.000849913
0.050076735	7.70133E-05	0.002779651	0.000850108
0.050142193	7.71104E-05	0.005284933	0.000850225
0.050207655	7.72075E-05	0.004509707	0.000849819
0.050273113	7.73047E-05	0.003588174	0.000850327
0.050338574	7.74018E-05	0.004493127	0.000849667
0.050404032	7.7499E-05	0.006038808	0.000850265
0.050469494	7.75962E-05	0.004785684	0.000850505
0.050534952	7.76933E-05	0.004207305	0.000849641
0.050600413	7.77905E-05	0.00666534	0.000849901
0.050665871	7.78877E-05	0.004370583	0.000849966
0.050731332	7.79848E-05	0.00432975	0.000849342
0.050796794	7.8082E-05	0.003821166	0.000849194
0.050862252	7.81792E-05	0.006835311	0.000849461
0.050927713	7.82764E-05	0.004847582	0.000849321
0.050993171	7.83736E-05	0.003060167	0.000849323
0.051058633	7.84708E-05	0.003501041	0.000849353
0.051124091	7.8568E-05	0.004452176	0.000849043
0.051189552	7.86652E-05	0.00517565	0.000849482
0.05125501	7.87624E-05	0.004657585	0.000849503
0.051320471	7.88596E-05	0.004044569	0.000848231
0.05138593	7.89569E-05	0.004752822	0.000848625
0.051451391	7.90541E-05	0.003004059	0.000848548
0.051516849	7.91513E-05	0.002605465	0.000848652
0.05158231	7.92486E-05	0.001234086	0.000848595
0.051647769	7.93458E-05	0.003161818	0.000848659
0.05171323	7.9443E-05	0.002586936	0.000848394
0.051778688	7.95403E-05	0.001954498	0.000848438
0.051844149	7.96375E-05	0.003055042	0.000848514
0.051909607	7.97348E-05	0.00322142	0.000847862
0.051975069	7.9832E-05	0.002741971	0.000847804
0.052040527	7.99293E-05	0.002221169	0.000847611
0.052105988	8.00266E-05	-0.000410358	0.000847645
0.052171446	8.01238E-05	0.000983385	0.000847683
0.052236908	8.02211E-05	0.000191155	0.000847404
0.052302366	8.03184E-05	8.73531E-05	0.000847366
0.052367827	8.04157E-05	-0.000280943	0.000846966
0.052433288	8.0513E-05	0.000686617	0.000847019
0.05249875	8.06102E-05	0.000941077	0.000846849
0.052564205	8.07075E-05	0.000643267	0.000846779
0.052629666	8.08048E-05	-0.000740699	0.000846467
0.052695127	8.09021E-05	0.000659057	0.00084693
0.052760588	8.09994E-05	-0.000234033	0.000847419
0.052826044	8.10967E-05	0.000613643	0.000846584
0.052891505	8.11941E-05	0.00151451	0.00084652
0.052956966	8.12914E-05	0.002274521	0.00084709
0.053022427	8.13887E-05	-0.000140057	0.000846227
0.053087882	8.1486E-05	0.000948541	0.000846575
0.053153344	8.15833E-05	0.002196183	0.000846442
0.053218805	8.16807E-05	0.003280384	0.000846473
0.053284266	8.1778E-05	2.61709E-05	0.00084617
0.053349721	8.18754E-05	0.001133963	0.000846183
0.053415183	8.19727E-05	-0.00080101	0.000845971
0.053480644	8.207E-05	0.001662725	0.000846206
0.053546112	8.2972E-05	-8.72896E-05	0.000845602
0.05361157	8.29786E-05	0.003229016	0.000845915
0.053677021	8.29916E-05	0.001307566	0.000845852
0.053742459	8.30108E-05	0.001211206	0.00084554
0.053807884	8.30363E-05	0.000818392	0.000845856
0.053873291	8.30681E-05	0.0014993	0.000845778
0.053938691	8.31063E-05	0.00215239	0.000846202
0.054004079	8.31508E-05	0.002526732	0.00084563
0.054069454	8.32017E-05	0.00032117	0.000845436
0.054134816	8.3259E-05	0.000127633	0.000845405
0.05420016	8.33226E-05	0.001661732	0.000844918
0.054265497	8.33927E-05	0.002803705	0.000845338
0.054330821	8.34691E-05	0.00286605	0.000845243
0.054396132	8.35519E-05	0.000799624	0.000844903
0.054461425	8.36411E-05	0.000588981	0.000845312
0.054526711	8.37368E-05	0.001728504	0.000845035
0.054591985	8.38388E-05	0.000876891	0.000844263
0.054657246	8.39473E-05	0.000435385	0.000844022
0.054722488	8.40621E-05	-0.000741332	0.000844271
0.054787723	8.41833E-05	0.00108624	0.000844445
0.054852946	8.4311E-05	-0.000608715	0.000844504
0.054918156	8.4445E-05	1.76017E-05	0.000843659
0.054983348	8.45854E-05	-0.000395795	0.000843507
0.055048532	8.47322E-05	-0.000629994	0.000844037
0.055113705	8.48853E-05	-0.000863901	0.000843872
0.055178864	8.50448E-05	-0.001747765	0.000843181
0.055244005	8.52106E-05	-0.0006902	0.000843543
0.055309139	8.53827E-05	-0.001557861	0.000843801
0.05537426	8.55612E-05	-0.003221164	0.000843151
0.055439369	8.57459E-05	-0.001294347	0.000843466
0.055504459	8.59369E-05	-0.003825307	0.000842969
0.055569543	8.61341E-05	-0.001965791	0.000843167
0.055634613	8.63376E-05	-0.001619249	0.000843202
0.055699672	8.65473E-05	-0.003646329	0.000842956
0.055764717	8.67631E-05	-0.003957915	0.000842632
0.055829744	8.69851E-05	-0.001250895	0.000843011
0.055894764	8.72133E-05	-0.001454389	0.000842348
0.055959771	8.74476E-05	-0.00381935	0.000842487
0.056024766	8.76879E-05	-0.002124695	0.000842847
0.056089742	8.79343E-05	-0.001316556	0.000843374
0.056154711	8.81867E-05	-0.002578914	0.000842511
0.056219668	8.84451E-05	-0.002821263	0.000841929
0.056284612	8.87095E-05	-0.002451938	0.000842374
0.056349537	8.89798E-05	-0.003506042	0.000842066
0.056414456	8.9256E-05	-0.003274848	0.000842443
0.056479362	8.95381E-05	-0.002789217	0.000842545
0.056544255	8.9826E-05	-0.001821163	0.000842273
0.05660913	9.01197E-05	-0.002507775	0.000842251
0.056673998	9.04192E-05	-0.00125163	0.000842479
0.056738853	9.07244E-05	-0.002893626	0.00084203
0.056803696	9.10353E-05	-0.001337871	0.000842058
0.05686852	9.13518E-05	-0.000904715	0.000842355
0.056933337	9.1674E-05	-0.00107511	0.000842734
0.056998142	9.20018E-05	-0.00123835	0.000841939
0.057062934	9.23351E-05	-0.000357148	0.00084215
0.057127707	9.26739E-05	0.000192145	0.000842105
0.057192474	9.30182E-05	-0.001798018	0.00084178
0.057257228	9.33679E-05	-0.002272802	0.000841883
0.057321969	9.3723E-05	-6.49041E-05	0.000842063
0.057386698	9.40834E-05	-0.000109843	0.000842146
0.057451407	9.44492E-05	0.000286303	0.00084151
0.057516111	9.48202E-05	-0.000795297	0.000841379
0.057580801	9.51964E-05	-0.00123835	0.000841939
0.057645479	9.55779E-05	-0.00149927	0.000841422
0.057710138	9.59644E-05	-0.001995747	0.000841116
0.057774791	9.63561E-05	-0.001260442	0.000841529
0.057839431	9.67528E-05	-0.001574379	0.000841207
0.057904058	9.71546E-05	-0.001804865	0.000840989
0.057968667	9.75613E-05	-0.00087711	0.000841433
0.058033268	9.79729E-05	-0.002418129	0.000840867
0.058097858	9.83895E-05	-0.002748956	0.00084061
0.058162434	9.88109E-05	-0.003341445	0.000840739
0.058226992	9.92371E-05	-0.002089726	0.000840807
0.058291543	9.96681E-05	-0.002491667	0.00084081
0.058356082	0.000100104	-0.003067645	0.000840716
0.058420608	0.000100544	-0.001866186	0.000840236
0.058485115	0.000100989	-0.002971508	0.000840124
0.058549615	0.000101439	-0.002323674	0.000840117
0.058614103	0.000101893	-0.002679	0.000840194
0.058678578	0.000102352	-0.002754886	0.000839822
0.058743035	0.000102815	-0.002350896	0.000840135
0.058807485	0.000103283	-0.002724027	0.000840277
0.058871922	0.000103755	-0.003033178	0.000840429
0.058936346	0.000104231	-0.004633589	0.000839697
0.059000758	0.000104712	-0.00367573	0.000839852
0.059065151	0.000105197	-0.004735576	0.000839344
0.059129537	0.000105686	-0.002352123	0.000839977
0.059193911	0.00010618	-0.005589881	0.0008397
0.059258272	0.000106678	-0.004727095	0.000839233
0.059322615	0.000107179	-0.005636974	0.00083931
0.059386951	0.000107685	-0.003598162	0.000839168
0.059451274	0.000108195	-0.003576182	0.000839734
0.059515584	0.000108709	-0.002062205	0.000839732
0.059579876	0.000109227	-0.003185582	0.000839527
0.059644161	0.000109749	-0.002501519	0.000839548
0.059708433	0.000110274	-0.003316577	0.000839034
0.059772693	0.000110804	-0.004089924	0.000839179
0.059836934	0.000111337	-0.002121882	0.000839138
0.059901168	0.000111874	-0.002481308	0.000839799
0.05996539	0.000112415	-0.002968969	0.000839225
0.060029599	0.00011296	-0.001447165	0.000839113
0.060093789	0.000113508	0.001331515	0.000839387
0.060157973	0.00011406	-0.00113704	0.000839119
0.060222144	0.000114616	-0.001611876	0.000839064
0.060286303	0.000115175	-0.00180084	0.000839348
0.060350442	0.000115737	-0.001545085	0.000839389
0.060414575	0.000116304	0.000692431	0.000839439
0.060478696	0.000116873	-0.001911114	0.000839262
0.060542803	0.000117446	-0.000751566	0.000839339
0.060606898	0.000118023	-0.00029083	0.000838875
0.060670974	0.000118603	-0.000745129	0.000839071
0.060735044	0.000119186	-0.000780321	0.000839199
0.060799101	0.000119773	-0.001596956	0.000838685
0.060863145	0.000120362	-0.000469992	0.000839205
0.060927171	0.000120956	0.001428509	0.000839111
0.06099119	0.000121552	0.000331673	0.000839044
0.061055196	0.000122151	-0.000244485	0.00083895
0.06111919	0.000122754	-0.000535566	0.000839037
0.061183165	0.00012336	-0.002599996	0.000838612
0.061247133	0.000123969	-0.000996017	0.000838604
0.061311089	0.000124581	-0.002384974	0.000838154
0.061375032	0.000125196	-0.00156026	0.000838714
0.061438956	0.000125814	0.000650043	0.000838939
0.061502873	0.000126435	-0.001646079	0.000838297
0.061566778	0.000127059	-0.003121228	0.000838326
0.06163067	0.000127686	-0.000609171	0.000838085
0.061694544	0.000128316	-0.001034312	0.000838418
0.061758411	0.000128948	-0.002302228	0.000838257
0.061822265	0.000129584	-0.001473431	0.000838235
0.061886107	0.000130222	-0.000954283	0.000838207
0.061949929	0.000130864	-0.003557251	0.000838457
0.062013746	0.000131508	-0.002522188	0.000838087
0.062077549	0.000132155	-0.00236476	0.000838404
0.06214134	0.000132804	-0.002118898	0.000838399
0.062205118	0.000133456	-0.004379363	0.000837899
0.062268878	0.000134111	-0.002935575	0.000837573
0.062332631	0.000134769	-0.002994704	0.00083819
0.062396371	0.000135429	-0.000377637	0.000837563
0.062460098	0.000136092	-0.003091352	0.000837414
0.062523807	0.000136757	-0.001093106	0.000837984
0.062587509	0.000137426	-0.000982961	0.000838069
0.062651199	0.000138096	-0.000351817	0.000838283
0.062714875	0.000138769	-0.001270739	0.00083847
0.062778534	0.000139445	-0.001265713	0.000838045
0.062842185	0.000140123	-0.001029267	0.000837994
0.062905824	0.000140804	-0.000406165	0.000838319
0.06296945	0.000141487	0.000249162	0.000838202
0.063033057	0.000142172	0.001556121	0.000837654
0.063096658	0.00014286	0.000234246	0.000837685
0.063160246	0.00014355	0.001503833	0.000837847
0.063223822	0.000144243	0.000458591	0.000838169
0.063287378	0.000144938	-3.55462E-05	0.000838021
0.063350928	0.000145635	0.001593332	0.000838421
0.063414466	0.000146335	0.000499603	0.000837773
0.063477991	0.000147037	0.00230687	0.000837844
0.063541497	0.000147741	0.00164153	0.000837914
0.063604996	0.000148448	0.002123268	0.00083844
0.063668483	0.000149156	0.003603372	0.000837832
0.063731957	0.000149867	0.002774896	0.00083801
0.063795418	0.000150581	0.000788118	0.000838267
0.063858861	0.000151296	0.002099433	0.000838034
0.06392233	0.000152638	0.001903832	0.000838427
0.063985837	0.000152642	0.003364156	0.000837568
0.064049362	0.000152652	0.004039077	0.000837809
0.064112899	0.000152666	0.004446585	0.000837857
0.06417646	0.000152685	0.003941022	0.000837662
0.06424004	0.000152708	0.002554179	0.000837417
0.064303638	0.000152737	0.003499837	0.000837795
0.064367249	0.000152769	0.005137191	0.000837877
0.064430884	0.000152807	0.004197437	0.000837704
0.064494537	0.000152849	0.004005095	0.000837673
0.064558209	0.000152896	0.003001869	0.000838124
0.064621893	0.000152948	0.002546505	0.000837527
0.064685601	0.000153004	0.003677044	0.000837731
0.064749328	0.000153065	0.004706914	0.000837844
0.064813073	0.000153131	0.003763766	0.00083741
0.064876831	0.000153201	0.003232253	0.000837602
0.064940613	0.000153277	0.003157233	0.000837125
0.065004413	0.000153357	0.001905675	0.00083774
0.065068231	0.000153442	0.002102205	0.000837399
0.065132062	0.000153531	0.002272191	0.000837129
0.065195917	0.000153626	0.000954956	0.000837156
0.065259791	0.000153725	0.003194782	0.000837205
0.065323683	0.000153829	0.001462455	0.000837295
0.065387594	0.000153938	0.002735959	0.000836665
0.065451516	0.000154052	0.00266388	0.000837081
0.065515463	0.00015417	0.001186074	0.000836636
0.065579429	0.000154293	0.002848246	0.000837223
0.065643413	0.000154421	0.003631873	0.000837444
0.065707409	0.000154554	0.004023835	0.00083708
0.065771429	0.000154692	0.0018859	0.00083649
0.065835468	0.000154834	0.002254631	0.000836457
0.065899525	0.000154981	0.002819021	0.0008364
0.065963595	0.000155134	0.002905618	0.000836396
0.066027689	0.00015529	0.001452538	0.000836828
0.066091801	0.000155452	0.002239223	0.000836677
0.066155932	0.000155619	0.002415561	0.000836929
0.066220075	0.00015579	0.004468681	0.000837209
0.066284242	0.000155966	0.003232795	0.000836653
0.066348428	0.000156147	0.001219494	0.000836771
0.066412632	0.000156333	0.005105719	0.000837053
0.066476849	0.000156524	0.001525151	0.000836412
0.06654109	0.000156719	0.003959677	0.000836753
0.066605349	0.000156919	0.003722384	0.000836752
0.066669626	0.000157124	0.003842797	0.000836251
0.066733916	0.000157334	0.003172414	0.000836904
0.06679823	0.000157548	0.005308559	0.000836603
0.066862563	0.000157768	0.004524487	0.000836381
0.066926914	0.000157992	0.005440382	0.000836568
0.066991284	0.000158221	0.004396393	0.00083636
0.067055665	0.000158454	0.005560595	0.000836384
0.067120071	0.000158693	0.004181724	0.000836344
0.067184496	0.000158936	0.00722006	0.000836452
0.067248939	0.000159184	0.003312355	0.000835812
0.067313394	0.000159436	0.001942773	0.000836294
0.067377873	0.000159693	0.00486684	0.000836103
0.067442371	0.000159955	0.004557858	0.000835886
0.067506887	0.000160222	0.005831527	0.000836205
0.067571416	0.000160493	0.003440183	0.000836149
0.067635969	0.00016077	0.003117036	0.000835521
0.06770054	0.00016105	0.004166494	0.000835933
0.06776513	0.000161336	0.003323952	0.000835332
0.067829732	0.000161626	0.002767815	0.000835279
0.067894358	0.00016192	0.000388888	0.000834855
0.067959003	0.00016222	0.004527048	0.000835065
0.068023666	0.000162524	0.002113814	0.000835395
0.068088342	0.000162832	0.003910432	0.000834946
0.068153042	0.000163145	0.003831472	0.000835156
0.06821776	0.000163463	0.002136406	0.00083538
0.068282497	0.000163785	0.001132226	0.000834679
0.068347245	0.000164112	-0.000504278	0.000835025
0.068412019	0.000164443	0.001227327	0.000834251
0.06847681	0.000164779	0.001219512	0.000834361
0.06854162	0.000165119	0.000469824	0.000834331
0.068606449	0.000165464	0.001505562	0.000833963
0.068671289	0.000165814	4.80762E-05	0.00083393
0.068736155	0.000166167	0.00227743	0.000834292
0.068801038	0.000166526	0.001569321	0.000833974
0.06886594	0.000166888	-0.000200823	0.000833521
0.068930854	0.000167255	0.000391449	0.00083334
0.068995792	0.000167627	0.001779864	0.000833731
0.069060749	0.000168003	0.000435157	0.000833624
0.069125725	0.000168383	0.002365346	0.000833346
0.069190712	0.000168768	0.002510876	0.00083372
0.069255724	0.000169157	0.002818532	0.000833623
0.069320755	0.00016955	0.001375159	0.000833684
0.069385803	0.000169948	-6.97016E-05	0.000833487
0.069450864	0.00017035	0.001324179	0.000833196
0.06951595	0.000170756	0.001855163	0.000833577
0.069581054	0.000171166	0.002264328	0.000833256
0.069646176	0.000171581	0.000678954	0.000833516
0.06971131	0.000172	0.002649855	0.000833577
0.069776469	0.000172423	0.002759015	0.000833244
0.069841646	0.00017285	0.002257789	0.000832739
0.069906842	0.000173282	0.000886789	0.000833014
0.06997205	0.000173717	0.003595146	0.000832956
0.070037282	0.000174157	0.003040501	0.000832903
0.070102533	0.000174601	0.002875683	0.000832802
0.070167802	0.000175049	0.001388719	0.000832893
0.070233089	0.000175501	0.001875946	0.000832677
0.070298389	0.000175957	0.002411396	0.00083269
0.070363713	0.000176417	0.001946599	0.000832891
0.070429055	0.000176881	0.001345526	0.000832297
0.070494416	0.00017735	0.003381606	0.000832627
0.070559789	0.000177822	0.003381606	0.000832627
0.070625187	0.000178298	0.000171677	0.000832236
0.070690603	0.000178778	0.00392131	0.000832586
0.070756037	0.000179262	0.001772717	0.000832016
0.070821484	0.00017975	0.001429487	0.000831722
0.070886955	0.000180242	0.000143967	0.000831735
0.070952444	0.000180738	0.001029928	0.000831621
0.071017952	0.000181237	0.001036663	0.000831824
0.071083472	0.000181741	0.001534952	0.000831445
0.071149016	0.000182248	0.000835516	0.000831644
0.071214579	0.000182759	2.9079E-06	0.000830739
0.07128016	0.000183274	0.001434344	0.000831355
0.071345753	0.000183792	-0.000355519	0.000831544
0.071411371	0.000184315	-0.000207228	0.00083098
0.071477008	0.000184841	-0.001837403	0.000830498
0.071542662	0.000185371	-0.00085742	0.000830527
0.071608329	0.000185904	-0.001406679	0.000830732
0.07167402	0.000186441	-0.000430969	0.000830248
0.07173973	0.000186982	-0.001092328	0.000830526
0.071805458	0.000187526	-0.0016251	0.000829946
0.071871205	0.000188074	-0.000916715	0.000830462
0.071936963	0.000188626	-0.001189353	0.000830848
0.072002746	0.000189181	-0.002556211	0.000830608
0.072068548	0.00018974	-0.00144552	0.000830396
0.072134368	0.000190302	-0.003266009	0.000830145
0.0722002	0.000190868	-0.000106598	0.000830242
0.072266056	0.000191437	-0.002268464	0.000830161
0.072331931	0.00019201	-0.001000961	0.000830673
0.072397825	0.000192586	-0.001052113	0.000830603
0.07246373	0.000193166	-0.002697358	0.000830236
0.07252966	0.000193749	-0.002861765	0.000830189
0.072595609	0.000194335	-0.001514071	0.000829667
0.072661575	0.000194925	-0.002053586	0.000830175
0.072727554	0.000195519	-0.000961181	0.000829304
0.072793558	0.000196115	-0.000957872	0.000829715
0.07285958	0.000196715	-0.000172638	0.000829923
0.07292562	0.000197318	-0.000739691	0.00083014
0.072991672	0.000197925	-0.001653388	0.000829603
0.073057749	0.000198535	0.000736102	0.000829742
0.073123844	0.000199148	0.00034502	0.000829843
0.073189958	0.000199764	0.000800477	0.000829854
0.073256084	0.000200384	0.000523978	0.000830036
0.073322234	0.000201006	0.000544125	0.000829506
0.073388403	0.000201632	0.00039526	0.00082981
0.07345459	0.000202261	0.001085703	0.000829306
0.073520795	0.000202894	0.000604409	0.000829208
0.073587013	0.000203529	0.000948044	0.000829448
0.073653255	0.000204168	0.00129865	0.000829115
0.073719516	0.000204809	0.000415521	0.00082928
0.073785795	0.000205454	-0.000308136	0.000828877
0.073852086	0.000206102	0.00038363	0.000828579
0.073918401	0.000206752	0.000495809	0.000829744
0.073984735	0.000207406	-0.000577331	0.000828384
0.074051088	0.000208063	-0.000160199	0.000828472
0.074117452	0.000208723	-0.000623296	0.000828929
0.074183841	0.000209386	0.001345515	0.000828775
0.074250248	0.000210052	0.001584547	0.000828671
0.074316705	0.000211218	-0.000586898	0.000828751
0.074383177	0.000211225	0.000118607	0.000828598
0.074449665	0.000211237	0.000167911	0.000828463
0.074516164	0.000211254	-0.001406546	0.000828823
0.074582674	0.000211277	-0.001575253	0.000828163
0.074649188	0.000211304	-0.0017673	0.000827723
0.074715718	0.000211337	-0.00023996	0.000828009
0.074782259	0.000211376	-0.001841128	0.000827977
0.074848811	0.00021142	-0.000890616	0.00082864
0.074915366	0.000211469	0.000125061	0.000827925
0.074981939	0.000211523	-0.001113822	0.000827502
0.075048522	0.000211583	-0.00199107	0.000828178
0.075115116	0.000211648	-0.002661241	0.000827744
0.07518172	0.000211719	-0.000395716	0.000827495
0.075248328	0.000211795	-0.001870356	0.000827381
0.075314953	0.000211876	-0.000342098	0.00082787
0.075381588	0.000211963	-0.000648891	0.000827352
0.075448234	0.000212056	-0.000546118	0.000827593
0.075514885	0.000212153	-0.002611062	0.000827711
0.075581552	0.000212256	-0.002748783	0.000827852
0.075648229	0.000212365	-0.000549528	0.000827185
0.075714917	0.000212479	-0.001733549	0.000827137
0.075781609	0.000212598	-0.00097797	0.000827157
0.075848318	0.000212723	0.00132155	0.000827709
0.075915038	0.000212854	-0.000675681	0.000827164
0.075981768	0.00021299	0.002101783	0.000827509
0.076048502	0.000213131	0.001119933	0.000827738
0.076115253	0.000213278	3.58962E-05	0.000827829
0.076182015	0.00021343	0.001148435	0.000826846
0.076248787	0.000213588	0.000571343	0.00082712
0.076315563	0.000213751	-0.001317526	0.000827224
0.076382356	0.000213919	0.00076071	0.00082715
0.07644916	0.000214094	0.001617672	0.000827105
0.076515974	0.000214273	0.001924012	0.000827419
0.076582792	0.000214458	0.002613409	0.000827021
0.076649627	0.000214649	0.003252456	0.000827633
0.076716473	0.000214845	0.002274687	0.00082719
0.076783329	0.000215046	0.003074408	0.000827543
0.076850196	0.000215253	0.004446978	0.000827215
0.076917066	0.000215466	0.005387192	0.00082753
0.076983954	0.000215684	0.004690084	0.000827417
0.077050852	0.000215907	0.002034981	0.000827192
0.077117761	0.000216136	0.004006646	0.000827348
0.077184673	0.00021637	0.002930856	0.000827174
0.077251603	0.00021661	0.003082402	0.000827178
0.077318543	0.000216855	0.003507983	0.000826901
0.077385494	0.000217106	0.003419656	0.000826907
0.077452448	0.000217362	0.004103884	0.000827078
0.07751942	0.000217624	0.002795404	0.00082644
0.077586402	0.000217891	0.003907826	0.000827515
0.077653395	0.000218163	0.003091654	0.000826915
0.077720392	0.000218441	0.002928249	0.00082697
0.077787405	0.000218724	0.002322389	0.000826954
0.077854429	0.000219013	0.003299686	0.00082642
0.077921464	0.000219307	0.00338286	0.000826982
0.077988503	0.000219606	0.00170249	0.000826793
0.078055558	0.000219911	0.003933422	0.000826624
0.078122625	0.000220221	0.004019831	0.000827391
0.078189701	0.000220537	0.002242471	0.000826595
0.078256782	0.000220857	0.002055334	0.000826768
0.07832388	0.000221184	0.002509483	0.00082678
0.078390988	0.000221515	0.004233588	0.000826428
0.078458106	0.000221852	0.005159352	0.0008267
0.078525236	0.000222194	0.003733249	0.000826754
0.078592369	0.000222542	0.005017856	0.000826535
0.078659519	0.000222895	0.006323166	0.000826766
0.07872668	0.000223253	0.005156246	0.000826496
0.078793851	0.000223616	0.00477498	0.000826333
0.078861026	0.000223985	0.004461585	0.000826485
0.078928218	0.000224358	0.00552123	0.000826413
0.078995421	0.000224737	0.003497048	0.000826086
0.079062634	0.000225122	0.006223094	0.000826831
0.079129851	0.000225511	0.006951776	0.000826563
0.079197086	0.000225906	0.007118825	0.000826712
0.07926433	0.000226306	0.006583128	0.000826443
0.079331586	0.000226711	0.006955431	0.000826767
0.079398845	0.000227121	0.007539798	0.000826903
0.079466121	0.000227536	0.008751682	0.000826734
0.079533408	0.000227957	0.008134176	0.000826877
0.079600705	0.000228382	0.009458917	0.000827255
0.079668006	0.000228813	0.010181433	0.000827251
0.079735324	0.000229248	0.011168265	0.000827697
0.079802653	0.000229689	0.010576952	0.000826787
0.079869992	0.000230135	0.01083834	0.000827135
0.079937336	0.000230586	0.012025743	0.000827451
0.080004696	0.000231042	0.012888262	0.000827409
0.080072067	0.000231503	0.013776158	0.000827352
0.080139448	0.000231968	0.012388344	0.000826905
0.08020684	0.000232439	0.01483593	0.000827546
0.080274235	0.000232915	0.015307875	0.000827604
0.080341648	0.000233396	0.01728604	0.00082783
0.080409071	0.000233881	0.014530275	0.000827797
0.080476505	0.000234372	0.018143752	0.000828212
0.080543943	0.000234867	0.019376038	0.000827935
0.080611398	0.000235367	0.017621118	0.000827925
0.080678863	0.000235872	0.016522847	0.000827804
0.080746339	0.000236382	0.017364898	0.000827883
0.080813818	0.000236897	0.018823476	0.000827824
0.080881315	0.000237416	0.018843953	0.000828228
0.080948822	0.00023794	0.018868077	0.000827951
0.08101634	0.000238469	0.018276648	0.000828074
0.081083862	0.000239003	0.020468005	0.000828377
0.081151401	0.000239542	0.022747698	0.000827894
0.08121895	0.000240085	0.020186544	0.00082835
0.08128651	0.000240633	0.024451641	0.000828259
0.081354074	0.000241185	0.022817271	0.000828688
0.081421654	0.000241742	0.022533532	0.0008284
0.081489246	0.000242304	0.02439539	0.00082861
0.081556847	0.00024287	0.026380088	0.000828902
0.081624453	0.000243441	0.025418548	0.00082842
0.081692076	0.000244017	0.02824265	0.000829436
0.081759709	0.000244597	0.028131525	0.000829297
0.081827353	0.000245181	0.029318853	0.000829637
0.081895007	0.00024577	0.030821334	0.00082967
0.081962666	0.000246364	0.030295942	0.000829481
0.082030341	0.000246962	0.032211228	0.000829725
0.082098027	0.000247564	0.033157482	0.000830227
0.082165723	0.000248171	0.035505664	0.000830144
0.082233424	0.000248782	0.036184545	0.000829919
0.082301141	0.000249398	0.038422913	0.000831085
0.082368869	0.000250018	0.041116425	0.000830844
0.082436607	0.000250643	0.040730325	0.00083136
0.082504349	0.000251271	0.044479026	0.000831625
0.082572109	0.000251904	0.044224779	0.000831843
0.082639878	0.000252542	0.047128307	0.000832125
0.082707659	0.000253183	0.047573112	0.000832162
0.082775443	0.000253829	0.050199965	0.000832903
0.082843244	0.000254479	0.055518641	0.000832629
0.082911056	0.000255133	0.056442795	0.00083394
0.082978879	0.000255792	0.056415483	0.000833794
0.083046705	0.000256454	0.05869506	0.000833694
0.083114548	0.000257121	0.064324298	0.000834355
0.083182402	0.000257792	0.066312027	0.000835338
0.083250266	0.000258467	0.068033367	0.000835062
0.083318135	0.000259146	0.072891718	0.000836549
0.08338602	0.00025983	0.074466179	0.000836431
0.083453916	0.000260517	0.079040411	0.000836965
0.083521822	0.000261208	0.077635924	0.000837416
0.083589739	0.000261903	0.083804457	0.000837906
0.08365766	0.000262603	0.085817063	0.000838198
0.083725598	0.000263306	0.093500371	0.000839191
0.083793546	0.000264013	0.094088313	0.000840012
0.083861505	0.000264724	0.096917059	0.000839695
0.083929468	0.000265439	0.100855328	0.000841257
0.083997448	0.000266158	0.103241417	0.000841409
0.084065438	0.000266881	0.104762892	0.00084223
0.084133439	0.000267608	0.111653161	0.000843075
0.084201444	0.000268339	0.117308656	0.000843753
0.084269466	0.000269073	0.122308138	0.000844761
0.084337498	0.000269811	0.12594945	0.000845648
0.084405541	0.000270553	0.129693068	0.000846132
0.084473588	0.000271299	0.133952171	0.000846663
0.084541652	0.000272048	0.139355506	0.000848355
0.084609726	0.000272801	0.144476737	0.000848995
0.084677845	0.00027399	0.14808037	0.000850007
0.08474597	0.000273995	0.153776997	0.000850885
0.084814075	0.000274006	0.16117119	0.000852217
0.084882153	0.000274022	0.165994933	0.000852667
0.084950204	0.000274043	0.171648698	0.000854933
0.085018223	0.00027407	0.177826275	0.000856171
0.085086221	0.000274102	0.18359283	0.000856567
0.085154193	0.000274139	0.191324173	0.000858074
0.085222138	0.000274181	0.197482572	0.000859849
0.085290057	0.000274229	0.207871557	0.000861674
0.085357942	0.000274283	0.216611605	0.000863841
0.085425808	0.000274341	0.224205173	0.00086581
0.085493646	0.000274405	0.228915396	0.000867471
0.085561459	0.000274475	0.238283132	0.000868483
0.085629238	0.000274549	0.246164492	0.000871241
0.085696997	0.00027463	0.253844424	0.000872694
0.085764729	0.000274715	0.265145504	0.00087538
0.085832435	0.000274806	0.275536689	0.000877567
0.085900108	0.000274903	0.28308799	0.000880372
0.085967761	0.000275005	0.296036803	0.000883597
0.086035387	0.000275112	0.304615016	0.000885431
0.086102986	0.000275225	0.314911042	0.000887897
0.086170553	0.000275343	0.325487119	0.000891239
0.086238099	0.000275467	0.337295125	0.000894169
0.086305619	0.000275596	0.347973714	0.000897397
0.086373112	0.000275731	0.364902888	0.000901887
0.086440572	0.000275871	0.374613148	0.000905444
0.086508012	0.000276016	0.38927116	0.000909644
0.086575426	0.000276167	0.39994114	0.000912839
0.086642813	0.000276324	0.41514058	0.000917667
0.086710167	0.000276486	0.427574827	0.000921455
0.0867775	0.000276653	0.43906485	0.000925027
0.086844807	0.000276826	0.456762223	0.000930924
0.086912088	0.000277005	0.47407091	0.000936946
0.086979342	0.000277189	0.485725823	0.000941301
0.087046563	0.000277378	0.504307391	0.000948249
0.087113763	0.000277573	0.518347202	0.000953313
0.087180937	0.000277774	0.531793311	0.000959302
0.087248085	0.000277979	0.550422979	0.000965444
0.087315199	0.000278191	0.56512798	0.000971784
0.087382294	0.000278408	0.587452046	0.000981405
0.087449362	0.00027863	0.604939232	0.000989304
0.087516403	0.000278858	0.622769508	0.000996753
0.087583411	0.000279091	0.64109385	0.001004692
0.087650399	0.00027933	0.655391416	0.001011438
0.08771736	0.000279575	0.672712491	0.001019675
0.087784295	0.000279825	0.693158777	0.001029743
0.087851197	0.00028008	0.716321707	0.001041283
0.087918079	0.000280341	0.738262829	0.0010525
0.087984934	0.000280607	0.759296352	0.001064614
0.088051762	0.000280879	0.782479595	0.00107758
0.088118558	0.000281156	0.800332041	0.001087273
0.088185333	0.000281439	0.825412492	0.001101944
0.088252082	0.000281727	0.84242747	0.00111253
0.088318804	0.00028202	0.865709979	0.001127181
0.088385493	0.000282319	0.892853225	0.001145288
0.088452162	0.000282624	0.917016546	0.001161133
0.088518804	0.000282934	0.945296006	0.00118213
0.08858542	0.000283249	0.967984717	0.001198651
0.088652009	0.00028357	0.996234884	0.001219604
0.088718566	0.000283896	1.018742374	0.001236725
0.088785102	0.000284228	1.047697357	0.001260008
0.088851611	0.000284565	1.069080453	0.001277763
0.088918094	0.000284908	1.09737856	0.001302675
0.088984544	0.000285255	1.12798333	0.001329499
0.089050974	0.000285609	1.159760651	0.001360059
0.089117377	0.000285967	1.187304936	0.001385984
0.089183753	0.000286331	1.213416654	0.0014132
0.089250097	0.000286701	1.243015693	0.001442692
0.08931642	0.000287076	1.269153263	0.001471504
0.089382717	0.000287456	1.299785915	0.001505556
0.089448987	0.000287841	1.337354166	0.001550525
0.089515224	0.000288232	1.365974555	0.001584395
0.089581441	0.000288628	1.40012956	0.001628272
0.089647631	0.000289029	1.43314037	0.001671221
0.089713795	0.000289436	1.466470015	0.001716286
0.089779926	0.000289848	1.49846947	0.001762074
0.089846037	0.000290265	1.523957351	0.001800026
0.089912121	0.000290688	1.563251155	0.001858765
0.089978178	0.000291115	1.603599358	0.001924573
0.090044203	0.000291548	1.63589006	0.001977577
0.090110207	0.000291987	1.673716593	0.002043946
0.090176184	0.00029243	1.704523985	0.002098721
0.090242136	0.000292879	1.73415752	0.002154659
0.09030806	0.000293333	1.770543913	0.002223468
0.090373952	0.000293792	1.80554629	0.00229316
0.090439823	0.000294256	1.841912319	0.002370897
0.090505668	0.000294726	1.888716348	0.002472301
0.090571486	0.0002952	1.927880444	0.002563054
0.090637271	0.00029568	1.962577755	0.00264536
0.090703036	0.000296165	1.995929985	0.002725716
0.090768774	0.000296655	2.033264431	0.002821801
0.090834486	0.00029715	2.07436164	0.002932539
0.090900165	0.00029765	2.10802421	0.003028321
0.090965824	0.000298155	2.146524515	0.003139051
0.091031456	0.000298665	2.191803291	0.003276224
0.091097061	0.000299181	2.228289193	0.00339122
0.091162634	0.000299701	2.302499836	0.003640728
0.091228186	0.000300226	2.31220652	0.00367362
0.091293712	0.000300757	2.338825599	0.003766828
0.091359211	0.000301292	2.383309698	0.003932934
0.091424677	0.000301832	2.407182167	0.004024634
0.091490123	0.000302378	2.468862552	0.004273331
0.091555542	0.000302928	2.493840433	0.004373313
0.091620935	0.000303483	2.544793028	0.004598825
0.091686295	0.000304043	2.596796177	0.004838236
0.091751634	0.000304608	2.612084347	0.004910345
0.091816947	0.000305178	2.650857854	0.005096461
0.091882234	0.000305752	2.690561611	0.005297615
0.091947493	0.000306332	2.726179632	0.005485015
0.09201272	0.000306916	2.766332023	0.005708431
0.092077927	0.000307505	2.802368534	0.005909891
0.092143107	0.000308099	2.869806106	0.006317832
0.09220826	0.000308698	2.893102668	0.006464603
0.092273381	0.000309302	2.945434454	0.006804083
0.092338481	0.00030991	2.939876613	0.006772014
0.092403555	0.000310523	2.992915846	0.007129051
0.092468602	0.000311141	3.018211666	0.007308307
0.092533616	0.000311763	3.073176971	0.007716046
0.09259861	0.00031239	3.107031195	0.007981177
0.092663577	0.000313022	3.132181409	0.008183832
0.092728518	0.000313659	3.191909348	0.008686716
0.092793426	0.0003143	3.203188768	0.008779563
0.092858314	0.000314945	3.213951449	0.008873832
0.092923175	0.000315596	3.248320467	0.009183664
0.092988009	0.000316251	3.259845347	0.009287237
0.09305281	0.00031691	3.3446937	0.010100004
0.093117592	0.000317574	3.409250307	0.010760884
0.093182346	0.000318243	3.471882765	0.011465656
0.093247074	0.000318916	3.468572046	0.01142126
0.09331177	0.000319593	3.506409669	0.011846402
0.093376444	0.000320275	3.452815757	0.011242991
0.093441093	0.000320962	3.479149321	0.011536566
0.093505714	0.000321653	3.534340907	0.012195345
0.093570309	0.000322348	3.575739886	0.012707406
0.093634872	0.000323048	3.665085993	0.01390366
0.093699414	0.000323752	3.689323043	0.014218339
0.093763929	0.000324461	3.690981211	0.014251629
0.093828418	0.000325174	3.742745919	0.014997699
0.093892874	0.000325891	3.719938617	0.014654535
0.093957309	0.000326613	3.709446562	0.014505722
0.094021718	0.000327339	3.702244373	0.014397555
0.0940861	0.000328069	3.835956122	0.016459668
0.09415045	0.000328804	3.841440058	0.016553744
0.094214779	0.000329542	3.901015561	0.017567541
0.094279082	0.000330285	3.853137659	0.016747207
0.094343358	0.000331033	3.790759774	0.015736894
0.094407601	0.000331784	3.75330919	0.015156127
0.094471824	0.00033254	3.80225301	0.015912675
0.09453602	0.0003333	3.83886703	0.016507115
0.09460019	0.000334064	3.892993755	0.017411566
0.094664327	0.000334832	3.991004657	0.019216366
0.094728443	0.000335604	3.962004045	0.018656727
0.094792533	0.00033638	3.911031524	0.017733196
0.094856597	0.000337161	3.968835721	0.018780086
0.094920627	0.000337945	3.877866731	0.01715117
0.094984637	0.000338734	3.808359157	0.016002982
0.095048701	0.000339812	3.887848065	0.01730966
0.095112934	0.000339816	3.941445271	0.018294997
0.095177207	0.000339825	3.977338758	0.018960836
0.095241515	0.000339839	4.002299406	0.019416495
0.09530587	0.000339858	3.89343843	0.017413108
0.095370266	0.000339882	3.769970945	0.01540185
0.095434702	0.000339911	3.822685217	0.016230015
0.095499173	0.000339945	3.781380489	0.0155706
0.095563691	0.000339984	3.790506628	0.015701025
0.09562825	0.000340028	3.915888768	0.017794519
0.095692849	0.000340076	3.860647816	0.016850909
0.095757484	0.00034013	3.826151206	0.016277968
0.095822165	0.000340189	3.819634826	0.016183579
0.095886887	0.000340253	3.731522639	0.014808991
0.095951649	0.000340322	3.681061185	0.014082775
0.096016447	0.000340396	3.762491206	0.015280412
0.096081291	0.000340475	3.695710741	0.014292476
0.096146176	0.000340559	3.682789528	0.014115647
0.096211101	0.000340648	3.654097625	0.013712467
0.096276062	0.000340742	3.685654972	0.014151357
0.096341069	0.000340841	3.591097742	0.012882039
0.096406117	0.000340945	3.556081129	0.012436986
0.096471206	0.000341055	3.543421285	0.012278245
0.09653633	0.000341169	3.509563698	0.011872682
0.0966015	0.000341289	3.481468392	0.011540312
0.096666711	0.000341413	3.446157333	0.011139015
0.096731963	0.000341543	3.455192785	0.011246644
0.096797256	0.000341678	3.407278115	0.010723342
0.096862583	0.000341818	3.345944137	0.010086097
0.096927957	0.000341963	3.27615413	0.009411763
0.096993373	0.000342113	3.280407968	0.009443589
0.097058828	0.000342268	3.257798193	0.009232515
0.097124319	0.000342428	3.224600089	0.008932962
0.097189856	0.000342594	3.217716266	0.008877458
0.097255434	0.000342765	3.178182775	0.008536842
0.097321053	0.00034294	3.149527963	0.008292911
0.097386707	0.000343121	3.096337325	0.007865533
0.097452407	0.000343307	3.049181246	0.007509178
0.097518149	0.000343498	2.97439299	0.006969687
0.097583931	0.000343695	2.970186792	0.006944422
0.097649747	0.000343896	2.921564916	0.006613943
0.097715611	0.000344103	2.913955742	0.006568896
0.097781515	0.000344314	2.874777599	0.006320107
0.09784746	0.000344531	2.825611998	0.006026771
0.09791344	0.000344753	2.785493082	0.005789097
0.097979467	0.00034498	2.734902257	0.005507112
0.098045534	0.000345213	2.693122748	0.005289376
0.098111643	0.00034545	2.677780296	0.005205678
0.098177785	0.000345692	2.64700581	0.00505416
0.098243975	0.00034594	2.612107557	0.004883379
0.098310206	0.000346193	2.569230301	0.004679624
0.098376477	0.000346451	2.524393875	0.004482385
0.098442789	0.000346714	2.469669864	0.004249984
0.098509136	0.000346982	2.432483694	0.004099217
0.09857553	0.000347256	2.401852521	0.003980116
0.098641964	0.000347534	2.344753062	0.003767192
0.098708439	0.000347818	2.346955286	0.003774231
0.098774949	0.000348107	2.298004705	0.003598151
0.098841506	0.0003484	2.235829408	0.003393146
0.098908103	0.0003487	2.187064227	0.003240213
0.098974742	0.000349004	2.173845813	0.00320015
0.099041414	0.000349313	2.105148524	0.002999108
0.099108134	0.000349627	2.079244153	0.002928102
0.099174895	0.000349947	2.04576971	0.00283769
0.099241696	0.000350271	2.003151667	0.002726285
0.099308532	0.000350601	1.981653701	0.002673075
0.099375415	0.000350936	1.928329161	0.002545206
0.099442339	0.000351276	1.888176025	0.002452949
0.099509304	0.000351621	1.844814122	0.002358872
0.099576303	0.000351971	1.822098687	0.002310031
0.099643349	0.000352326	1.776560309	0.002217762
0.099710436	0.000352686	1.753880392	0.002174164
0.099777563	0.000353051	1.710849286	0.002092669
0.099844725	0.000353421	1.671834507	0.002022863
0.099911935	0.000353797	1.639618307	0.001967032
0.099979185	0.000354177	1.609163194	0.001915849
0.100046475	0.000354563	1.564642218	0.001845655
0.100113807	0.000354953	1.531398216	0.001794682
0.100181173	0.000355349	1.504361201	0.001753903
0.100248586	0.000355749	1.477684771	0.00171645
0.10031604	0.000356155	1.44138193	0.001666386
0.100383534	0.000356566	1.410171143	0.001625375
0.100451063	0.000356981	1.369546449	0.001571727
0.10051864	0.000357402	1.33636243	0.001533094
0.100586257	0.000357827	1.305912827	0.001498241
0.100653914	0.000358258	1.280096634	0.001469481
0.100721606	0.000358694	1.248812646	0.001434975
0.100789346	0.000359134	1.224270683	0.001409132
0.100857126	0.00035958	1.198094105	0.00138214
0.100924947	0.00036003	1.156911572	0.00134233
0.100992802	0.000360485	1.132946211	0.001319679
0.101060704	0.000360946	1.099793512	0.001289719
0.101128647	0.000361411	1.06713707	0.001262833
0.101196631	0.000361881	1.046887428	0.001244745
0.10126465	0.000362356	1.018062717	0.001222129
0.101332715	0.000362836	0.991619294	0.001201673
0.101400822	0.000363321	0.966016595	0.001181998
0.101468969	0.000363811	0.942518234	0.001165734
0.10153715	0.000364305	0.911805273	0.001143527
0.101605379	0.000364805	0.887854733	0.001128345
0.101673648	0.000365309	0.860053812	0.001109632
0.101741958	0.000365818	0.838900784	0.001096885
0.101810309	0.000366332	0.819643627	0.001084978
0.101878694	0.000366851	0.791779286	0.001068677
0.101947127	0.000367374	0.771223287	0.001056747
0.1020156	0.000367903	0.74963542	0.001045572
0.102084114	0.000368436	0.729335275	0.001034168
0.102152662	0.000368974	0.7032445	0.001020154
0.102221258	0.000369516	0.684991224	0.001011723
0.102289894	0.000370064	0.664353971	0.001001502
0.102358572	0.000370616	0.647042253	0.000993047
0.102427283	0.000371173	0.630241726	0.000985624
0.102496042	0.000371735	0.608360341	0.000976297
0.102564841	0.000372301	0.590220249	0.000968693
0.102633681	0.000372872	0.572103721	0.000960764
0.102702556	0.000373448	0.55473405	0.000953468
0.102771478	0.000374028	0.536638349	0.000946552
0.10284044	0.000374613	0.523214002	0.000940741
0.102909444	0.000375203	0.506751486	0.000934915
0.102978481	0.000375797	0.492105778	0.000929394
0.103047566	0.000376396	0.473849384	0.000922065
0.103116692	0.000377	0.459244985	0.000917159
0.103185858	0.000377608	0.444108705	0.000912506
0.103255059	0.000378221	0.427468193	0.000906652
0.103324307	0.000378838	0.415166239	0.000902529
0.103393596	0.00037946	0.401335313	0.000898276
0.103462925	0.000380086	0.388884389	0.000894209
0.103532296	0.000380717	0.375623738	0.0008902
0.1036017	0.000381353	0.363406078	0.000886057
0.103671152	0.000381993	0.350157564	0.000882503
0.103740645	0.000382638	0.335352236	0.000878072
0.103810178	0.000383287	0.323635292	0.000874828
0.103879746	0.00038394	0.311717865	0.000871593
0.103949361	0.000384598	0.303198614	0.000869664
0.104019016	0.00038526	0.295103894	0.000866163
0.104088713	0.000385927	0.283463789	0.000864391
0.104158444	0.000386599	0.272694308	0.000861145
0.104228222	0.000387274	0.263655623	0.000858443
0.104298041	0.000387954	0.25239259	0.000856251
0.1043679	0.000388639	0.241125048	0.000853876
0.104437794	0.000389327	0.231149416	0.000851453
0.104507735	0.000390021	0.226276453	0.00084935
0.104577717	0.000390718	0.218630924	0.000847878
0.10464774	0.00039142	0.209368144	0.000846
0.104717797	0.000392126	0.201966766	0.000843777
0.104787901	0.000392837	0.193876366	0.000842235
0.104858046	0.000393551	0.185362575	0.00084023
0.104928232	0.00039427	0.178931257	0.000838676
0.104998452	0.000394994	0.170877428	0.000836606
0.10506872	0.000395721	0.164434508	0.000834939
0.105139028	0.000396453	0.158740553	0.000833988
0.105209377	0.000397189	0.150915069	0.000832507
0.105279766	0.000397929	0.147094496	0.000831125
0.105350197	0.000398673	0.140520893	0.000830365
0.105420668	0.000399422	0.135514332	0.000829138
0.105491295	0.000400057	0.125530562	0.000826987
0.105561937	0.000400067	0.124106875	0.000826793
0.105632571	0.000400083	0.118545632	0.000826234
0.105703194	0.000400106	0.115333536	0.000824975
0.105773809	0.000400137	0.110746107	0.000824141
0.105844414	0.000400174	0.106642685	0.000824026
0.10591501	0.000400217	0.102210409	0.000822531
0.105985597	0.000400268	0.098241077	0.000821709
0.106056161	0.000400326	0.092736031	0.000820773
0.106126729	0.00040039	0.089114076	0.000819615
0.106197287	0.000400461	0.086775708	0.000819291
0.106267837	0.000400539	0.082737162	0.000818476
0.106338377	0.000400625	0.07879713	0.000817459
0.106408907	0.000400717	0.077287469	0.000816963
0.106479429	0.000400816	0.07440512	0.000817063
0.106549941	0.000400921	0.070505166	0.000815532
0.10662043	0.000401034	0.067236508	0.000814996
0.106690923	0.000401154	0.064748288	0.00081456
0.106761407	0.000401281	0.062676891	0.000813974
0.106831882	0.000401414	0.060735673	0.000813677
0.106902348	0.000401555	0.057526754	0.000813243
0.106972804	0.000401702	0.055439671	0.000812945
0.10704325	0.000401857	0.052767512	0.00081214
0.107113688	0.000402018	0.04978869	0.000811692
0.107184116	0.000402187	0.046254736	0.000811295
0.107254521	0.000402362	0.04612137	0.000810765
0.107324931	0.000402545	0.042692341	0.000810775
0.107395331	0.000402734	0.0420778	0.00081055
0.107465722	0.000402931	0.042394344	0.000809995
0.107536103	0.000403134	0.037753426	0.000809461
0.107606476	0.000403345	0.036101297	0.000808983
0.107676839	0.000403562	0.034553475	0.000808646
0.107747192	0.000403787	0.033399441	0.000808617
0.107817523	0.000404018	0.031804275	0.000808414
0.107887858	0.000404256	0.030077063	0.000807745
0.107958184	0.000404502	0.029560219	0.00080762
0.1080285	0.000404754	0.02609941	0.000806952
0.108098807	0.000405014	0.025013196	0.000807139
0.108169104	0.00040528	0.023097452	0.00080596
0.108239393	0.000405554	0.022115574	0.000806083
0.108309672	0.000405834	0.022022041	0.000805745
0.108379928	0.000406122	0.020786518	0.000806029
0.108450188	0.000406416	0.019403613	0.000805121
0.108520439	0.000406718	0.019860973	0.000805376
0.108590681	0.000407026	0.017915844	0.00080458
0.108660914	0.000407341	0.01606449	0.000804223
0.108731137	0.000407664	0.014537341	0.000804401
0.10880135	0.000407993	0.013152378	0.000804441
0.108871555	0.00040833	0.014283116	0.000804561
0.10894175	0.000408673	0.01317443	0.000803741
0.109011922	0.000409023	0.011906525	0.000803319
0.109082099	0.000409381	0.01224576	0.000803594
0.109152266	0.000409745	0.011295881	0.000803362
0.109222424	0.000410116	0.012120693	0.000803232
0.109292572	0.000410494	0.010507005	0.000803177
0.109362711	0.000410879	0.011137532	0.000802535
0.109432841	0.000411271	0.009656931	0.000802641
0.109502962	0.00041167	0.010089223	0.000803051
0.10957306	0.000412076	0.011312711	0.000802864
0.109643162	0.000412489	0.009885696	0.000802838
0.109713254	0.000412908	0.009820191	0.000802587
0.109783337	0.000413335	0.009040352	0.000802204
0.109853411	0.000413768	0.008086985	0.000802514
0.109923476	0.000414208	0.006860713	0.00080188
0.109993531	0.000414656	0.008761438	0.000802039
0.110063577	0.00041511	0.008290046	0.000802386
0.1101336	0.00041557	0.008978837	0.000801854
0.110203628	0.000416038	0.008138157	0.000802141
0.110273646	0.000416513	0.007209052	0.000801515
0.110343654	0.000416994	0.007556433	0.00080149
0.110413654	0.000417482	0.006762122	0.000802185
0.110483644	0.000417977	0.006356781	0.000801181
0.110553625	0.000418479	0.008526501	0.000801363
0.110623596	0.000418987	0.00816397	0.000801785
0.110693558	0.000419502	0.009656567	0.000801961
0.110763497	0.000420024	0.006833545	0.000801316
0.110833441	0.000420553	0.006771006	0.000801646
0.110903375	0.000421088	0.00677882	0.000801447
0.1109733	0.000421631	0.007025569	0.000801146
0.111043215	0.000422179	0.007253692	0.000801002
0.111113121	0.000422735	0.00578962	0.000801152
0.111183018	0.000423297	0.007199176	0.000801134
0.111252906	0.000423866	0.005888397	0.000800848
0.11132277	0.000424441	0.005237367	0.000801065
0.111392639	0.000425023	0.005996422	0.000800925
0.111462499	0.000425612	0.005782996	0.000801011
0.111532349	0.000426207	0.005076343	0.000800781
0.11160219	0.000426809	0.003338282	0.00080019
0.111672022	0.000427418	0.004835329	0.000800643
0.111741844	0.000428033	0.004140188	0.000800454
0.111811657	0.000428654	0.002606009	0.000800315
0.111881447	0.000429282	0.003437771	0.000799886
0.111951241	0.000429917	0.004285921	0.000800218
0.112021026	0.000430558	0.001800859	0.000800149
0.112090802	0.000431205	0.003241236	0.000800154
0.112160568	0.000431859	0.002207803	0.000800133
0.112230325	0.000432519	0.00471878	0.000800186
0.112300073	0.000433186	0.00491316	0.000800256
0.112369811	0.000433859	0.002947585	0.000800388
0.11243954	0.000434539	0.002727745	0.000799517
0.112509247	0.000435225	0.003477846	0.000799813
0.112578957	0.000435917	0.002965153	0.000799992
0.112648658	0.000436615	0.000801986	0.000799675
0.11271835	0.00043732	0.003048192	0.000799507
0.112788032	0.000438031	0.003944197	0.000799567
0.112857705	0.000438749	0.003380964	0.000799778
0.112927369	0.000439473	0.002497023	0.000799999
0.112997024	0.000440203	0.002764095	0.000800359
0.113066655	0.000440939	0.004237367	0.000799911
0.113136291	0.000441681	0.002666687	0.000799507
0.113205918	0.000442429	0.002310653	0.000799491
0.113275535	0.000443184	0.002973938	0.000799794
0.113345143	0.000443945	0.005751379	0.000799969
0.113414741	0.000444712	0.004329613	0.000799228
0.113484331	0.000445485	0.006418634	0.000799838
0.11355391	0.000446264	0.005802099	0.0007996
0.113623468	0.000447049	0.006927799	0.000799758
0.113693029	0.000447841	0.005031359	0.000799267
0.113762581	0.000448638	0.004200992	0.000799261
0.113832124	0.000449441	0.005852225	0.000799183
0.113901657	0.00045025	0.007586437	0.000799296
0.113971181	0.000451066	0.00674158	0.000799924
0.114040695	0.000451887	0.006736114	0.000799445
0.114110201	0.000452714	0.008118082	0.000799733
0.114179697	0.000453547	0.006478535	0.000799511
0.11424917	0.000454385	0.007696741	0.000799419
0.114318648	0.00045523	0.004593223	0.00079911
0.114388116	0.000456081	0.006578634	0.000799544
0.114457574	0.000456937	0.007392342	0.000799177
0.114527024	0.000457799	0.006107117	0.000799311
0.114596464	0.000458667	0.00557592	0.000799405
0.114665894	0.000459541	0.006089619	0.000798937
0.114735316	0.00046042	0.007500785	0.000798964
0.114804715	0.000461305	0.007196059	0.000799252
0.114874118	0.000462196	0.005823413	0.000799249
0.114943511	0.000463093	0.003428553	0.000798451
0.115012895	0.000463995	0.006830618	0.000799
0.11508227	0.000464903	0.006608177	0.000798948
0.115151635	0.000465816	0.006010949	0.00079942
0.115220992	0.000466735	0.005245434	0.000798699
0.115290338	0.00046766	0.005078258	0.000798708
0.115359663	0.00046859	0.004866021	0.000798746
0.115428991	0.000469525	0.0044796	0.000798509
0.11549831	0.000470467	0.004126166	0.000798683
0.115567619	0.000471413	0.005374094	0.000798666
0.11563692	0.000472365	0.005249145	0.000798841
0.115706211	0.000473323	0.004026521	0.00079865
0.115775492	0.000474286	0.004994548	0.000798713
0.11584478	0.000475207	0.004894751	0.00079868
0.115914062	0.000475214	0.004132069	0.000798296
0.115983316	0.000475227	0.002673706	0.000798351
0.116052568	0.000475246	0.005847339	0.000798705
0.116121805	0.000475272	0.005322832	0.000798747
0.116191027	0.000475304	0.003528171	0.000798484
0.116260233	0.000475342	0.002654777	0.000797837
0.116329425	0.000475387	0.004415044	0.000798358
0.116398602	0.000475438	0.004266398	0.000797876
0.116467763	0.000475495	0.003920054	0.000798333
0.116536896	0.000475558	0.003582631	0.00079821
0.116606027	0.000475628	0.004924798	0.000797749
0.116675144	0.000475704	0.005594208	0.000798048
0.116744245	0.000475787	0.005701323	0.000798364
0.116813331	0.000475876	0.004912211	0.000797853
0.116882401	0.000475971	0.004469819	0.000798419
0.116951457	0.000476072	0.004562531	0.000798169
0.117020498	0.00047618	0.006015912	0.000798167
0.11708951	0.000476294	0.003316041	0.000798186
0.11715852	0.000476415	0.005494365	0.000798015
0.117227516	0.000476542	0.005758732	0.000798232
0.117296496	0.000476675	0.006682653	0.000798324
0.117365461	0.000476815	0.0047837	0.000797886
0.117434411	0.000476961	0.008086844	0.000797874
0.117503346	0.000477113	0.005027215	0.000797589
0.117572265	0.000477272	0.003870735	0.000797215
0.11764117	0.000477438	0.004998407	0.000797655
0.117710046	0.000477609	0.004671411	0.000797957
0.117778921	0.000477788	0.005416084	0.000797632
0.11784778	0.000477972	0.004777444	0.000797938
0.117916624	0.000478163	0.005048773	0.000797241
0.117985453	0.000478361	0.006651699	0.000797192
0.118054267	0.000478564	0.005732984	0.000797242
0.118123066	0.000478775	0.004323045	0.000797075
0.11819185	0.000478991	0.003014272	0.000796941
0.118260606	0.000479214	0.002373073	0.000797106
0.118329359	0.000479444	0.005959807	0.000796908
0.118398098	0.00047968	0.006842853	0.000797503
0.118466821	0.000479923	0.003203383	0.000796584
0.118535529	0.000480171	0.004354704	0.000796816
0.118604222	0.000480427	0.003315508	0.000796514
0.1186729	0.000480689	0.002274339	0.000796405
0.118741563	0.000480957	0.004120089	0.000796533
0.118810198	0.000481231	0.003629504	0.000796316
0.118878831	0.000481513	0.003568774	0.000796641
0.118947448	0.0004818	0.002188106	0.000796268
0.119016051	0.000482094	0.001977635	0.000795639
0.119084638	0.000482394	0.00157062	0.000796085
0.119153211	0.000482701	0.002031953	0.0007957
0.119221768	0.000483015	0.000686658	0.000795404
0.11929031	0.000483334	0.001696309	0.000795578
0.119358837	0.000483661	0.002000067	0.000795625
0.119427336	0.000483993	0.001459867	0.000795489
0.119495832	0.000484332	0.000865953	0.000795292
0.119564314	0.000484678	0.000530902	0.00079517
0.119632781	0.000485029	0.001167332	0.000794865
0.119701232	0.000485388	0.000601837	0.000794936
0.119769668	0.000485752	0.002233977	0.00079524
0.11983809	0.000486123	0.000451629	0.000794982
0.119906496	0.000486501	0.002752319	0.000794725
0.119974874	0.000486885	0.001464156	0.000794964
0.12004325	0.000487275	0.001285772	0.000794744
0.12011161	0.000487672	0.001771135	0.000794819
0.120179956	0.000488075	0.001407114	0.000794762
0.120248287	0.000488484	0.000367004	0.000794514
0.120316602	0.0004889	0.000482813	0.000794252
0.120384903	0.000489322	0.001618575	0.000794393
0.120453188	0.000489751	0.002305209	0.000794342
0.120521445	0.000490186	-4.78311E-05	0.000794538
0.1205897	0.000490627	0.001051403	0.000793991
0.12065794	0.000491075	0.001673349	0.000794122
0.120726165	0.000491529	0.001602762	0.000794355
0.120794375	0.000491989	-0.000922898	0.000794141
0.120862569	0.000492456	1.65848E-05	0.000793552
0.120930749	0.000492929	-0.000605486	0.000793753
0.120998913	0.000493408	0.003151885	0.000794001
0.121067062	0.000493894	0.000415682	0.000794294
0.121135184	0.000494386	0.001626296	0.000793678
0.121203303	0.000494884	0.001055087	0.000793799
0.121271407	0.000495388	0.001603374	0.000794023
0.121339496	0.000495899	-0.00089465	0.000793603
0.121407569	0.000496416	0.000484983	0.000793589
0.121475628	0.000496939	0.001253508	0.000793533
0.121543672	0.000497469	0.002472135	0.000793337
0.1216117	0.000498004	0.002513443	0.000793501
0.121679701	0.000498546	-0.000116143	0.000793304
0.121747699	0.000499094	-0.000501311	0.000793263
0.121815682	0.000499649	0.000968351	0.000792861
0.12188365	0.000500209	0.000700586	0.00079284
0.121951603	0.000500776	-0.000261681	0.000793065
0.122019541	0.000501349	0.000640387	0.000793067
0.122087463	0.000501928	-0.001148347	0.000793244
0.122155371	0.000502513	2.5389E-05	0.000792461
0.122223251	0.000503105	-0.000266588	0.00079222
0.122291128	0.000503702	-0.000870284	0.000792128
0.12235899	0.000504306	-0.001117067	0.000792423
0.122426838	0.000504915	-0.000321886	0.000791879
0.12249467	0.000505531	-0.001091591	0.000792172
0.122562487	0.000506153	0.000428058	0.00079221
0.122630288	0.000506781	-0.001750505	0.000792209
0.122698075	0.000507415	0.00023148	0.000791768
0.122765847	0.000508055	-0.001166496	0.000791749
0.122833591	0.000508701	-0.000568244	0.000791704
0.122901332	0.000509354	-0.003484142	0.000791042
0.122969058	0.000510012	-0.001748535	0.000791268
0.12303677	0.000510676	-0.002095228	0.000791391
0.123104466	0.000511346	-0.001944895	0.000791532
0.123172147	0.000512022	-0.001362227	0.000791543
0.123239813	0.000512704	-0.001050512	0.000791395
0.123307463	0.000513392	-0.002048577	0.000790753
0.123375086	0.000514086	9.55327E-05	0.000791101
0.123442707	0.000514786	-0.001009923	0.000791088
0.123510312	0.000515492	-0.002966181	0.000790672
0.123577903	0.000516204	-0.002509359	0.000790526
0.123645478	0.000516921	0.000950085	0.000791037
0.123713038	0.000517645	-0.00173332	0.000791212
0.123780583	0.000518374	0.001155896	0.000790815
0.123848113	0.000519109	-3.02428E-05	0.000790711
0.123915615	0.00051985	-0.001229673	0.000790195
0.123983115	0.000520597	-0.0028307	0.000790634
0.124050599	0.000521349	-0.001646185	0.000790268
0.124118069	0.000522107	-0.001275076	0.000790364
0.124185523	0.000522872	0.001014963	0.000790715
0.124252963	0.000523641	0.000974542	0.000790552
0.124320387	0.000524417	0.000240851	0.000790167
0.124387796	0.000525198	-0.001269967	0.000790267
0.12445519	0.000525985	-0.000130691	0.000790071
0.124522556	0.000526778	-0.002361923	0.000789827
0.12458992	0.000527576	-0.002046254	0.000789817
0.124657269	0.00052838	-0.001154071	0.000789914
0.124724602	0.00052919	0.001590778	0.000789652
0.124791921	0.000530005	0.000702282	0.000789691
0.124859224	0.000530826	-0.001158869	0.000789777
0.124926512	0.000531652	-8.05086E-05	0.000789571
0.124993785	0.000532484	-0.000506697	0.00078937
0.125061031	0.000533322	-0.000471586	0.000789161
0.125128274	0.000534165	-0.001639198	0.000789236
0.125195501	0.000535013	-0.000286121	0.000789326
0.125262714	0.000535868	0.001746033	0.000789462
0.125329912	0.000536727	-0.001313255	0.000789033
0.125397094	0.000537593	-0.00291006	0.000789003
0.125464262	0.000538463	-0.00251961	0.000788946
0.125531414	0.000539339	-0.002843994	0.000788682
0.125598538	0.000540221	-0.003273609	0.000788578
0.12566566	0.000541107	-0.002148252	0.000788574
0.125732767	0.000542	-0.002763454	0.000788539
0.125799859	0.000542897	-0.001608357	0.00078889
0.125866936	0.0005438	-0.003292423	0.000788264
0.125933998	0.000544709	-0.003658365	0.000788539
0.126001044	0.000545623	-0.003056199	0.000787931
0.126068076	0.000546542	-0.003879516	0.000787748
0.126135092	0.000547466	-0.0037815	0.000788151
0.126202088	0.000548612	-0.002768033	0.000788402
0.126269106	0.000548612	-0.002496984	0.000788094
0.126336124	0.000548612	-0.000856737	0.000788422
0.126403142	0.000548613	-0.003745639	0.000787943
0.12647016	0.000548613	-0.001621785	0.000788014
0.126537178	0.000548613	-0.001720955	0.000787611
0.126604196	0.000548613	-0.004095107	0.000787929
0.126671214	0.000548613	-0.002991776	0.000788077
0.12673822	0.000548613	-0.002944528	0.000787444
0.126805238	0.000548613	-0.001251739	0.000788109
0.126872256	0.000548613	6.44926E-05	0.000787941
0.126939274	0.000548614	-0.001590669	0.000787437
0.127006292	0.000548614	-0.001191142	0.000787653
0.12707331	0.000548614	-0.001760201	0.000787217
0.127140328	0.000548614	-0.000611142	0.000787896
0.127207346	0.000548615	-0.000750564	0.0007871
0.127274351	0.000548615	-0.001275736	0.000787427
0.127341369	0.000548615	-0.000440774	0.000787186
0.127408387	0.000548616	9.30992E-06	0.000787139
0.127475405	0.000548616	0.000619633	0.000787271
0.127542423	0.000548616	-0.001925332	0.000787366
0.127609441	0.000548617	0.00077967	0.000787218
0.127676459	0.000548617	-0.000370689	0.000787003
0.127743478	0.000548617	-0.000850399	0.00078693
0.127810496	0.000548618	-0.000395569	0.000786786
0.127877501	0.000548618	0.002386773	0.000787289
0.127944519	0.000548619	0.000504804	0.000787621
0.128011537	0.000548619	0.000884197	0.000786827
0.128078555	0.00054862	0.000629191	0.000786846
0.128145573	0.00054862	-0.000745539	0.000787004
0.128212591	0.000548621	-0.000350591	0.000786851
0.128279609	0.000548621	0.000868701	0.000786419
0.128346627	0.000548622	0.000369161	0.000786729
0.128413632	0.000548623	0.001710617	0.000787244
0.12848065	0.000548623	-0.000640653	0.000787078
0.128547669	0.000548624	-0.001199469	0.000786451
0.128614687	0.000548625	-0.00012569	0.000786712
0.128681705	0.000548625	-0.002927669	0.000786924
0.128748723	0.000548626	-0.001763374	0.000786385
0.128815741	0.000548627	9.1471E-06	0.000786442
0.128882759	0.000548627	0.000353851	0.000786321
0.128949764	0.000548628	-6.58184E-05	0.000786257
0.129016782	0.000548629	-0.002416423	0.000786189
0.1290838	0.00054863	-0.001538955	0.000786477
0.129150818	0.000548631	-0.002640536	0.000786097
0.129217836	0.000548631	-0.001807195	0.000785857
0.129284854	0.000548632	-0.002250787	0.000785809
0.129351872	0.000548633	-0.001932611	0.000786166
0.12941889	0.000548634	-0.001363767	0.000786136
0.129485908	0.000548635	-8.07135E-05	0.000786544
0.129552914	0.000548636	-0.000899425	0.000786033
0.129619932	0.000548637	-0.001129019	0.000786037
0.12968695	0.000548638	-0.000440298	0.000786026
0.129753968	0.000548639	-0.001358246	0.000785809
0.129820986	0.00054864	-0.002893223	0.000785653
0.129888004	0.000548641	-0.00261029	0.000785986
0.129955022	0.000548642	-0.000380402	0.000786267
0.13002204	0.000548643	0.001053199	0.000786119
0.130089045	0.000548644	0.001213012	0.000786066
0.130156063	0.000548645	-0.001402259	0.000785698
0.130223081	0.000548646	-0.00151707	0.000785723
0.130290099	0.000548647	0.001111145	0.000785805
0.130357117	0.000548648	0.001348312	0.000785565
0.130424136	0.000548649	0.001151015	0.000785641
0.130491154	0.000548651	0.000783976	0.000785776
0.130558172	0.000548652	0.001443513	0.000785877
0.130625177	0.000548653	0.000526655	0.000785843
0.130692195	0.000548654	0.002159653	0.000785201
0.130759213	0.000548655	-0.00014013	0.000785932
0.130826231	0.000548657	0.002225583	0.000785763
0.130893249	0.000548658	0.002335463	0.000785694
0.130960267	0.000548659	0.002736483	0.000786096
0.131027285	0.000548661	0.002855197	0.000785604
0.131094303	0.000548662	0.005435611	0.000785724
0.131161321	0.000548663	0.003155382	0.00078565
0.131228327	0.000548665	0.002190068	0.00078546
0.131295345	0.000548666	0.003543332	0.000786432
0.131362363	0.000548668	0.00359652	0.000785888
0.131429381	0.000548669	0.003100498	0.000785684
0.131496399	0.00054867	0.00327045	0.000785625
0.131563417	0.000548672	0.004286548	0.000785739
0.131630435	0.000548673	0.002877571	0.000785544
0.131697453	0.000548675	0.002944665	0.000785363
0.131764458	0.000548676	0.000938798	0.000785587
0.131831476	0.000548678	0.00284557	0.000784776
0.131898494	0.00054868	0.002280567	0.000785729
0.131965512	0.000548681	0.001985628	0.000785726
0.13203253	0.000548683	0.003594603	0.000785378
0.132099548	0.000548684	0.005771335	0.000785331
0.132166566	0.000548686	0.003361329	0.000785152
0.132233584	0.000548688	0.000776392	0.000784947
0.13230059	0.000548689	0.002376152	0.000784789
0.132367608	0.000548691	0.001008443	0.000784665
0.132434626	0.000548693	0.001555171	0.000785066
0.132501644	0.000548694	0.002072255	0.000785209
0.132568662	0.000548696	0.002668826	0.000785024
0.13263568	0.000548698	0.003136716	0.000785244
0.132702698	0.0005487	0.003675137	0.000784818
0.132769716	0.000548702	0.001998473	0.000784329
0.132836734	0.000548703	0.002315257	0.000784272
0.132903739	0.000548705	0.000659298	0.000784696
0.132970757	0.000548707	0.002816887	0.000784285
0.133037775	0.000548709	0.001604472	0.000784481
0.133104794	0.000548711	0.00297613	0.00078414
0.133171812	0.000548713	0.002452276	0.000784187
0.13323883	0.000548715	0.001464606	0.00078429
0.133305848	0.000548717	0.002270516	0.000784392
0.133372866	0.000548719	0.001384632	0.000784109
0.133439871	0.000548721	0.001454655	0.000784204
0.133506889	0.000548723	0.004196075	0.000784496
0.133573907	0.000548725	0.003938939	0.000784562
0.133640925	0.000548727	0.001995512	0.000784054
0.133707943	0.000548729	0.004173816	0.000784556
0.133774961	0.000548731	0.004779246	0.000783719
0.133841979	0.000548733	0.002671485	0.000784051
0.133908997	0.000548735	0.004001983	0.000784107
0.133976003	0.000548737	0.004828846	0.000783642
0.134043021	0.000548739	0.002948699	0.000784157
0.134110039	0.000548741	0.004199036	0.000784031
0.134177057	0.000548744	0.002019188	0.000783255
0.134244075	0.000548746	0.003996901	0.000784064
0.134311093	0.000548748	0.003020683	0.00078402
0.134378111	0.00054875	0.003708695	0.000783133
0.134445129	0.000548753	0.003072577	0.000782973
0.134512147	0.000548755	0.005054289	0.000783318
0.134579152	0.000548757	0.004788497	0.000783067
0.13464617	0.00054876	0.004366238	0.000783466
0.134713188	0.000548762	0.00493558	0.000783068
0.134780206	0.000548764	0.003518964	0.000783758
0.134847224	0.000548767	0.002157004	0.000783677
0.134914242	0.000548769	0.002563482	0.000782642
0.13498126	0.000548771	0.002431803	0.00078277
0.135048279	0.000548774	0.004091769	0.000782897
0.135115284	0.000548776	0.002966788	0.000782578
0.135182302	0.000548779	0.003754839	0.000782782
0.13524932	0.000548781	0.003660548	0.000782241
0.135316338	0.000548784	0.002229214	0.000782297
0.135383356	0.000548786	8.56765E-05	0.000782013
0.135450374	0.000548789	-0.000302073	0.000782207
0.135517392	0.000548791	0.001870861	0.000782242
0.13558441	0.000548794	0.000686989	0.000782146
0.135651415	0.000548796	0.000833688	0.000781643
0.135718433	0.000548799	0.00230312	0.000781929
0.135785452	0.000548802	0.000649803	0.000781573
0.13585247	0.000548804	0.001429622	0.000781229
0.135919488	0.000548807	0.001370039	0.00078122
0.135986506	0.00054881	-0.000332122	0.000780669
0.136053524	0.000548812	0.000518531	0.000780693
0.136120542	0.000548815	0.000170838	0.000781227
0.13618756	0.000548818	-0.001074278	0.000781081
0.136254565	0.000548821	0.000240593	0.000780818
0.136321583	0.000548823	0.001213481	0.000781134
0.136388601	0.000548826	0.000406938	0.000780487
0.136455619	0.000548829	-0.000376223	0.000780285
0.136522637	0.000548832	-0.001693087	0.000780002
0.136589655	0.000548835	-0.00169472	0.000780505
0.136656673	0.000548838	-5.85849E-05	0.000779998
0.136723691	0.000548841	-0.000843915	0.000780026
0.136790697	0.000548843	-0.000306196	0.000779877
0.136857715	0.000548846	0.000796351	0.000779563
0.136924733	0.000548849	0.000432202	0.000779696
0.136991751	0.000548852	-0.001097981	0.00077959
0.137058769	0.000548855	-0.000118093	0.000779989
0.137125787	0.000548858	0.001358974	0.000779627
0.137192805	0.000548861	0.000927705	0.000779436
0.137259823	0.000548864	-8.80908E-05	0.000779742
0.137326828	0.000548867	0.000489304	0.000779432
0.137393846	0.00054887	0.000608115	0.00077945
0.137460864	0.000548874	-0.000905212	0.000779744
0.137527882	0.000548877	0.000513976	0.000779645
0.1375949	0.00054888	-0.000807871	0.00077932
