Wave-Number (cm-1)	u(Wave-Number) (cm-1)	Absorbance	u(Absorbance)
0.040044924	6.25572E-05	0.00147813	0.000860867
0.040108793	6.26497E-05	-0.000465441	0.00086165
0.040172658	6.27422E-05	0.001009287	0.000860626
0.040236527	6.28346E-05	-0.001950961	0.000860591
0.040300393	6.29271E-05	0.000702662	0.000861575
0.040364262	6.30196E-05	0.002796516	0.000861142
0.040428128	6.31121E-05	0.000176295	0.000860865
0.040491997	6.32047E-05	0.000101869	0.000860691
0.040555863	6.32972E-05	0.001263025	0.000860507
0.040619732	6.33897E-05	-7.52723E-05	0.000860418
0.040683598	6.34823E-05	-0.000189077	0.000860723
0.040747467	6.35748E-05	0.001008021	0.000860006
0.040811333	6.36674E-05	-6.41946E-05	0.000860016
0.040875202	6.376E-05	-0.000594501	0.0008592
0.040939068	6.38526E-05	-0.000676931	0.000860102
0.041002937	6.39452E-05	-0.002100427	0.000859569
0.041066803	6.40378E-05	-0.002176884	0.000859341
0.041130672	6.41304E-05	-0.002355478	0.000859015
0.041194538	6.4223E-05	-0.002799465	0.00085921
0.041258407	6.43157E-05	-0.004093058	0.000858592
0.041322272	6.44083E-05	-0.002616988	0.000858971
0.041386141	6.4501E-05	-0.003664854	0.000858744
0.041450007	6.45937E-05	-0.004497513	0.000858257
0.041513876	6.46864E-05	-0.00514221	0.000858984
0.041577745	6.4779E-05	-0.004307123	0.000858181
0.041641611	6.48717E-05	-0.002708236	0.000857801
0.04170548	6.49645E-05	-0.003279332	0.000858028
0.041769346	6.50572E-05	-0.005974842	0.000857771
0.041833215	6.51499E-05	-0.004388034	0.000857845
0.041897081	6.52426E-05	-0.005698359	0.000857468
0.04196095	6.53354E-05	-0.00432812	0.000857077
0.042024816	6.54282E-05	-0.005733622	0.000856712
0.042088685	6.55209E-05	-0.005372185	0.000856851
0.042152551	6.56137E-05	-0.004679763	0.000857153
0.04221642	6.57065E-05	-0.00739387	0.000857081
0.042280286	6.57993E-05	-0.007648817	0.000856423
0.042344155	6.58921E-05	-0.006398542	0.000856281
0.04240802	6.59849E-05	-0.005663544	0.00085683
0.042471889	6.60777E-05	-0.006951241	0.000856886
0.042535755	6.61706E-05	-0.007098254	0.000856487
0.042599624	6.62634E-05	-0.00367991	0.000856461
0.04266349	6.63563E-05	-0.003398885	0.000856267
0.042727359	6.64491E-05	-0.004297011	0.000856386
0.042791225	6.6542E-05	-0.003427476	0.000856343
0.042855094	6.66349E-05	-0.001162919	0.000857012
0.04291896	6.67277E-05	-0.001622579	0.000856882
0.042982829	6.68206E-05	-0.002773285	0.000856504
0.043046695	6.69135E-05	-0.003358771	0.000857077
0.043110564	6.70065E-05	-0.001761414	0.000856699
0.043174433	6.70994E-05	-0.001179733	0.000856688
0.043238299	6.71923E-05	-0.00149993	0.000856127
0.043302168	6.72853E-05	-0.001648235	0.000857012
0.043366034	6.73782E-05	0.002162021	0.000856228
0.043429903	6.74712E-05	0.001263168	0.00085696
0.043493768	6.75641E-05	-0.000598117	0.000856063
0.043557637	6.76571E-05	-0.002630776	0.000856127
0.043621503	6.77501E-05	0.001223058	0.000855645
0.043685372	6.78431E-05	-9.03295E-05	0.00085588
0.043749238	6.79361E-05	-0.000583962	0.000855718
0.043813107	6.80291E-05	0.001044962	0.000855935
0.043876973	6.81221E-05	-0.000189283	0.000856451
0.043940842	6.82151E-05	0.000142447	0.000855999
0.044004708	6.83082E-05	-0.001572952	0.000855341
0.044068577	6.84012E-05	0.000763095	0.000855515
0.044132443	6.84943E-05	0.000683234	0.000855235
0.044196312	6.85873E-05	-0.002290282	0.000855836
0.044260178	6.86804E-05	-0.001425432	0.000855072
0.044324047	6.87735E-05	-0.002435725	0.000854878
0.044387913	6.88665E-05	-0.001065687	0.000855158
0.044451782	6.89596E-05	-0.002407351	0.000854803
0.044515648	6.90527E-05	-0.002417063	0.000853976
0.044579516	6.91459E-05	-0.002985698	0.000854202
0.044643382	6.9239E-05	-0.003848023	0.000854352
0.044707251	6.93321E-05	-0.004712625	0.000853784
0.04477112	6.94252E-05	-0.00554442	0.000853196
0.044834986	6.95184E-05	-0.00585322	0.000853464
0.044898855	6.96115E-05	-0.005314553	0.000853978
0.044962721	6.97047E-05	-0.005752208	0.00085356
0.04502659	6.97978E-05	-0.007873645	0.000853532
0.045090456	6.9891E-05	-0.007085551	0.000853209
0.045154325	6.99842E-05	-0.005869297	0.000853807
0.045218191	7.00774E-05	-0.006150775	0.000853282
0.04528206	7.01706E-05	-0.007693808	0.000852525
0.045345926	7.02638E-05	-0.005262445	0.00085372
0.045409795	7.0357E-05	-0.00496091	0.000852628
0.045473661	7.04502E-05	-0.007032965	0.000852952
0.04553753	7.05434E-05	-0.00658264	0.000852972
0.045601396	7.06366E-05	-0.005344323	0.000852671
0.045665265	7.07299E-05	-0.003975961	0.000853055
0.04572913	7.08231E-05	-0.003963252	0.000852659
0.045792999	7.09164E-05	-0.004040858	0.000853044
0.045856865	7.10096E-05	-0.002879708	0.000852466
0.045920734	7.11029E-05	-0.003690758	0.000852969
0.0459846	7.11962E-05	-0.004074561	0.000853012
0.046048469	7.12895E-05	-0.003447254	0.000852691
0.046112335	7.13828E-05	-0.000211857	0.000852403
0.046176204	7.14761E-05	-0.002501349	0.000852317
0.04624007	7.15694E-05	-0.001904459	0.00085329
0.046303939	7.16627E-05	-0.001974927	0.000853173
0.046367808	7.1756E-05	-0.00030785	0.000852414
0.046431674	7.18493E-05	0.000330531	0.000852308
0.046495543	7.19427E-05	0.000353725	0.000852735
0.046559409	7.2036E-05	-0.000183621	0.000852329
0.046623278	7.21294E-05	-0.000296491	0.000852628
0.046687144	7.22227E-05	0.001630329	0.000853079
0.046751013	7.23161E-05	0.000398496	0.000852372
0.046814878	7.24094E-05	0.000658541	0.000852415
0.046878747	7.25028E-05	0.003631813	0.000852928
0.046942613	7.25962E-05	0.002169495	0.000852209
0.047006482	7.26896E-05	0.001098777	0.000852334
0.047070348	7.2783E-05	0.00275173	0.000852587
0.047134217	7.28764E-05	0.002230627	0.0008525
0.047198083	7.29698E-05	0.001688618	0.000852151
0.047261952	7.30632E-05	0.001334634	0.000852006
0.047325818	7.31567E-05	-0.001003049	0.000852117
0.047389687	7.32501E-05	0.001517849	0.00085249
0.047453553	7.33435E-05	0.001724121	0.00085246
0.047517422	7.3437E-05	-0.000870057	0.000852247
0.047581288	7.35304E-05	-0.000479913	0.000851425
0.047645157	7.36239E-05	0.001631937	0.000851581
0.047709023	7.37174E-05	-0.000372371	0.000851573
0.047772892	7.38108E-05	-0.001364954	0.000851646
0.047836758	7.39043E-05	-0.001423837	0.000851853
0.047900626	7.39978E-05	-0.002112346	0.000851221
0.047964495	7.40913E-05	-0.001616191	0.000851432
0.048028361	7.41848E-05	-0.004558725	0.000851359
0.04809223	7.42783E-05	-0.001878503	0.000851281
0.048156096	7.43718E-05	-0.002230425	0.000851633
0.048219965	7.44653E-05	-0.002041703	0.000851449
0.048283831	7.45588E-05	-0.004593381	0.000850447
0.0483477	7.46524E-05	-0.004113804	0.000851108
0.048411566	7.47459E-05	-0.001917951	0.000851253
0.048475435	7.48394E-05	-0.00214893	0.000851301
0.048539301	7.4933E-05	-0.004408333	0.00085065
0.04860317	7.50266E-05	-0.00332565	0.000850677
0.048667036	7.51201E-05	-0.002146712	0.000850418
0.048730905	7.52137E-05	-0.001605694	0.000850873
0.048794771	7.53073E-05	-0.003426954	0.000850746
0.04885864	7.54008E-05	-0.002042177	0.000850952
0.048922506	7.54944E-05	7.73645E-05	0.000851043
0.048986374	7.5588E-05	-0.00059984	0.000850845
0.04905024	7.56816E-05	-0.001259317	0.000850801
0.049114109	7.57752E-05	-0.000903765	0.000851054
0.049177975	7.58688E-05	0.001123974	0.000851044
0.049241844	7.59625E-05	0.001539043	0.000851091
0.04930571	7.60561E-05	-0.000454218	0.000850525
0.049369579	7.61497E-05	0.002633395	0.000851337
0.049433445	7.62433E-05	0.00265874	0.000851319
0.049497314	7.6337E-05	0.002655634	0.000850823
0.049561183	7.64306E-05	0.003056548	0.000851213
0.049625049	7.65243E-05	0.003367435	0.000850834
0.049688918	7.66179E-05	0.002437846	0.000851693
0.049752784	7.67116E-05	0.003045452	0.000851664
0.049816653	7.68053E-05	0.002474561	0.000851224
0.049880519	7.6899E-05	0.004337078	0.000851555
0.049944388	7.69926E-05	0.005036483	0.000851909
0.050008254	7.70863E-05	0.004076239	0.000851124
0.050072123	7.718E-05	0.00334576	0.000850959
0.050135988	7.72737E-05	0.005252849	0.000851427
0.050199857	7.73674E-05	0.005331792	0.000851096
0.050263723	7.74611E-05	0.003960308	0.00085076
0.050327592	7.75549E-05	0.004409374	0.000851395
0.050391458	7.76486E-05	0.006041157	0.000850999
0.050455327	7.77423E-05	0.005186903	0.000851029
0.050519194	7.92248E-05	0.005560454	0.000851328
0.050583071	7.92288E-05	0.000713433	0.000850717
0.05064695	7.92386E-05	0.002406504	0.000850718
0.050710839	7.92542E-05	0.003273448	0.00085112
0.05077473	7.92757E-05	0.001701972	0.000850924
0.050838631	7.9303E-05	0.000483775	0.000850378
0.050902534	7.93362E-05	0.001360416	0.000850329
0.050966447	7.93753E-05	0.003147115	0.000850431
0.051030362	7.94203E-05	0.000668585	0.000850086
0.051094287	7.94712E-05	-0.001164997	0.00085002
0.051158217	7.95281E-05	-0.000593112	0.000850179
0.051222154	7.95909E-05	-0.000720875	0.000849771
0.05128609	7.96596E-05	0.000164163	0.000850046
0.051350038	7.97342E-05	0.0008611	0.000849623
0.051413993	7.98149E-05	-0.000147291	0.000849543
0.051477953	7.99015E-05	0.001725388	0.000850024
0.051541913	7.9994E-05	-0.001970947	0.000848814
0.051605885	8.00925E-05	-0.001447143	0.000849608
0.051669863	8.0197E-05	-0.000532713	0.000849587
0.051733848	8.03074E-05	0.000336147	0.000849322
0.051797832	8.04238E-05	-0.002316211	0.000849379
0.051861828	8.05461E-05	-0.000292697	0.000849863
0.05192583	8.06744E-05	-0.001495399	0.000849257
0.051989838	8.08086E-05	-0.001450037	0.0008495
0.052053846	8.09487E-05	-0.0025663	0.000849167
0.052117866	8.10948E-05	-0.003015726	0.0008492
0.052181892	8.12468E-05	-0.001321494	0.000849028
0.052245924	8.14047E-05	0.001799383	0.000849091
0.052309956	8.15684E-05	0.000483179	0.000849497
0.052373999	8.1738E-05	-0.000437845	0.000849302
0.052438049	8.19135E-05	0.00260612	0.000849697
0.052502105	8.20949E-05	0.001243557	0.000849472
0.052566161	8.2282E-05	0.000141837	0.00084929
0.052630229	8.24749E-05	0.002040357	0.000849367
0.052694302	8.26737E-05	0.003353192	0.000849241
0.052758382	8.28782E-05	0.00420477	0.000849211
0.052822468	8.30884E-05	0.003281103	0.000849015
0.052886553	8.33044E-05	0.00327383	0.000849185
0.052950651	8.35261E-05	0.005216615	0.000849679
0.053014754	8.37534E-05	0.007055623	0.000849363
0.053078864	8.39864E-05	0.003132982	0.000849612
0.053142973	8.4225E-05	0.003551581	0.000848995
0.053207095	8.44692E-05	0.005970158	0.000849054
0.053271222	8.4719E-05	0.006551865	0.000849044
0.053335356	8.49743E-05	0.002001429	0.000848953
0.053399489	8.52351E-05	0.004597915	0.000848997
0.053463635	8.55014E-05	0.005456701	0.000848797
0.053527786	8.57731E-05	0.003695743	0.000848676
0.053591943	8.60503E-05	0.002686856	0.00084821
0.0536561	8.63329E-05	0.003966001	0.000848272
0.05372027	8.66208E-05	0.002776853	0.000848203
0.053784445	8.6914E-05	0.002938883	0.000848423
0.053848626	8.72126E-05	0.001579637	0.000847428
0.053912807	8.75164E-05	0.002028517	0.00084778
0.053977	8.78254E-05	0.003443401	0.000847693
0.0540412	8.81396E-05	0.003155073	0.00084833
0.054105405	8.8459E-05	-0.001268464	0.000847238
0.05416961	8.87834E-05	-0.00080128	0.000847849
0.054233827	8.9113E-05	0.000716826	0.000847414
0.05429805	8.94476E-05	0.000363408	0.00084678
0.054362279	8.97872E-05	8.94478E-06	0.000846529
0.054426514	9.01318E-05	-0.001588847	0.000846801
0.054490748	9.04813E-05	-0.001148422	0.000846937
0.054554995	9.08358E-05	-0.001476891	0.00084667
0.054619248	9.11951E-05	-0.003898559	0.000845762
0.054683507	9.15592E-05	-0.002289725	0.000846515
0.054747766	9.19281E-05	-0.002892748	0.000846654
0.054812037	9.23018E-05	-0.005060469	0.000846393
0.054876313	9.26801E-05	-0.004055024	0.000845706
0.054940596	9.30632E-05	-0.003050333	0.000846054
0.055004879	9.34509E-05	-0.003712505	0.000846451
0.055069173	9.38432E-05	-0.003779645	0.000846279
0.055133474	9.424E-05	-0.00363056	0.000845362
0.05519778	9.46414E-05	-0.005796557	0.000845537
0.055262087	9.50472E-05	-0.004391616	0.000845284
0.055326406	9.54575E-05	-0.00223258	0.000845659
0.05539073	9.58723E-05	-0.003877658	0.000845367
0.055455061	9.62913E-05	-0.002458832	0.000845323
0.055519391	9.67147E-05	-0.001551364	0.000845793
0.055583733	9.71425E-05	-0.002255816	0.000845403
0.055648082	9.75744E-05	-0.003663271	0.000845058
0.055712436	9.80106E-05	-0.00046589	0.000845925
0.05577679	9.8451E-05	-0.001422105	0.000845378
0.055841157	9.88955E-05	-0.001266545	0.000845817
0.055905529	9.93442E-05	0.001251499	0.000845519
0.055969907	9.97969E-05	0.000121363	0.000845907
0.056034291	0.000100254	0.000884785	0.00084555
0.056098676	0.000100714	0.00077924	0.000845349
0.056163072	0.000101179	-0.000238677	0.000845389
0.056227474	0.000101648	0.000535095	0.000845516
0.056291882	0.00010212	0.001756503	0.00084512
0.05635629	0.000102597	0.00051408	0.000844985
0.05642071	0.000103077	0.001423527	0.00084502
0.056485136	0.000103561	0.00273938	0.000845488
0.056549568	0.000104049	0.001694619	0.000844835
0.056614	0.00010454	0.000195343	0.000845093
0.056678444	0.000105035	0.002671494	0.000844607
0.056742894	0.000105534	0.000937627	0.000844642
0.05680735	0.000106037	0.000737586	0.000844724
0.056871805	0.000106542	0.00034787	0.000844935
0.056936273	0.000107052	0.000228771	0.000844526
0.057000747	0.000107565	0.000605061	0.000844542
0.057065227	0.000108082	0.001455177	0.000844018
0.057129706	0.000108602	-0.001092306	0.000844012
0.057194198	0.000109125	-0.001464775	0.000844157
0.057258696	0.000109652	-7.99603E-05	0.000843812
0.057323199	0.000110182	-0.001203533	0.000843491
0.057387703	0.000110716	-0.00268155	0.000843684
0.057452219	0.000111252	-0.002525049	0.000843253
0.05751674	0.000111792	-0.00238058	0.000843642
0.057581268	0.000112336	-0.003884476	0.000842826
0.057645801	0.000112882	-0.004552076	0.00084274
0.057710334	0.000113432	-0.004697271	0.000842785
0.05777488	0.000113985	-0.004862312	0.000842736
0.057839431	0.000114541	-0.001875487	0.000842811
0.057903989	0.0001151	-0.004586408	0.000842872
0.057968546	0.000115662	-0.006776451	0.000842745
0.058033115	0.000116227	-0.005179917	0.000842251
0.058097691	0.000116795	-0.004245196	0.000841992
0.058162272	0.000117366	-0.005578264	0.000841822
0.058226853	0.00011794	-0.00704068	0.000842064
0.058291446	0.000118517	-0.00355945	0.00084158
0.058356045	0.000119097	-0.003996459	0.000842147
0.058420651	0.00011968	-0.005332443	0.000841816
0.058485256	0.000120266	-0.006576274	0.00084207
0.058549873	0.000120854	-0.006156074	0.000842161
0.058614496	0.000121445	-0.003839644	0.000841717
0.058679125	0.000122039	-0.00491695	0.000841588
0.058743754	0.000122636	-0.004264995	0.000841898
0.058808395	0.000123235	-0.001884764	0.000842331
0.058873042	0.000123838	-0.002902228	0.000841619
0.058937695	0.000124443	-0.003182401	0.000841755
0.059002347	0.00012505	-0.001495692	0.000841689
0.059067012	0.00012566	-0.001249723	0.000842115
0.059131683	0.000126273	-0.001053722	0.000841874
0.05919636	0.000126888	-0.002389872	0.000841702
0.059261043	0.000127506	-0.00036473	0.000842055
0.059325725	0.000128127	0.000981444	0.000842548
0.05939042	0.00012875	0.000540546	0.000841657
0.059455121	0.000129375	-0.000911713	0.00084167
0.059519828	0.000130003	-0.000557276	0.000842024
0.059584534	0.000130633	0.003100051	0.000841599
0.059649253	0.000131266	0.000500816	0.000842333
0.059713977	0.000131902	0.000990148	0.000841731
0.059778708	0.000132539	0.002237022	0.00084148
0.059843438	0.000133179	0.001598105	0.000841535
0.059908181	0.000133822	-0.000520109	0.00084162
0.059972929	0.000134467	-0.001549186	0.000841293
0.060037684	0.000135114	-0.000968885	0.000841115
0.060102438	0.000135763	0.00016159	0.00084105
0.060167204	0.000136415	0.000759552	0.000841238
0.060231977	0.000137069	-0.00109017	0.000840982
0.060296755	0.000137725	-0.002188069	0.000840327
0.060361533	0.000138383	-0.001545492	0.000841021
0.060426323	0.000139044	-0.002394877	0.000840951
0.06049112	0.000139707	-0.003395595	0.000840018
0.060555922	0.000140372	-0.001942233	0.000840322
0.060620724	0.000141039	-0.003515059	0.000840474
0.060685538	0.000141708	-0.004498242	0.000839907
0.060750358	0.00014238	-0.00360869	0.000840323
0.060815184	0.000143053	-0.004358728	0.000839545
0.060880016	0.000143729	-0.003690866	0.000839789
0.060944877	0.000145578	-0.006234764	0.000839853
0.061009759	0.000145585	-0.005935674	0.000839811
0.061074656	0.000145597	-0.004039685	0.000839596
0.061139569	0.000145614	-0.00458688	0.000839485
0.06120449	0.000145636	-0.006802802	0.00083949
0.061269432	0.000145663	-0.007981023	0.000838847
0.06133439	0.000145695	-0.005018668	0.000839189
0.061399362	0.000145732	-0.005689893	0.000838628
0.061464343	0.000145774	-0.005079906	0.000839337
0.061529346	0.000145821	-0.005222172	0.000838952
0.061594363	0.000145873	-0.004555245	0.000839196
0.061659396	0.00014593	-0.005491735	0.000839135
0.061724437	0.000145992	-0.004393531	0.000839086
0.0617895	0.000146059	-0.005158402	0.000838963
0.061854577	0.000146131	-0.003419676	0.000839176
0.06191967	0.000146209	-0.004743971	0.000839324
0.061984771	0.000146291	-0.003171394	0.000839329
0.062049894	0.000146379	-0.000708727	0.000839594
0.062115032	0.000146471	-0.001180313	0.000839698
0.062180184	0.000146569	-0.000294568	0.000838937
0.062245346	0.000146671	-0.00176593	0.000839557
0.062310528	0.000146779	-0.000536919	0.000839101
0.062375726	0.000146892	0.00097243	0.00083937
0.062440939	0.00014701	0.000386336	0.000839659
0.062506166	0.000147134	0.000982574	0.000839417
0.062571403	0.000147262	0.00055519	0.000839867
0.062636661	0.000147395	0.002630673	0.000840025
0.062701934	0.000147534	0.004040355	0.000839342
0.062767221	0.000147678	0.001532424	0.000839045
0.062832518	0.000147826	0.001692887	0.000838883
0.062897836	0.00014798	0.002426497	0.000839248
0.062963169	0.000148139	0.003488464	0.000839553
0.063028516	0.000148303	0.002154092	0.000839109
0.063093873	0.000148473	0.0041051	0.00083973
0.063159251	0.000148647	0.004943791	0.000839811
0.063224644	0.000148827	0.003847743	0.000839311
0.063290052	0.000149011	0.002663969	0.000838872
0.063355469	0.000149201	0.000828001	0.00083893
0.063420907	0.000149396	0.002503716	0.000838658
0.063486359	0.000149596	0.001996932	0.000839215
0.063551827	0.000149801	0.001113209	0.000838845
0.063617304	0.000150011	0.000656009	0.000838563
0.063682802	0.000150226	0.002138139	0.000839012
0.063748315	0.000150447	0.002000609	0.000838782
0.063813843	0.000150672	0.001104008	0.000838636
0.06387938	0.000150902	0.001238658	0.000838545
0.063944938	0.000151138	0.000688527	0.00083838
0.064010511	0.000151378	-0.00115794	0.000837967
0.0640761	0.000151624	-0.002744648	0.000837917
0.064141703	0.000151875	-0.001758371	0.000837945
0.064207315	0.00015213	-0.000191053	0.000838331
0.064272948	0.000152391	-0.001133887	0.000838272
0.064338596	0.000152656	-0.001791257	0.000838128
0.064404259	0.000152927	-0.00296193	0.000837957
0.064469931	0.000153203	-0.001477109	0.000837915
0.064535624	0.000153483	-0.002358487	0.000837923
0.064601333	0.000153769	-0.003558729	0.00083756
0.064667056	0.000154059	-0.00071627	0.000837776
0.064732788	0.000154355	-0.000198466	0.000837747
0.064798541	0.000154655	-0.002771687	0.000837668
0.06486431	0.00015496	-0.002549785	0.000837892
0.064930093	0.00015527	-1.23183E-05	0.000837514
0.064995885	0.000155585	-8.56114E-05	0.000838367
0.065061698	0.000155905	-0.000729961	0.000837999
0.065127527	0.00015623	-0.00139243	0.000837591
0.06519337	0.000156559	0.000756769	0.000837959
0.065259222	0.000156893	0.002241531	0.000837975
0.065325096	0.000157232	8.71339E-05	0.000838358
0.065390984	0.000157576	0.001991184	0.000838574
0.065456888	0.000157925	0.00160421	0.000838191
0.0655228	0.000158278	0.002673792	0.000837952
0.065588733	0.000158636	0.003913782	0.000838136
0.065654682	0.000158999	0.003269936	0.000838839
0.065720646	0.000159367	0.00723396	0.000838643
0.065786624	0.000159739	0.006196278	0.000838642
0.065852611	0.000160116	0.005720964	0.000838639
0.06591862	0.000160497	0.004469243	0.000838622
0.065984644	0.000160884	0.005958635	0.00083864
0.066050682	0.000161274	0.008582963	0.000838922
0.06611673	0.00016167	0.005529418	0.000838984
0.066182798	0.00016207	0.004254311	0.000838605
0.066248882	0.000162474	0.008832314	0.0008387
0.066314981	0.000162883	0.007830411	0.000838403
0.066381088	0.000163296	0.007289571	0.000838822
0.066447217	0.000163714	0.006596785	0.000838426
0.066513361	0.000164137	0.008658936	0.000838277
0.066579519	0.000164564	0.006589236	0.000838161
0.066645687	0.000164995	0.006146912	0.000838352
0.066711876	0.000165431	0.005043019	0.000838396
0.066778079	0.000165871	0.006650523	0.000838228
0.066844298	0.000166316	0.006036251	0.000838804
0.066910526	0.000166765	0.005323188	0.000837616
0.066976775	0.000167218	0.003829939	0.000837709
0.067043038	0.000167675	0.006027453	0.000838163
0.067109317	0.000168137	0.00402482	0.000837309
0.067175605	0.000168603	0.002987611	0.00083774
0.067241914	0.000169073	0.004358909	0.000837889
0.067308238	0.000169548	0.004217617	0.000837716
0.067374577	0.000170027	0.002056032	0.000837832
0.067440931	0.00017051	0.00152892	0.000837277
0.067507293	0.000170997	0.001059062	0.00083722
0.067573677	0.000171488	0.001916248	0.000836909
0.067640076	0.000171983	0.002654722	0.000837536
0.06770649	0.000172483	0.000440451	0.000836781
0.067772913	0.000172986	0.000593822	0.000836731
0.067839357	0.000173494	0.002191399	0.000836617
0.067905816	0.000174006	0.00085412	0.000837411
0.06797229	0.000174521	-0.000454784	0.000836318
0.068038773	0.000175041	-0.001591755	0.000836658
0.068105277	0.000175565	-0.000692468	0.000836691
0.068171797	0.000176092	0.000786883	0.000837457
0.068238331	0.000176624	-0.000131845	0.000837007
0.068304874	0.000177159	3.8446E-05	0.000836679
0.068371438	0.000177698	0.00361121	0.000836623
0.068438017	0.000178241	0.00277643	0.000836918
0.068504611	0.000178788	-0.001364363	0.000836451
0.068571214	0.000179339	0.001983427	0.000836864
0.068637838	0.000179894	0.002987481	0.000836241
0.068704478	0.000180452	0.00320178	0.000836632
0.068771132	0.000181014	0.000904045	0.000836576
0.068837795	0.00018158	0.004524338	0.000837241
0.068904479	0.00018215	0.005128729	0.000836834
0.068971179	0.000182723	0.004715746	0.000836898
0.069037893	0.0001833	0.005192774	0.000836845
0.069104623	0.000183881	0.004340794	0.000836668
0.069171361	0.000184465	0.005254914	0.000837286
0.06923812	0.000185053	0.007233096	0.000836599
0.069304894	0.000185644	0.006567852	0.000836939
0.069371684	0.000186239	0.006937511	0.000836476
0.069438482	0.000186837	0.009996322	0.000837054
0.069505301	0.00018744	0.007302138	0.000836928
0.069572136	0.000188045	0.005052573	0.000835868
0.069638986	0.000188654	0.006778063	0.000836636
0.069705844	0.000189267	0.007398348	0.000836327
0.069772723	0.000189883	0.008157632	0.000836246
0.069839618	0.000190502	0.005674763	0.000836306
0.069906527	0.000191125	0.007177645	0.000836421
0.069973446	0.000191751	0.005865624	0.000835963
0.070040385	0.00019238	0.005324951	0.000836006
0.07010734	0.000193013	0.005112537	0.00083556
0.07017431	0.00019365	0.004469869	0.000835511
0.070241288	0.000194289	0.004690176	0.000835416
0.070308288	0.000194932	0.003881536	0.000835266
0.070375302	0.000195578	0.003153363	0.000835222
0.070442332	0.000196227	0.004421329	0.000835223
0.07050937	0.00019688	0.005229361	0.000835001
0.07057643	0.000197535	0.001823473	0.000834465
0.070643505	0.000198194	0.002301486	0.000834729
0.070710595	0.000198856	0.001492397	0.000834262
0.070777699	0.000199522	0.001145027	0.000834336
0.070844813	0.00020019	0.000265951	0.000834714
0.070911948	0.000200862	-0.001366915	0.00083422
0.070979098	0.000201536	0.001155748	0.000834169
0.071046262	0.000202214	0.000291808	0.000834113
0.071113436	0.000202895	-0.002032717	0.000833821
0.071180631	0.000203578	-0.002127397	0.000834202
0.071247841	0.000204265	-0.000983869	0.000833698
0.071315105	0.00020583	-0.002448388	0.000833941
0.071382354	0.000205837	-0.001624823	0.00083397
0.071449588	0.000205848	-0.001838177	0.000833372
0.071516801	0.000205865	-0.000941409	0.000833934
0.071583993	0.000205886	-0.000918387	0.000833813
0.071651158	0.000205913	-0.000363917	0.000833652
0.071718308	0.000205944	-0.002577899	0.000833024
0.071785437	0.000205981	-0.001135943	0.000833694
0.071852544	0.000206023	-0.000528251	0.000833021
0.071919625	0.000206069	0.000965382	0.000832971
0.071986691	0.000206121	0.001051657	0.00083286
0.072053736	0.000206178	0.001976835	0.000833989
0.07212076	0.00020624	0.002576975	0.000833587
0.072187756	0.000206307	0.002248917	0.000833117
0.072254738	0.000206379	0.00048618	0.000833081
0.072321698	0.000206457	0.001858095	0.00083322
0.072388638	0.000206539	0.004515855	0.000832923
0.072455557	0.000206626	0.002739734	0.000832947
0.072522448	0.000206719	0.00151268	0.000833081
0.072589325	0.000206817	0.003117992	0.000833383
0.07265618	0.00020692	0.004820559	0.00083341
0.072723015	0.000207028	0.001773873	0.000832852
0.072789822	0.000207142	0.002455285	0.000832713
0.072856614	0.00020726	0.005203697	0.000832516
0.072923386	0.000207384	0.002925778	0.000832769
0.072990136	0.000207512	0.002627623	0.000832492
0.073056859	0.000207646	0.004853925	0.000833228
0.073123568	0.000207786	0.004488289	0.000832836
0.073190255	0.00020793	0.003892354	0.000832864
0.073256921	0.00020808	0.003713442	0.000832294
0.07332356	0.000208234	0.003217957	0.000832255
0.073390184	0.000208394	0.005206522	0.000832143
0.073456787	0.00020856	0.002304872	0.000832232
0.073523369	0.00020873	0.002479548	0.000832115
0.073589924	0.000208905	0.002752448	0.000832408
0.073656464	0.000209086	0.001126847	0.000832228
0.073722983	0.000209272	0.00208019	0.000832382
0.073789481	0.000209463	-0.00084096	0.000831225
0.073855952	0.000209659	0.000981795	0.000831955
0.073922408	0.000209861	-0.000293485	0.000831438
0.073988843	0.000210068	0.000914262	0.000831156
0.074055257	0.00021028	-0.001021412	0.000831031
0.07412165	0.000210497	-0.001533766	0.000831321
0.074188015	0.000210719	-0.000986938	0.00083085
0.074254366	0.000210946	-0.00158345	0.000830671
0.074320696	0.000211179	-0.004248876	0.000830305
0.074387004	0.000211417	-0.000486434	0.00083062
0.074453286	0.00021166	-7.0104E-05	0.000830604
0.074519552	0.000211908	-0.00262016	0.000830525
0.074585798	0.000212161	-0.002474164	0.000830217
0.074652023	0.00021242	-0.003009631	0.000829842
0.07471822	0.000212683	-0.00125178	0.000830186
0.074784402	0.000212952	-0.001199996	0.000830256
0.074850564	0.000213226	-0.002443018	0.000829829
0.074916704	0.000213505	-0.002169758	0.000830328
0.074982817	0.000213789	-2.13045E-05	0.000829888
0.075048916	0.000214079	-0.000960667	0.000829571
0.075114993	0.000214373	-0.00182048	0.000829413
0.075181049	0.000214673	0.000593933	0.000829739
0.075247078	0.000214977	0.001813493	0.00083008
0.075313093	0.000215287	0.001055216	0.000830061
0.075379086	0.000215602	-0.001336105	0.000829718
0.075445058	0.000215921	0.000593933	0.000829739
0.075511003	0.000216246	0.00203279	0.000829723
0.075576933	0.000216576	0.001831457	0.000829753
0.075642842	0.000216911	0.002548816	0.000829642
0.07570873	0.000217251	0.001881518	0.000830298
0.075774597	0.000217596	0.004305462	0.000830629
0.075840437	0.000217946	0.005494538	0.000830098
0.075906262	0.000218301	0.003641049	0.00082986
0.075972066	0.000218662	0.003500301	0.000829796
0.076037849	0.000219027	0.004336795	0.000829869
0.076103604	0.000219397	0.004997008	0.000829956
0.076169345	0.000219772	0.005032989	0.000829879
0.076235065	0.000220151	0.006453979	0.000829986
0.076300764	0.000220536	0.006260249	0.000829851
0.076366435	0.000220926	0.006530856	0.000829565
0.076432092	0.000221321	0.005516503	0.000829503
0.076497728	0.00022172	0.004580322	0.000829496
0.076563342	0.000222125	0.006373067	0.000829354
0.07662893	0.000222534	0.004980736	0.000829334
0.076694502	0.000222948	0.004975063	0.000829601
0.076760054	0.000223367	0.005199004	0.000828978
0.076825584	0.000223791	0.005226626	0.000829065
0.076891088	0.000224219	0.004368207	0.000829111
0.076956576	0.000224653	0.00422494	0.000828944
0.077022043	0.000225091	0.006303759	0.000829137
0.07708749	0.000225534	0.002009435	0.000828689
0.077152909	0.000225982	0.003552219	0.000828814
0.077218313	0.000226434	0.003042732	0.000828629
0.077283697	0.000226891	0.003996824	0.000828413
0.077349059	0.000227353	0.003142139	0.000828563
0.0774144	0.00022782	0.002160474	0.000828116
0.077479714	0.000228291	0.001137421	0.000828013
0.077545013	0.000228767	0.002070037	0.000828019
0.077610291	0.000229247	0.002479257	0.00082827
0.077675548	0.000229732	0.000523349	0.000828161
0.077740778	0.000230222	0.002257425	0.000827947
0.077805993	0.000230716	0.004049926	0.00082801
0.077871187	0.000231215	0.003507236	0.000828004
0.07793636	0.000231719	0.00175353	0.000827393
0.078001506	0.000232227	0.002612191	0.000828024
0.078066637	0.000232739	0.002324864	0.000827588
0.078131747	0.000233256	0.003179443	0.000828013
0.078196835	0.000233778	0.003379431	0.000828457
0.078261897	0.000234304	0.004300688	0.000827948
0.078326944	0.000234834	0.00635518	0.00082826
0.07839197	0.000235369	0.00469469	0.000828053
0.078456974	0.000235908	0.005337119	0.000828465
0.078521952	0.000236452	0.007288132	0.000828165
0.078586914	0.000237	0.007528326	0.000828163
0.078651856	0.000237553	0.008979006	0.000828831
0.078716777	0.000238109	0.008902492	0.000828407
0.07878167	0.000238671	0.011543156	0.000829292
0.078846548	0.000239236	0.011731107	0.000828849
0.078911406	0.000239806	0.010526252	0.000828858
0.078976242	0.00024038	0.012821005	0.000828918
0.079041058	0.000240958	0.012928318	0.000828794
0.079105846	0.000241541	0.015480449	0.000829113
0.079170619	0.000242127	0.017235273	0.000828957
0.079235372	0.000242718	0.014861272	0.000829152
0.079300103	0.000243313	0.0172229	0.000829178
0.079364807	0.000243913	0.017714615	0.000829543
0.079429496	0.000244516	0.017580238	0.000829419
0.079494164	0.000245124	0.018008191	0.000829774
0.079558811	0.000245735	0.021406376	0.000829386
0.079623431	0.000246351	0.021046458	0.000829731
0.079688036	0.000246971	0.02228993	0.000829654
0.079752621	0.000247595	0.022846042	0.000830355
0.079817184	0.000248223	0.023589828	0.000829648
0.079881719	0.000248855	0.025441089	0.000830404
0.07994624	0.000249491	0.02538044	0.00083082
0.08001074	0.000250131	0.025505787	0.000830415
0.080075219	0.000250775	0.025739906	0.000830475
0.080139671	0.000251423	0.027489527	0.000830444
0.080204108	0.000252075	0.02714144	0.000830406
0.080268523	0.00025273	0.028461186	0.000830608
0.080332918	0.00025339	0.028193527	0.000830624
0.080397286	0.000254053	0.029985726	0.000830784
0.080461638	0.000254721	0.029175147	0.000830566
0.08052597	0.000255392	0.031171161	0.000830863
0.080590281	0.000256067	0.031146287	0.000831042
0.08065457	0.000256746	0.033398872	0.000830957
0.080718833	0.000257428	0.034571383	0.000831319
0.08078308	0.000258115	0.035950113	0.000831818
0.080847307	0.000258805	0.036644123	0.000831957
0.080911512	0.000259499	0.038034625	0.000832399
0.080975691	0.000260196	0.038375646	0.00083201
0.081039854	0.000260898	0.040334233	0.00083257
0.081103996	0.000261603	0.044850853	0.000832599
0.081168118	0.000262311	0.047744929	0.000833712
0.081232212	0.000263023	0.046126583	0.000833349
0.081296291	0.000263739	0.048836889	0.000833984
0.081360349	0.000264459	0.051691667	0.000834423
0.081424387	0.000265182	0.054478209	0.000835138
0.081488397	0.000265908	0.057291066	0.000835289
0.081552392	0.000266638	0.060343952	0.000836016
0.081616366	0.000267372	0.063212373	0.000836652
0.081680389	0.000268651	0.067612915	0.000837137
0.081744466	0.000268656	0.068635616	0.000837199
0.081808573	0.000268666	0.072346534	0.000838671
0.081872705	0.00026868	0.078501093	0.000838795
0.081936862	0.000268699	0.08073661	0.000838819
0.082001038	0.000268722	0.082868095	0.000839889
0.082065244	0.00026875	0.089258836	0.000840959
0.082129475	0.000268783	0.092129574	0.000841519
0.08219373	0.00026882	0.095672402	0.000841943
0.082258011	0.000268862	0.100130565	0.000843306
0.082322309	0.000268908	0.103005794	0.000843137
0.082386639	0.000268959	0.10826852	0.00084473
0.082450993	0.000269015	0.114315451	0.000845497
0.082515372	0.000269075	0.115189614	0.000845586
0.08257977	0.00026914	0.124169284	0.000847507
0.082644198	0.00026921	0.128699965	0.000848145
0.082708651	0.000269284	0.136690734	0.000850239
0.082773129	0.000269363	0.139831445	0.0008503
0.082837625	0.000269447	0.146461464	0.000851707
0.082902152	0.000269535	0.152598499	0.000852736
0.082966704	0.000269629	0.156614917	0.000854164
0.08303128	0.000269726	0.159219178	0.000854693
0.083095875	0.000269829	0.167395922	0.000856481
0.083160501	0.000269936	0.173895622	0.000857112
0.083225152	0.000270048	0.182498434	0.000859288
0.083289827	0.000270165	0.187515105	0.000860903
0.08335452	0.000270286	0.193594774	0.000861486
0.083419245	0.000270413	0.198707362	0.000863314
0.083483994	0.000270544	0.206825059	0.000864747
0.083548768	0.000270679	0.214157151	0.000866549
0.08361356	0.00027082	0.225340203	0.0008692
0.083678383	0.000270965	0.232849408	0.000870379
0.083743231	0.000271115	0.24143894	0.000872544
0.083808104	0.00027127	0.24963514	0.00087477
0.083873001	0.000271429	0.256121148	0.000876875
0.083937917	0.000271593	0.265902933	0.000878786
0.084002863	0.000271762	0.273624224	0.000880999
0.084067834	0.000271936	0.281849437	0.000882983
0.08413283	0.000272115	0.294895563	0.00088617
0.084197845	0.000272298	0.308852768	0.000890006
0.08426289	0.000272486	0.316721317	0.000891823
0.08432796	0.000272679	0.326513915	0.000895495
0.084393055	0.000272876	0.338572338	0.000898577
0.084458168	0.000273079	0.350109734	0.000901924
0.084523312	0.000273286	0.35964712	0.000904387
0.08458848	0.000273498	0.373958131	0.000908718
0.084653674	0.000273715	0.389204854	0.000913711
0.084718885	0.000273936	0.401735454	0.000917309
0.084784128	0.000274163	0.41592591	0.000921976
0.084849396	0.000274394	0.42875556	0.000926139
0.084914688	0.000274629	0.446896588	0.000932161
0.084979998	0.00027487	0.458437715	0.000936181
0.08504534	0.000275115	0.471688689	0.000940543
0.085110706	0.000275366	0.490570467	0.000947318
0.085176096	0.00027562	0.507202657	0.000953845
0.085241506	0.00027588	0.526537696	0.000960916
0.085306946	0.000276145	0.543336027	0.000967384
0.08537241	0.000276414	0.560403326	0.000974684
0.0854379	0.000276688	0.577645663	0.00098096
0.085503414	0.000276966	0.592400862	0.000987713
0.085568947	0.00027725	0.611017971	0.000995944
0.08563451	0.000277538	0.631709509	0.001004825
0.085700098	0.000277831	0.652880442	0.001015016
0.085765711	0.000278128	0.673483542	0.001024685
0.085831342	0.000278431	0.692203228	0.001033891
0.085897005	0.000278738	0.710735827	0.001043162
0.085962692	0.00027905	0.731387656	0.001053875
0.086028403	0.000279366	0.748792036	0.001063374
0.086094133	0.000279687	0.770003495	0.001075289
0.086159894	0.000280013	0.79489743	0.001089702
0.08622568	0.000280344	0.819930559	0.00110481
0.08629149	0.000280679	0.845014087	0.001118897
0.086357319	0.000281019	0.869010349	0.001134513
0.086423178	0.000281364	0.888115784	0.001147025
0.086489063	0.000281713	0.914342033	0.001165101
0.086554972	0.000282067	0.93971088	0.001182631
0.086620899	0.000282426	0.95623011	0.001195006
0.086686857	0.000282789	0.989936378	0.001220355
0.08675284	0.000283157	1.020177422	0.001243597
0.086818848	0.00028353	1.042680577	0.001261262
0.086884874	0.000283907	1.071940523	0.001285864
0.086950931	0.000284289	1.097705722	0.001308871
0.087017013	0.000284676	1.120137411	0.001329095
0.087083119	0.000285067	1.148159357	0.001355273
0.08714925	0.000285463	1.175547553	0.001381546
0.0872154	0.000285863	1.207546043	0.001413354
0.08728158	0.000286268	1.239392068	0.001447096
0.087347785	0.000286677	1.266781905	0.001474941
0.087414015	0.000287091	1.287603021	0.001499294
0.087480263	0.00028751	1.324865018	0.001542081
0.087546542	0.000287933	1.350846745	0.001573427
0.087612846	0.000288361	1.384898946	0.001615393
0.087679175	0.000288793	1.409775421	0.001648317
0.087745522	0.000289229	1.457770071	0.001712469
0.087811899	0.000289671	1.487386205	0.001755117
0.087878302	0.000290116	1.511798819	0.001789806
0.087944729	0.000290567	1.549894077	0.001847717
0.088011175	0.000291021	1.580856373	0.001897483
0.088077651	0.00029148	1.60647253	0.001937418
0.088144153	0.000291944	1.642823169	0.001998501
0.088210678	0.000292412	1.690675758	0.002082215
0.088277223	0.000292884	1.738330114	0.002171039
0.088343798	0.000293361	1.755852379	0.002205096
0.088410398	0.000293843	1.792519351	0.002277889
0.088477023	0.000294328	1.827170152	0.002349177
0.088543665	0.000294818	1.868266446	0.002436529
0.088610339	0.000295313	1.898804907	0.002505863
0.088677038	0.000295812	1.938291853	0.00259725
0.088743761	0.000296315	1.99620927	0.002741452
0.088810509	0.000296822	2.02035776	0.002802516
0.088877276	0.000297334	2.071600262	0.002936965
0.088944073	0.00029785	2.09386626	0.003001223
0.089010895	0.000298371	2.133356957	0.003112719
0.089077742	0.000298896	2.184962355	0.003269488
0.089144607	0.000299425	2.207917294	0.00334179
0.089211503	0.000299958	2.253441584	0.003487329
0.089278424	0.000300496	2.301685057	0.003653739
0.089345369	0.000301038	2.35505945	0.00384291
0.089412333	0.000301584	2.394141879	0.003989789
0.089479328	0.000302134	2.418023703	0.00408428
0.089546347	0.000302689	2.460537063	0.004251813
0.089613391	0.000303247	2.499097319	0.00441786
0.089680454	0.00030381	2.506482298	0.00444749
0.089747547	0.000304377	2.562219651	0.004696084
0.089814665	0.000304948	2.619715422	0.004967092
0.089881808	0.000305524	2.691189933	0.00532503
0.089948969	0.000306103	2.692678603	0.005334574
0.090016162	0.000306687	2.744313886	0.005614093
0.090083379	0.000307275	2.759203358	0.005690509
0.09015062	0.000307866	2.772130361	0.005763083
0.09021788	0.000308462	2.807200129	0.005962345
0.090285171	0.000309062	2.866783828	0.006322896
0.090352486	0.000309666	2.8782074	0.006398733
0.090419827	0.000310274	2.946989807	0.006841729
0.090487192	0.000310886	3.013445622	0.007305372
0.090554575	0.000311502	3.031952934	0.007445277
0.090621989	0.000312122	3.039347834	0.007493823
0.090689428	0.000312746	3.057679547	0.007631598
0.090756892	0.000313375	3.114300336	0.008067017
0.090824374	0.000314006	3.150467997	0.008369132
0.090891887	0.000314642	3.190721109	0.008709108
0.090959424	0.000315282	3.263598137	0.009357899
0.091026987	0.000315926	3.297190285	0.009671707
0.091094567	0.000316574	3.301827291	0.009720087
0.091162179	0.000317225	3.352617556	0.010219681
0.091229816	0.000317881	3.351621355	0.010202536
0.091297477	0.00031854	3.389432654	0.010595854
0.091365156	0.000319203	3.400114599	0.010713396
0.091432866	0.00031987	3.507099821	0.011910542
0.091500601	0.000320541	3.562175582	0.012587161
0.091568361	0.000321215	3.614509996	0.013255405
0.091636139	0.000321894	3.538236368	0.012291235
0.091703948	0.000322576	3.575565073	0.012754858
0.091771782	0.000323262	3.652329373	0.013763448
0.091839641	0.000323951	3.57836318	0.012784263
0.091907517	0.000324645	3.67149825	0.014031795
0.091975425	0.000325342	3.727398921	0.014829905
0.092043374	0.000326816	3.805259349	0.016030153
0.09211138	0.000326821	3.800886223	0.015944527
0.092179392	0.000326831	3.76742412	0.015428651
0.092247404	0.000326846	3.728380295	0.014832323
0.092315429	0.000326868	3.745479306	0.01510238
0.092383461	0.000326895	3.751415431	0.015183912
0.0924515	0.000326928	3.787335292	0.015726871
0.092519538	0.000326967	3.845814383	0.016684298
0.092587589	0.000327012	4.024953807	0.019935578
0.092655647	0.000327062	3.957114943	0.018637451
0.092723712	0.000327118	3.964514994	0.018762707
0.092791776	0.00032718	3.900939498	0.017610151
0.092859854	0.000327247	3.950846526	0.018517912
0.092927938	0.000327321	3.973693058	0.018945986
0.092996028	0.0003274	3.919922204	0.017941889
0.093064119	0.000327485	3.942079125	0.018343504
0.093132222	0.000327576	3.945066065	0.018401546
0.093200333	0.000327673	4.076271499	0.02096221
0.093268449	0.000327776	3.974431644	0.018948857
0.093336566	0.000327884	3.807932378	0.016037784
0.093404696	0.000327999	3.839858462	0.016548346
0.093472832	0.000328119	3.859110913	0.01688558
0.093540975	0.000328245	3.914242445	0.017832314
0.093609117	0.000328377	3.974688479	0.018949856
0.093677273	0.000328515	3.930356996	0.018115407
0.093745436	0.000328659	3.975843741	0.018954352
0.093813604	0.000328809	3.910592998	0.017775178
0.09388178	0.000328964	3.788913916	0.015731221
0.093949955	0.000329126	3.754583931	0.015192088
0.094018144	0.000329293	3.770293416	0.01543628
0.094086339	0.000329466	3.785520356	0.015686445
0.09415454	0.000329646	3.84784945	0.016690558
0.094222742	0.000329831	3.866503511	0.016990258
0.094290956	0.000330022	3.770046796	0.015435624
0.094359177	0.000330219	3.735996669	0.014915379
0.094427405	0.000330422	3.677657535	0.014074417
0.094495633	0.00033063	3.627996977	0.013387295
0.094563873	0.000330845	3.60222242	0.013052177
0.09463212	0.000331066	3.653257468	0.013737654
0.094700374	0.000331292	3.661386915	0.013838857
0.094768628	0.000331525	3.64133569	0.0135754
0.094836895	0.000331763	3.571000115	0.012650525
0.094905168	0.000332007	3.486123347	0.011627635
0.094973448	0.000332258	3.382857265	0.010485877
0.095041728	0.000332514	3.393657443	0.010601266
0.09511002	0.000332776	3.441217641	0.011112641
0.09517832	0.000333044	3.395799074	0.010621173
0.095246626	0.000333318	3.415697491	0.01082217
0.095314932	0.000333597	3.390135796	0.010562638
0.095383251	0.000333883	3.310100217	0.009743571
0.095451576	0.000334175	3.238960794	0.009084109
0.095519908	0.000334472	3.181140572	0.00857305
0.095588247	0.000334776	3.13234874	0.008173279
0.095656585	0.000335085	3.129284533	0.008150127
0.095724937	0.0003354	3.140712645	0.008232252
0.095793295	0.000335721	3.106144477	0.007960392
0.09586166	0.000336048	3.051859004	0.007537185
0.095930024	0.000336381	3.013799399	0.007263567
0.095998402	0.000336719	2.936257757	0.006726658
0.096066786	0.000337064	2.904594604	0.006523323
0.096135177	0.000337414	2.885683449	0.006401833
0.096203568	0.00033777	2.873586489	0.006325632
0.096271972	0.000338133	2.835280558	0.006088804
0.096340382	0.0003385	2.795899931	0.005857542
0.096408799	0.000338874	2.753939424	0.005616866
0.096477216	0.000339254	2.723549541	0.00545523
0.096545645	0.000339639	2.638927012	0.005023417
0.096614082	0.00034003	2.608079527	0.004870768
0.096682525	0.000340427	2.593586949	0.004803689
0.096750968	0.00034083	2.541920406	0.00456764
0.096819424	0.000341238	2.526212186	0.004498725
0.096887886	0.000341653	2.484504419	0.004319946
0.096956355	0.000342073	2.442357101	0.004149615
0.097024825	0.000342499	2.386890732	0.003930543
0.097093307	0.00034293	2.333140392	0.003732194
0.097161795	0.000343368	2.291447731	0.003585192
0.09723029	0.000343811	2.267484924	0.003507168
0.097298792	0.000344259	2.240613685	0.003415529
0.097367294	0.000344714	2.192547058	0.003262208
0.097435809	0.000345174	2.15207435	0.003141938
0.09750433	0.00034564	2.118223965	0.003042623
0.097572858	0.000346111	2.060069427	0.002880093
0.097641385	0.000346588	2.017965167	0.002769925
0.097709926	0.000347071	1.99308306	0.002705632
0.097778474	0.00034756	1.94716189	0.002594975
0.097847028	0.000348054	1.914959919	0.00251884
0.097915582	0.000348553	1.888424598	0.002458576
0.097984148	0.000349059	1.84456471	0.002362332
0.098052722	0.000349569	1.798854995	0.002267597
0.098121302	0.000350086	1.761141393	0.002192443
0.098189882	0.000350608	1.718557136	0.002110635
0.098258475	0.000351135	1.690792225	0.002061003
0.098327075	0.000351668	1.666258339	0.002016806
0.098395681	0.000352207	1.635081228	0.00196425
0.098464287	0.000352751	1.605755979	0.001913035
0.098532906	0.000353301	1.562551496	0.001844965
0.098601532	0.000353856	1.528505876	0.001793788
0.098670164	0.000354416	1.490595542	0.001739057
0.098738796	0.000354982	1.451436718	0.001684489
0.098807441	0.000355554	1.419622394	0.001641175
0.098876093	0.000356131	1.399293368	0.001614494
0.098944752	0.000356713	1.369837262	0.001577868
0.099013416	0.000357301	1.33435603	0.001535015
0.099082081	0.000357894	1.304110722	0.001500385
0.099150759	0.000358492	1.268651564	0.001459881
0.099219444	0.000359096	1.235771468	0.001424365
0.099288135	0.000359705	1.211530567	0.001399995
0.099356825	0.000360319	1.185051867	0.00137354
0.099425529	0.000360939	1.158634464	0.001347013
0.09949424	0.000361564	1.128845819	0.001319878
0.099562957	0.000362194	1.104252141	0.001298745
0.099631674	0.00036283	1.073453524	0.001271647
0.099700404	0.000363471	1.047418193	0.001249372
0.099769141	0.000364117	1.013490115	0.001222069
0.099837884	0.000364768	0.989138508	0.001203594
0.099906627	0.000365424	0.970598663	0.001189588
0.099975383	0.000366086	0.947311361	0.00117267
0.100044146	0.000366752	0.912283058	0.001147351
0.100112915	0.000367424	0.888680843	0.001132034
0.100181685	0.000368101	0.865484587	0.001117286
0.100250467	0.000368783	0.834937028	0.001098168
0.100319256	0.000369471	0.813272354	0.001084747
0.100388051	0.000370163	0.793506919	0.001073203
0.100456846	0.00037086	0.773076387	0.001061589
0.100525655	0.000371562	0.752348768	0.001050208
0.10059447	0.00037227	0.7283406	0.001037423
0.100663291	0.000372982	0.708308341	0.001026945
0.100732119	0.0003737	0.689666138	0.001017206
0.100800947	0.000374422	0.66552554	0.001006011
0.100869788	0.000375149	0.644005194	0.000995659
0.100938636	0.000375881	0.62648668	0.000987698
0.10100749	0.000376619	0.614258961	0.00098185
0.101076344	0.000377361	0.593848075	0.000973597
0.101145211	0.000378108	0.576109655	0.000966209
0.101214085	0.000378859	0.555878371	0.000957803
0.101282965	0.000379616	0.540262522	0.00095139
0.101351845	0.000380377	0.520372523	0.000943926
0.101420739	0.000381144	0.504351267	0.000937446
0.101489638	0.000381915	0.490368114	0.000932559
0.101558545	0.000382691	0.479018891	0.000928115
0.101627451	0.000383471	0.4636885	0.000922616
0.10169637	0.000384257	0.446250092	0.000917088
0.101765296	0.000385047	0.433886301	0.000911979
0.101834229	0.000385841	0.417809053	0.000907326
0.101903161	0.000386641	0.402829621	0.000902788
0.101972106	0.000387445	0.390638648	0.00089904
0.102041058	0.000388254	0.380012476	0.000895057
0.102110017	0.000389067	0.366465459	0.00089076
0.102178975	0.000389885	0.357580721	0.000888396
0.102247947	0.000390708	0.345932174	0.000885233
0.102316925	0.000391535	0.332074681	0.000881294
0.10238591	0.000392367	0.322686538	0.000878801
0.102454935	0.000393406	0.307363206	0.000873897
0.102523941	0.000393413	0.297465233	0.000871659
0.10259293	0.000393427	0.290066561	0.000869308
0.102661894	0.000393446	0.279794451	0.000866875
0.102730833	0.000393471	0.270836466	0.000864817
0.102799742	0.000393501	0.260056467	0.00086135
0.102868633	0.000393538	0.253788261	0.00085998
0.102937499	0.00039358	0.245726577	0.000858
0.103006341	0.000393628	0.232343556	0.000855448
0.103075152	0.000393682	0.225256862	0.000853337
0.103143945	0.000393742	0.217186455	0.00085132
0.103212714	0.000393808	0.210189925	0.000849107
0.103281458	0.00039388	0.200042371	0.000847585
0.103350172	0.000393957	0.192725678	0.000845667
0.103418867	0.00039404	0.187002816	0.000844264
0.103487538	0.00039413	0.17992814	0.000842941
0.103556185	0.000394225	0.169174661	0.000840413
0.103624801	0.000394326	0.162220374	0.00083916
0.103693398	0.000394433	0.158878701	0.000838166
0.103761972	0.000394546	0.150362415	0.000836601
0.103830521	0.000394665	0.144551979	0.000835906
0.103899039	0.00039479	0.13997108	0.000834111
0.103967539	0.000394921	0.134121599	0.00083292
0.104036015	0.000395057	0.128687772	0.000831506
0.104104466	0.0003952	0.118485528	0.000830041
0.104172893	0.000395349	0.115531514	0.000829618
0.104241295	0.000395503	0.110888625	0.000828221
0.104309673	0.000395664	0.108007713	0.000827778
0.104378014	0.00039583	0.101932984	0.000826608
0.104446343	0.000396003	0.099313229	0.00082597
0.104514648	0.000396181	0.096513419	0.000825007
0.104582928	0.000396366	0.09063024	0.000824022
0.104651184	0.000396556	0.085874393	0.000822961
0.104719416	0.000396753	0.082155849	0.000822034
0.104787623	0.000396955	0.078644172	0.000821649
0.104855806	0.000397163	0.076977828	0.000821349
0.104923951	0.000397378	0.07131337	0.00082046
0.104992085	0.000397598	0.06767268	0.00081944
0.105060194	0.000397825	0.068489914	0.000819563
0.105128279	0.000398057	0.0636082	0.000818495
0.10519634	0.000398295	0.058277472	0.000817584
0.105264376	0.00039854	0.058614394	0.000817207
0.105332388	0.00039879	0.058900967	0.000817237
0.105400375	0.000399046	0.054967927	0.000816306
0.105468325	0.000399309	0.052479674	0.000816105
0.105536264	0.000399577	0.051624959	0.00081602
0.105604178	0.000399851	0.050556895	0.000815651
0.105672068	0.000400132	0.048543446	0.000814996
0.105739933	0.000400418	0.043956138	0.000814381
0.105807774	0.00040071	0.04445335	0.000814218
0.10587559	0.000401009	0.043636905	0.00081375
0.105943382	0.000401313	0.042296591	0.000814039
0.10601115	0.000401623	0.038224553	0.000813745
0.10607888	0.000401939	0.039994897	0.00081328
0.106146599	0.000402261	0.037156461	0.000812927
0.106214293	0.00040259	0.034181507	0.000811999
0.106281963	0.000402924	0.034996998	0.000812196
0.106349609	0.000403264	0.03433279	0.000811798
0.10641723	0.00040361	0.032094784	0.000811385
0.106484827	0.000403962	0.030636142	0.000811555
0.106552399	0.00040432	0.030139687	0.00081018
0.106619934	0.000404684	0.029646542	0.000810755
0.106687457	0.000405054	0.026014642	0.000811102
0.106754957	0.000405429	0.023936655	0.000810044
0.106822431	0.000405811	0.022604248	0.00080958
0.106889881	0.000406199	0.023887362	0.000809872
0.106957307	0.000406592	0.020316659	0.000809332
0.107024708	0.000406992	0.020875555	0.000808767
0.107092085	0.000407397	0.01761452	0.000808546
0.107159425	0.000407808	0.019334987	0.000808395
0.107226753	0.000408225	0.0181284	0.000808568
0.107294057	0.000408649	0.015078558	0.000808118
0.107361336	0.000409077	0.013113271	0.000807578
0.107428591	0.000409512	0.012845056	0.000807249
0.107495822	0.000409953	0.013097926	0.000807085
0.107563028	0.000410399	0.011267886	0.000806916
0.107630209	0.000410852	0.010263005	0.000807266
0.107697366	0.00041131	0.012614069	0.000806947
0.107764486	0.000411774	0.01056662	0.000806518
0.107831595	0.000412244	0.007879585	0.00080601
0.107898679	0.000412719	0.006822716	0.000805599
0.107965738	0.000413201	0.008073072	0.000805736
0.108032773	0.000413688	0.006915494	0.000805837
0.108099784	0.000414181	0.006710331	0.000805622
0.10816677	0.00041468	0.006359393	0.000805302
0.108233732	0.000415185	0.005205636	0.000805751
0.108300657	0.000415695	0.006693245	0.000804887
0.10836757	0.000416211	0.003127373	0.000804468
0.108434459	0.000416733	0.004066468	0.0008049
0.108501323	0.00041726	0.005548798	0.000805032
0.108568162	0.000417793	0.006238886	0.000804734
0.108634978	0.000418332	0.004555381	0.000804286
0.108701769	0.000418877	0.005285695	0.000804706
0.108768535	0.000419427	0.006171637	0.00080448
0.108835265	0.000419983	0.006864205	0.000804528
0.108901982	0.000420545	0.00340996	0.000803741
0.108968676	0.000421112	0.003397251	0.000804145
0.109035345	0.000421685	0.006376256	0.000804248
0.109101989	0.000422264	0.006569654	0.000803975
0.109168609	0.000422848	0.006000951	0.000803946
0.109235205	0.000423437	0.005709833	0.000803738
0.109301776	0.000424033	0.006051359	0.000803913
0.109368323	0.000424634	0.007186337	0.000804072
0.109434832	0.00042524	0.003877984	0.000803389
0.10950133	0.000425852	0.006334315	0.000803532
0.109567804	0.000426469	0.007830508	0.000803606
0.109634253	0.000427092	0.008099819	0.00080373
0.109700678	0.000427721	0.00620828	0.000803614
0.109767078	0.000428355	0.006121522	0.00080362
0.109833454	0.000428994	0.006997894	0.000803252
0.109899805	0.000429639	0.005161544	0.000803449
0.109966119	0.00043029	0.003085596	0.000803063
0.110032422	0.000430945	0.002950496	0.000802657
0.1100987	0.000431607	0.003827374	0.000802633
0.110164954	0.000432273	0.00384295	0.00080213
0.110231183	0.000432945	0.003898097	0.000802341
0.110297388	0.000433623	0.002880154	0.000802161
0.110363569	0.000434306	0.00238301	0.000802286
0.110429725	0.000434994	0.00076808	0.00080161
0.110495844	0.000435687	-0.000750097	0.0008021
0.110561951	0.000436386	0.001577314	0.000801332
0.110628034	0.00043709	0.002107413	0.000801677
0.110694093	0.000437799	0.000530411	0.000801371
0.110760127	0.000438514	0.001379427	0.000801362
0.110826136	0.000439234	-0.000116851	0.00080125
0.110892121	0.000439959	-0.000253507	0.000801289
0.110958082	0.000440689	-0.002322159	0.000801109
0.111024018	0.000441425	-0.004547055	0.000800645
0.111089918	0.000442166	-0.002123816	0.000800737
0.111155805	0.000442912	-0.002527417	0.00080134
0.111221668	0.000443663	-0.002594145	0.000800846
0.111287507	0.000444419	-0.002317394	0.000800667
0.111353321	0.000445181	0.000199229	0.000800655
0.111419111	0.000445947	-0.00262214	0.00080062
0.111484877	0.000446719	-0.001531568	0.000800648
0.111550618	0.000447495	-0.003592663	0.000800369
0.111616322	0.000448277	-0.002115338	0.000800195
0.111682014	0.000449064	0.000669878	0.000800547
0.111747682	0.000449856	-0.001459279	0.000800357
0.111813325	0.000450653	-0.002295197	0.000800409
0.111878944	0.000451455	0.000213611	0.000800597
0.111944539	0.000452262	0.000958884	0.00080036
0.112010109	0.000453073	-0.000152281	0.000800295
0.112075654	0.00045389	-0.000431564	0.000799841
0.112141163	0.000454712	0.001054241	0.00080025
0.11220666	0.000455539	0.002216833	0.000800234
0.112272132	0.00045637	0.001665358	0.000800345
0.11233758	0.000457207	0.001976886	0.00080034
0.112403004	0.000458048	0.003985968	0.000800564
0.112468403	0.000458894	0.00320054	0.000800531
0.112533778	0.000459745	0.002689549	0.000800272
0.112599128	0.000460601	0.001531916	0.000799503
0.112664454	0.000461462	0.002918796	0.000800076
0.112729743	0.000462327	0.002917888	0.000800272
0.11279506	0.000463772	0.0047058	0.000800248
0.112860558	0.000463776	0.004160245	0.000800109
0.112926097	0.000463786	0.004309569	0.000800454
0.112991677	0.000463801	0.004895358	0.000800224
0.113057299	0.000463821	0.002880018	0.000800052
0.113122961	0.000463847	0.003896611	0.000800622
0.113188665	0.000463879	0.005787017	0.000800435
0.113254397	0.000463917	0.004856374	0.0008002
0.113320183	0.00046396	0.003147964	0.000799879
0.11338601	0.000464009	0.004149441	0.000800018
0.113451878	0.000464063	0.003887304	0.000800138
0.113517787	0.000464123	0.002681013	0.000799789
0.113583737	0.000464189	0.001366541	0.000799317
0.113649729	0.00046426	0.000981046	0.000799613
0.113715761	0.000464337	0.001698682	0.000799493
0.113781823	0.00046442	0.001509571	0.000799517
0.113847937	0.000464509	0.001457668	0.000799795
0.113914093	0.000464603	0.002552936	0.000799822
0.11398029	0.000464703	0.001697385	0.000799689
0.114046528	0.000464808	-0.000347085	0.000799104
0.114112808	0.00046492	-0.000135891	0.000799065
0.114179128	0.000465037	-0.000172798	0.000798846
0.11424549	0.000465159	0.000612001	0.000799217
0.114311892	0.000465288	0.000130132	0.000799089
0.114378324	0.000465422	-0.001429216	0.000798633
0.114444808	0.000465562	-0.001366274	0.000798982
0.114511334	0.000465708	-0.000428536	0.000798913
0.114577902	0.000465859	-0.001059647	0.000799368
0.11464451	0.000466017	-0.001263011	0.000798089
0.114711159	0.00046618	-0.001039736	0.00079848
0.11477785	0.000466348	-0.001396694	0.00079871
0.114844581	0.000466523	0.001703724	0.00079871
0.114911341	0.000466703	-0.000603423	0.000798637
0.114978155	0.000466889	0.00051835	0.000799131
0.11504501	0.000467081	0.000264023	0.000799003
0.115111906	0.000467279	0.001129694	0.00079903
0.115178844	0.000467482	-0.000658293	0.000798575
0.115245822	0.000467691	0.002301242	0.000799105
0.115312841	0.000467906	0.00265806	0.000798876
0.115379902	0.000468127	0.002884922	0.000799071
0.115446991	0.000468353	0.003279673	0.000799062
0.115514134	0.000468586	0.004624972	0.000799272
0.115581318	0.000468824	0.004229809	0.000799281
0.115648543	0.000469068	0.003990889	0.00079919
0.115715809	0.000469318	0.004292349	0.000798899
0.115783116	0.000469573	0.005187251	0.000799253
0.115850465	0.000469834	0.006841647	0.000799708
0.115917854	0.000470102	0.005075319	0.00079952
0.115985285	0.000470374	0.004391168	0.000799324
0.116052744	0.000470653	0.007321027	0.000799302
0.116120257	0.000470938	0.007181634	0.000799244
0.116187811	0.000471228	0.005738715	0.000799143
0.116255406	0.000471524	0.003931253	0.000798789
0.116323042	0.000471826	0.007265527	0.000799828
0.116390719	0.000472133	0.006986591	0.000799517
0.116458438	0.000472447	0.006234217	0.000799363
0.116526198	0.000472766	0.005899866	0.000799382
0.116593985	0.000473091	0.005727154	0.000799444
0.116661827	0.000473422	0.006529804	0.000798928
0.11672971	0.000473758	0.005616885	0.000798732
0.116797634	0.000474101	0.005521692	0.000799038
0.1168656	0.000474449	0.008229431	0.000798964
0.116933606	0.000474803	0.007466068	0.000799503
0.117001653	0.000475162	0.004815857	0.00079866
0.117069742	0.000475528	0.004361123	0.000798269
0.117137859	0.000475899	0.005933942	0.000798871
0.11720603	0.000476276	0.003454792	0.000798412
0.117274242	0.000476658	0.00196667	0.000798394
0.117342495	0.000477047	0.000637599	0.000798081
0.117410789	0.000477441	0.002976997	0.000798427
0.117479124	0.000477841	0.003110774	0.000798341
0.117547501	0.000478247	0.001529323	0.000798238
0.117615918	0.000478658	0.001258671	0.000798071
0.117684377	0.000479075	0.002547165	0.000797827
0.117752864	0.000479498	9.71549E-05	0.000797749
0.117821405	0.000479926	-0.001336022	0.000797119
0.117889987	0.00048036	-0.000189061	0.000797545
0.11795861	0.0004808	0.002453265	0.000797741
0.118027274	0.000481246	0.000350939	0.000797877
0.118095979	0.000481697	0.000772736	0.0007978
0.118164726	0.000482154	0.001178191	0.000797685
0.118233514	0.000482617	0.00248831	0.000797427
0.118302329	0.000483085	-2.88136E-05	0.000797587
0.118371199	0.000483559	0.000228089	0.000797325
0.11844011	0.000484039	0.001733696	0.000797523
0.118509062	0.000484524	0.002592737	0.000797603
0.118578055	0.000485015	0.001928169	0.000797447
0.11864709	0.000485512	0.001374131	0.000797414
0.118716165	0.000486014	0.002140207	0.000797213
0.118785282	0.000486522	0.00508416	0.000798098
0.118854426	0.000487035	0.003787086	0.000797274
0.118923625	0.000487554	0.001219561	0.000797319
0.118992865	0.000488079	0.003774046	0.000797769
0.119062146	0.000488609	0.004752176	0.000797531
0.119131468	0.000489145	0.004042585	0.000797208
0.119200832	0.000489687	0.004197668	0.000797303
0.119270236	0.000490234	0.005647295	0.000797103
0.119339682	0.000490786	0.006663944	0.00079728
0.119409169	0.000491344	0.005852248	0.000797508
0.119478683	0.000491908	0.003682432	0.000797098
0.119548252	0.000492477	0.007370009	0.000797266
0.119617862	0.000493051	0.007876339	0.000797381
0.119687513	0.000493631	0.00762065	0.000797642
0.119757205	0.000494217	0.00498605	0.000797284
0.119826939	0.000494808	0.006463776	0.000797408
0.119896713	0.000495405	0.004486897	0.000797117
0.119966529	0.000496007	0.005119954	0.000797003
0.120036372	0.000496614	0.004992633	0.000796842
0.12010627	0.000497227	0.003972911	0.000796523
0.120176209	0.000497845	0.006736308	0.00079699
0.12024619	0.000498469	0.004812064	0.000797347
0.120316211	0.000499098	0.003605406	0.000796759
0.120386273	0.000499733	0.0035051	0.000796823
0.120456377	0.000500373	0.003852077	0.000796358
0.120526521	0.000501018	0.001768108	0.000796095
0.120596694	0.000501669	0.001786115	0.000795938
0.12066692	0.000502325	0.003103107	0.000796062
0.120737188	0.000502986	0.002999203	0.000795887
0.120807497	0.000503653	0.002909498	0.000795654
0.120877848	0.000504325	0.000574665	0.000795651
0.120948239	0.000505003	0.000370422	0.000795878
0.121018671	0.000505685	-0.000754913	0.000795007
0.121089145	0.000506373	-0.002229157	0.000795278
0.12115966	0.000507067	-0.002600737	0.000794843
0.121230202	0.000507765	-0.001117084	0.000794614
0.121300799	0.000508469	0.000597444	0.000795057
0.121371437	0.000509178	-0.001035368	0.000794706
0.121442116	0.000509892	-0.002659236	0.000795073
0.121512837	0.000510611	-0.002400477	0.000794714
0.121583598	0.000511336	-0.003513231	0.000793987
0.121654401	0.000512066	-0.002879898	0.000793965
0.121725244	0.000512801	-0.002413056	0.000793858
0.121796115	0.000513541	-0.001411674	0.00079437
0.121867041	0.000514286	0.000618052	0.000793888
0.121938008	0.000515036	-0.002054469	0.000794012
0.122009016	0.000515792	-0.002473456	0.000793849
0.122080066	0.000516553	-0.000290359	0.000793748
0.122151156	0.000517318	-0.001714799	0.000793747
0.122222288	0.000518089	-0.003939229	0.000793446
0.12229346	0.000518865	-0.002283886	0.00079368
0.12236466	0.000519646	-8.7573E-05	0.000793859
0.122435915	0.000520432	-0.00039704	0.000793672
0.122507211	0.000521223	0.001121015	0.000793807
0.122578548	0.000522019	0.000643856	0.000793535
0.122649927	0.00052282	0.000654367	0.000793576
0.122721346	0.000523626	0.000565899	0.000793345
0.122792806	0.000524437	0.000267008	0.0007932
0.122864308	0.000525253	0.00073694	0.000793331
0.122935851	0.000526073	0.00230189	0.000793197
0.123007421	0.000526899	0.00224473	0.000793425
0.123079046	0.00052773	0.001374943	0.000793212
0.123150712	0.000528565	0.001153957	0.000793257
0.123222499	0.0005298	0.001314408	0.000793203
0.123294351	0.0005298	0.002159285	0.000793095
0.123366203	0.0005298	0.00087609	0.000793194
0.123438055	0.0005298	-0.000139937	0.000792405
0.123509907	0.000529801	0.002102281	0.000792988
0.123581746	0.000529801	0.002754796	0.000793148
0.123653598	0.000529801	0.000447251	0.000792317
0.12372545	0.000529801	0.000259212	0.00079215
0.123797302	0.000529801	0.002131152	0.000792202
0.123869154	0.000529801	-0.00204087	0.000792232
0.123941007	0.000529802	-0.002463037	0.000792167
0.124012859	0.000529802	-0.000106118	0.000791857
0.124084711	0.000529802	0.001241023	0.000792242
0.124156549	0.000529802	-0.000578679	0.000791824
0.124228401	0.000529803	-0.001453257	0.000791236
0.124300254	0.000529803	-0.003199968	0.000790969
0.124372106	0.000529803	-0.002192883	0.000791517
0.124443958	0.000529804	-0.001401877	0.00079087
0.12451581	0.000529804	-0.003378079	0.000790607
0.124587662	0.000529805	-0.003198173	0.000791206
0.124659514	0.000529805	-0.001746514	0.000790994
0.124731367	0.000529805	-0.004039507	0.000790506
0.124803205	0.000529806	-0.006445396	0.000790238
0.124875057	0.000529806	-0.00566666	0.000790121
0.124946909	0.000529807	-0.006235041	0.000790388
0.125018762	0.000529808	-0.006031234	0.000790164
0.125090614	0.000529808	-0.003994535	0.000789765
0.125162466	0.000529809	-0.00454072	0.000790351
0.125234318	0.000529809	-0.003217774	0.000789982
0.12530617	0.00052981	-0.003327669	0.000790005
0.125378009	0.000529811	-0.006667521	0.000789575
0.125449861	0.000529811	-0.004268363	0.00078994
0.125521713	0.000529812	-0.004978428	0.000789871
0.125593565	0.000529813	-0.003486681	0.000789489
0.125665417	0.000529814	-0.004988733	0.00078983
0.125737269	0.000529814	-0.002429937	0.00078967
0.125809122	0.000529815	-0.002823826	0.000789826
0.125880974	0.000529816	-0.003536406	0.000789521
0.125952812	0.000529817	-0.002647556	0.000789382
0.126024664	0.000529818	-0.003101333	0.000789528
0.126096517	0.000529818	-0.004322645	0.000789264
0.126168369	0.000529819	-0.002689105	0.000789788
0.126240221	0.00052982	-0.001727261	0.000789365
0.126312073	0.000529821	0.000129908	0.000788943
0.126383925	0.000529822	0.00152512	0.000789863
0.126455777	0.000529823	-0.001553215	0.000789254
0.12652763	0.000529824	2.01006E-05	0.000788966
0.126599468	0.000529825	-0.000572407	0.000789247
0.12667132	0.000529826	0.000292444	0.000789125
0.126743172	0.000529827	-0.001880967	0.000788989
0.126815024	0.000529829	0.000512293	0.00078908
0.126886877	0.00052983	0.001451338	0.000789244
0.126958729	0.000529831	0.002018874	0.000789312
0.127030581	0.000529832	-0.000822175	0.000788837
0.127102433	0.000529833	-0.000454712	0.00078903
0.127174272	0.000529834	0.000608605	0.000788782
0.127246124	0.000529836	0.001016424	0.00078857
0.127317976	0.000529837	-0.000759322	0.000788181
0.127389828	0.000529838	-0.001566617	0.00078841
0.12746168	0.000529839	9.94157E-05	0.000788488
0.127533532	0.000529841	0.000507108	0.000788277
0.127605385	0.000529842	-0.003697625	0.000787968
0.127677237	0.000529843	-0.003687346	0.000788008
0.127749075	0.000529845	-0.001888154	0.000787715
0.127820927	0.000529846	-0.003781428	0.000787408
0.12789278	0.000529848	-0.005041298	0.000787549
0.127964632	0.000529849	-0.003974007	0.000787672
0.128036484	0.000529851	-0.003800335	0.000787561
0.128108336	0.000529852	-0.002820812	0.000787788
0.128180188	0.000529854	-0.004329151	0.00078672
0.12825204	0.000529855	-0.005315997	0.000786453
0.128323892	0.000529857	-0.003533328	0.00078725
0.128395731	0.000529858	-0.005445458	0.000787429
0.128467583	0.00052986	-0.005457917	0.000786919
0.128539435	0.000529862	-0.005488371	0.000786798
0.128611287	0.000529863	-0.004134756	0.000787491
0.12868314	0.000529865	-0.004927016	0.000786629
0.128754992	0.000529867	-0.005255047	0.000786696
0.128826844	0.000529868	-0.006574304	0.00078636
0.128898696	0.00052987	-0.006016961	0.000786523
0.128970535	0.000529872	-0.006331021	0.0007863
0.129042387	0.000529874	-0.004961552	0.000786275
0.129114239	0.000529875	-0.003355861	0.000785961
0.129186091	0.000529877	-0.001282701	0.000786341
0.129257943	0.000529879	-0.004389978	0.000786147
0.129329795	0.000529881	-0.00491072	0.000785961
0.129401648	0.000529883	-0.001992461	0.000787026
0.1294735	0.000529885	-0.001173693	0.000786271
0.129545338	0.000529887	-0.001086514	0.000786263
0.12961719	0.000529889	-0.001739667	0.000785971
0.129689042	0.000529891	0.001139116	0.000786882
0.129760895	0.000529893	0.001827585	0.000786966
0.129832747	0.000529895	0.001521925	0.000787112
0.129904599	0.000529897	0.000953476	0.000786811
0.129976451	0.000529899	0.000696696	0.000786643
0.130048303	0.000529901	-6.72243E-05	0.000786419
0.130120155	0.000529903	0.000543652	0.000786362
0.130191994	0.000529905	0.002580513	0.000786631
0.130263846	0.000529907	0.004919664	0.000786476
0.130335698	0.000529909	0.005605578	0.000786753
0.13040755	0.000529912	0.002072388	0.000786574
0.130479403	0.000529914	0.003173434	0.000785972
0.130551255	0.000529916	0.003282382	0.000785903
0.130623107	0.000529918	0.003064474	0.000786041
0.130694959	0.000529921	0.002546002	0.000786133
0.130766797	0.000529923	0.001509745	0.000786553
0.13083865	0.000529925	0.002448211	0.000786289
0.130910502	0.000529928	0.002432223	0.000786394
0.130982354	0.00052993	0.003248419	0.000785641
0.131054206	0.000529932	-0.000426974	0.000785893
0.131126058	0.000529935	0.001519931	0.000786168
0.13119791	0.000529937	0.002757434	0.000785716
0.131269763	0.00052994	0.001180627	0.000785582
0.131341601	0.000529942	0.00195456	0.000785422
0.131413453	0.000529945	0.000641438	0.00078597
0.131485305	0.000529947	-0.000742459	0.000785246
0.131557158	0.00052995	-0.001966317	0.000785081
0.13162901	0.000529952	-0.001585622	0.000785075
0.131700862	0.000529955	-0.001378202	0.000784615
0.131772714	0.000529958	-0.001499305	0.000785537
0.131844566	0.00052996	-0.001601604	0.000784944
0.131916418	0.000529963	-0.001600822	0.000784474
0.131988257	0.000529966	-0.001226909	0.000785364
0.132060109	0.000529968	0.000291769	0.000784826
0.132131961	0.000529971	-0.002844537	0.000784371
0.132203813	0.000529974	-0.003082415	0.0007841
0.132275666	0.000529977	-0.000747505	0.000784732
0.132347518	0.000529979	-0.001829133	0.000784525
0.13241937	0.000529982	-0.002713737	0.000784242
0.132491222	0.000529985	-0.003110482	0.000784352
0.13256306	0.000529988	-0.000889015	0.000784775
0.132634913	0.000529991	-0.000502718	0.000784812
0.132706765	0.000529994	-0.001317272	0.00078392
0.132778617	0.000529997	-0.001916089	0.000784533
0.132850469	0.00053	-0.000470009	0.000784604
0.132922321	0.000530003	-5.65163E-05	0.000784389
0.132994173	0.000530006	-0.001464404	0.000784154
0.133066026	0.000530009	-0.0001055	0.000784937
0.133137864	0.000530012	0.004515569	0.000784747
0.133209716	0.000530015	0.001749391	0.000784046
0.133281568	0.000530018	0.000628977	0.000784472
0.133353421	0.000530021	0.001565781	0.000784679
0.133425273	0.000530024	0.00103789	0.000784919
0.133497125	0.000530027	0.002133865	0.000785214
0.133568977	0.00053003	0.003260223	0.000784597
0.133640829	0.000530033	0.002781189	0.000784758
0.133712681	0.000530037	0.006212757	0.000785328
0.13378452	0.00053004	0.004651444	0.000784661
0.133856372	0.000530043	0.003536652	0.000784234
0.133928224	0.000530046	0.003766404	0.000784419
0.134000076	0.00053005	0.005163618	0.000784526
0.134071928	0.000530053	0.007136947	0.000784745
0.134143781	0.000530056	0.005914025	0.000784855
0.134215633	0.00053006	0.00606729	0.0007849
0.134287485	0.000530063	0.007629345	0.000785332
0.134359323	0.000530067	0.005813298	0.000784541
0.134431176	0.00053007	0.004940426	0.00078462
0.134503028	0.000530073	0.004409798	0.000784389
0.13457488	0.000530077	0.005811562	0.000784306
0.134646732	0.00053008	0.005293678	0.000784397
0.134718584	0.000530084	0.003153238	0.000783771
0.134790436	0.000530088	0.005024611	0.000784143
0.134862289	0.000530091	0.005827094	0.000784202
0.134934127	0.000530095	0.002854507	0.00078396
0.135005979	0.000530098	0.002710422	0.0007833
0.135077831	0.000530102	0.002794512	0.00078395
0.135149683	0.000530106	0.004028776	0.000783501
0.135221536	0.000530109	0.003194274	0.000783182
0.135293388	0.000530113	0.000536277	0.000784202
0.13536524	0.000530117	0.002102599	0.000783824
0.135437092	0.00053012	0.002124228	0.000783763
0.135508944	0.000530124	0.001704545	0.000783465
0.135580783	0.000530128	-0.001956181	0.000783015
0.135652635	0.000530132	0.001410449	0.000783229
0.135724487	0.000530136	0.001198347	0.000783175
0.135796339	0.000530139	0.000795601	0.000782774
0.135868191	0.000530143	-0.000637192	0.000782323
0.135940044	0.000530147	0.00026934	0.00078348
0.136011896	0.000530151	0.001398909	0.000782908
0.136083748	0.000530155	-0.000176162	0.000782266
0.136155586	0.000530159	-0.000453026	0.00078286
0.136227439	0.000530163	-0.000528895	0.000782721
0.136299291	0.000530167	0.000621387	0.000782323
0.136371143	0.000530171	0.001398909	0.000782908
0.136442995	0.000530175	0.001040167	0.000782854
0.136514847	0.000530179	0.003089387	0.000782826
0.136586699	0.000530183	0.002948184	0.000782868
0.136658551	0.000530187	0.002027048	0.000782092
0.13673039	0.000530191	0.002246001	0.000782655
0.136802242	0.000530196	0.001940278	0.0007821
0.136874094	0.0005302	0.003755973	0.000782313
0.136945946	0.000530204	0.004918034	0.000782003
0.137017799	0.000530208	0.004190794	0.000782273
